##TITLE= Parameter file, TopSpin 4.3.0
##JCAMPDX= 5.0
##DATATYPE= Parameter Values
##ORIGIN= Bruker BioSpin GmbH
##OWNER= nmrsu
$$ 2024-02-06 14:07:42.901 +0000  nmrsu@4CE1161FJM
$$ C:/Bruker/TopSpin4.3.0/exp/stan/nmr/lists/wave/user/multisupp_aux_d8
$$ process C:\Bruker\TopSpin4.3.0\prog\mod\xwinshape.exe
##MINX= 0.02343400
##MAXX= 99.99988800
##MINY= 0.29835700
##MAXY= 359.70164300
##$SHAPE_ADDPHASE= 0
##$SHAPE_AMP= 99.99988755
##$SHAPE_BWFAC= 0
##$SHAPE_BWFAC50= 0
##$SHAPE_CALCBW= yes
##$SHAPE_CALCINTEG= yes
##$SHAPE_EXMODE= <Excitation>
##$SHAPE_EXPAND= <>
##$SHAPE_EXPANDCF= (0..143)
0 0 0 0 0 0 0 0 0 0 0 0 0 0 0 0 0 0 0 0 0 0 0 0 0 0 0 0 0 0 0 0 0 0 0 0
0 0 0 0 0 0 0 0 0 0 0 0 0 0 0 0 0 0 0 0 0 0 0 0 0 0 0 0 0 0 0 0 0 0 0 0
0 0 0 0 0 0 0 0 0 0 0 0 0 0 0 0 0 0 0 0 0 0 0 0 0 0 0 0 0 0 0 0 0 0 0 0
0 0 0 0 0 0 0 0 0 0 0 0 0 0 0 0 0 0 0 0 0 0 0 0 0 0 0 0 0 0 0 0 0 0 0 0
##$SHAPE_EXPFAC= 0
##$SHAPE_FRACEND= 0
##$SHAPE_FRACORG= 0
##$SHAPE_FRACSTART= 0
##$SHAPE_INTEGFAC= 0
##$SHAPE_KEEPRES= yes
##$SHAPE_LENGTH= 25000.000373
##$SHAPE_MAN= <M>
##$SHAPE_MODE= 2
##$SHAPE_MODFREQ= 0
##$SHAPE_MODPHASE= 0
##$SHAPE_MODSCALE= 0
##$SHAPE_MODSW= 0
##$SHAPE_MODSWDIR= -1
##$SHAPE_NPOINTS= 1250
##$SHAPE_OFFS= <1 2>
##$SHAPE_OFFSCOEFF= (0..95)
51.383148 0 100 -217.1373 0 100 0 0 0 0 0 0 0 0 0 0 0 0 0 0 0 0 0 0 0 0
0 0 0 0 0 0 0 0 0 0 0 0 0 0 0 0 0 0 0 0 0 0 0 0 0 0 0 0 0 0 0 0 0 0 0 0
0 0 0 0 0 0 0 0 0 0 0 0 0 0 0 0 0 0 0 0 0 0 0 0 0 0 0 0 0 0 0 0 0 0
##$SHAPE_PARAMETER= <>
##$SHAPE_REPHFAC= 0
##$SHAPE_RES= 0
##$SHAPE_SCALEFAC= 1.00000112
##$SHAPE_SCALETYPE= 0
##$SHAPE_SPOAL= 0
##$SHAPE_SPOFFS= 0
##$SHAPE_SPOPH= 0
##$SHAPE_TOTROT= 90
##$SHAPE_TYPE= <Excitation>
##$SHAPE_USER_DEF= <>
##$SHAPE_VERSION= 2.1
##$SHL_ADDPHASE= (0..15)
0 0 0 0 0 0 0 0 0 0 0 0 0 0 0 0
##$SHL_ALIGNOFFSET= (0..15)
0 0 0 0 0 0 0 0 0 0 0 0 0 0 0 0
##$SHL_AMP= (0..15)
100 0 0 0 0 0 0 0 0 0 0 0 0 0 0 0
##$SHL_AMPFAC= (0..15)
0 0 0 0 0 0 0 0 0 0 0 0 0 0 0 0
##$SHL_BETA= (0..15)
0 0 0 0 0 0 0 0 0 0 0 0 0 0 0 0
##$SHL_BWFAC= (0..15)
1.116 0 0 0 0 0 0 0 0 0 0 0 0 0 0 0
##$SHL_CALCBW= (0..15)
yes yes yes yes yes yes yes yes yes yes yes yes yes yes yes yes
##$SHL_CALCINTEG= (0..15)
yes yes yes yes yes yes yes yes yes yes yes yes yes yes yes yes
##$SHL_CENTERAMP= (0..15)
0 0 0 0 0 0 0 0 0 0 0 0 0 0 0 0
##$SHL_CYCNUM= (0..15)
0 0 0 0 0 0 0 0 0 0 0 0 0 0 0 0
##$SHL_DIPOLCPL= (0..15)
0 0 0 0 0 0 0 0 0 0 0 0 0 0 0 0
##$SHL_ENDAMP= (0..15)
0 0 0 0 0 0 0 0 0 0 0 0 0 0 0 0
##$SHL_EXMODE= (0..15)
<Excitation> <> <> <> <> <> <> <> <> <> <> <> <> <> <> <>
##$SHL_EXPAND= (0..15)
<> <> <> <> <> <> <> <> <> <> <> <> <> <> <> <>
##$SHL_EXPANDCF0= (0..143)
0 0 0 0 0 0 0 0 0 0 0 0 0 0 0 0 0 0 0 0 0 0 0 0 0 0 0 0 0 0 0 0 0 0 0 0
0 0 0 0 0 0 0 0 0 0 0 0 0 0 0 0 0 0 0 0 0 0 0 0 0 0 0 0 0 0 0 0 0 0 0 0
0 0 0 0 0 0 0 0 0 0 0 0 0 0 0 0 0 0 0 0 0 0 0 0 0 0 0 0 0 0 0 0 0 0 0 0
0 0 0 0 0 0 0 0 0 0 0 0 0 0 0 0 0 0 0 0 0 0 0 0 0 0 0 0 0 0 0 0 0 0 0 0
##$SHL_EXPANDCF1= (0..143)
0 0 0 0 0 0 0 0 0 0 0 0 0 0 0 0 0 0 0 0 0 0 0 0 0 0 0 0 0 0 0 0 0 0 0 0
0 0 0 0 0 0 0 0 0 0 0 0 0 0 0 0 0 0 0 0 0 0 0 0 0 0 0 0 0 0 0 0 0 0 0 0
0 0 0 0 0 0 0 0 0 0 0 0 0 0 0 0 0 0 0 0 0 0 0 0 0 0 0 0 0 0 0 0 0 0 0 0
0 0 0 0 0 0 0 0 0 0 0 0 0 0 0 0 0 0 0 0 0 0 0 0 0 0 0 0 0 0 0 0 0 0 0 0
##$SHL_EXPANDCF10= (0..143)
0 0 0 0 0 0 0 0 0 0 0 0 0 0 0 0 0 0 0 0 0 0 0 0 0 0 0 0 0 0 0 0 0 0 0 0
0 0 0 0 0 0 0 0 0 0 0 0 0 0 0 0 0 0 0 0 0 0 0 0 0 0 0 0 0 0 0 0 0 0 0 0
0 0 0 0 0 0 0 0 0 0 0 0 0 0 0 0 0 0 0 0 0 0 0 0 0 0 0 0 0 0 0 0 0 0 0 0
0 0 0 0 0 0 0 0 0 0 0 0 0 0 0 0 0 0 0 0 0 0 0 0 0 0 0 0 0 0 0 0 0 0 0 0
##$SHL_EXPANDCF11= (0..143)
0 0 0 0 0 0 0 0 0 0 0 0 0 0 0 0 0 0 0 0 0 0 0 0 0 0 0 0 0 0 0 0 0 0 0 0
0 0 0 0 0 0 0 0 0 0 0 0 0 0 0 0 0 0 0 0 0 0 0 0 0 0 0 0 0 0 0 0 0 0 0 0
0 0 0 0 0 0 0 0 0 0 0 0 0 0 0 0 0 0 0 0 0 0 0 0 0 0 0 0 0 0 0 0 0 0 0 0
0 0 0 0 0 0 0 0 0 0 0 0 0 0 0 0 0 0 0 0 0 0 0 0 0 0 0 0 0 0 0 0 0 0 0 0
##$SHL_EXPANDCF12= (0..143)
0 0 0 0 0 0 0 0 0 0 0 0 0 0 0 0 0 0 0 0 0 0 0 0 0 0 0 0 0 0 0 0 0 0 0 0
0 0 0 0 0 0 0 0 0 0 0 0 0 0 0 0 0 0 0 0 0 0 0 0 0 0 0 0 0 0 0 0 0 0 0 0
0 0 0 0 0 0 0 0 0 0 0 0 0 0 0 0 0 0 0 0 0 0 0 0 0 0 0 0 0 0 0 0 0 0 0 0
0 0 0 0 0 0 0 0 0 0 0 0 0 0 0 0 0 0 0 0 0 0 0 0 0 0 0 0 0 0 0 0 0 0 0 0
##$SHL_EXPANDCF13= (0..143)
0 0 0 0 0 0 0 0 0 0 0 0 0 0 0 0 0 0 0 0 0 0 0 0 0 0 0 0 0 0 0 0 0 0 0 0
0 0 0 0 0 0 0 0 0 0 0 0 0 0 0 0 0 0 0 0 0 0 0 0 0 0 0 0 0 0 0 0 0 0 0 0
0 0 0 0 0 0 0 0 0 0 0 0 0 0 0 0 0 0 0 0 0 0 0 0 0 0 0 0 0 0 0 0 0 0 0 0
0 0 0 0 0 0 0 0 0 0 0 0 0 0 0 0 0 0 0 0 0 0 0 0 0 0 0 0 0 0 0 0 0 0 0 0
##$SHL_EXPANDCF14= (0..143)
0 0 0 0 0 0 0 0 0 0 0 0 0 0 0 0 0 0 0 0 0 0 0 0 0 0 0 0 0 0 0 0 0 0 0 0
0 0 0 0 0 0 0 0 0 0 0 0 0 0 0 0 0 0 0 0 0 0 0 0 0 0 0 0 0 0 0 0 0 0 0 0
0 0 0 0 0 0 0 0 0 0 0 0 0 0 0 0 0 0 0 0 0 0 0 0 0 0 0 0 0 0 0 0 0 0 0 0
0 0 0 0 0 0 0 0 0 0 0 0 0 0 0 0 0 0 0 0 0 0 0 0 0 0 0 0 0 0 0 0 0 0 0 0
##$SHL_EXPANDCF15= (0..143)
0 0 0 0 0 0 0 0 0 0 0 0 0 0 0 0 0 0 0 0 0 0 0 0 0 0 0 0 0 0 0 0 0 0 0 0
0 0 0 0 0 0 0 0 0 0 0 0 0 0 0 0 0 0 0 0 0 0 0 0 0 0 0 0 0 0 0 0 0 0 0 0
0 0 0 0 0 0 0 0 0 0 0 0 0 0 0 0 0 0 0 0 0 0 0 0 0 0 0 0 0 0 0 0 0 0 0 0
0 0 0 0 0 0 0 0 0 0 0 0 0 0 0 0 0 0 0 0 0 0 0 0 0 0 0 0 0 0 0 0 0 0 0 0
##$SHL_EXPANDCF2= (0..143)
0 0 0 0 0 0 0 0 0 0 0 0 0 0 0 0 0 0 0 0 0 0 0 0 0 0 0 0 0 0 0 0 0 0 0 0
0 0 0 0 0 0 0 0 0 0 0 0 0 0 0 0 0 0 0 0 0 0 0 0 0 0 0 0 0 0 0 0 0 0 0 0
0 0 0 0 0 0 0 0 0 0 0 0 0 0 0 0 0 0 0 0 0 0 0 0 0 0 0 0 0 0 0 0 0 0 0 0
0 0 0 0 0 0 0 0 0 0 0 0 0 0 0 0 0 0 0 0 0 0 0 0 0 0 0 0 0 0 0 0 0 0 0 0
##$SHL_EXPANDCF3= (0..143)
0 0 0 0 0 0 0 0 0 0 0 0 0 0 0 0 0 0 0 0 0 0 0 0 0 0 0 0 0 0 0 0 0 0 0 0
0 0 0 0 0 0 0 0 0 0 0 0 0 0 0 0 0 0 0 0 0 0 0 0 0 0 0 0 0 0 0 0 0 0 0 0
0 0 0 0 0 0 0 0 0 0 0 0 0 0 0 0 0 0 0 0 0 0 0 0 0 0 0 0 0 0 0 0 0 0 0 0
0 0 0 0 0 0 0 0 0 0 0 0 0 0 0 0 0 0 0 0 0 0 0 0 0 0 0 0 0 0 0 0 0 0 0 0
##$SHL_EXPANDCF4= (0..143)
0 0 0 0 0 0 0 0 0 0 0 0 0 0 0 0 0 0 0 0 0 0 0 0 0 0 0 0 0 0 0 0 0 0 0 0
0 0 0 0 0 0 0 0 0 0 0 0 0 0 0 0 0 0 0 0 0 0 0 0 0 0 0 0 0 0 0 0 0 0 0 0
0 0 0 0 0 0 0 0 0 0 0 0 0 0 0 0 0 0 0 0 0 0 0 0 0 0 0 0 0 0 0 0 0 0 0 0
0 0 0 0 0 0 0 0 0 0 0 0 0 0 0 0 0 0 0 0 0 0 0 0 0 0 0 0 0 0 0 0 0 0 0 0
##$SHL_EXPANDCF5= (0..143)
0 0 0 0 0 0 0 0 0 0 0 0 0 0 0 0 0 0 0 0 0 0 0 0 0 0 0 0 0 0 0 0 0 0 0 0
0 0 0 0 0 0 0 0 0 0 0 0 0 0 0 0 0 0 0 0 0 0 0 0 0 0 0 0 0 0 0 0 0 0 0 0
0 0 0 0 0 0 0 0 0 0 0 0 0 0 0 0 0 0 0 0 0 0 0 0 0 0 0 0 0 0 0 0 0 0 0 0
0 0 0 0 0 0 0 0 0 0 0 0 0 0 0 0 0 0 0 0 0 0 0 0 0 0 0 0 0 0 0 0 0 0 0 0
##$SHL_EXPANDCF6= (0..143)
0 0 0 0 0 0 0 0 0 0 0 0 0 0 0 0 0 0 0 0 0 0 0 0 0 0 0 0 0 0 0 0 0 0 0 0
0 0 0 0 0 0 0 0 0 0 0 0 0 0 0 0 0 0 0 0 0 0 0 0 0 0 0 0 0 0 0 0 0 0 0 0
0 0 0 0 0 0 0 0 0 0 0 0 0 0 0 0 0 0 0 0 0 0 0 0 0 0 0 0 0 0 0 0 0 0 0 0
0 0 0 0 0 0 0 0 0 0 0 0 0 0 0 0 0 0 0 0 0 0 0 0 0 0 0 0 0 0 0 0 0 0 0 0
##$SHL_EXPANDCF7= (0..143)
0 0 0 0 0 0 0 0 0 0 0 0 0 0 0 0 0 0 0 0 0 0 0 0 0 0 0 0 0 0 0 0 0 0 0 0
0 0 0 0 0 0 0 0 0 0 0 0 0 0 0 0 0 0 0 0 0 0 0 0 0 0 0 0 0 0 0 0 0 0 0 0
0 0 0 0 0 0 0 0 0 0 0 0 0 0 0 0 0 0 0 0 0 0 0 0 0 0 0 0 0 0 0 0 0 0 0 0
0 0 0 0 0 0 0 0 0 0 0 0 0 0 0 0 0 0 0 0 0 0 0 0 0 0 0 0 0 0 0 0 0 0 0 0
##$SHL_EXPANDCF8= (0..143)
0 0 0 0 0 0 0 0 0 0 0 0 0 0 0 0 0 0 0 0 0 0 0 0 0 0 0 0 0 0 0 0 0 0 0 0
0 0 0 0 0 0 0 0 0 0 0 0 0 0 0 0 0 0 0 0 0 0 0 0 0 0 0 0 0 0 0 0 0 0 0 0
0 0 0 0 0 0 0 0 0 0 0 0 0 0 0 0 0 0 0 0 0 0 0 0 0 0 0 0 0 0 0 0 0 0 0 0
0 0 0 0 0 0 0 0 0 0 0 0 0 0 0 0 0 0 0 0 0 0 0 0 0 0 0 0 0 0 0 0 0 0 0 0
##$SHL_EXPANDCF9= (0..143)
0 0 0 0 0 0 0 0 0 0 0 0 0 0 0 0 0 0 0 0 0 0 0 0 0 0 0 0 0 0 0 0 0 0 0 0
0 0 0 0 0 0 0 0 0 0 0 0 0 0 0 0 0 0 0 0 0 0 0 0 0 0 0 0 0 0 0 0 0 0 0 0
0 0 0 0 0 0 0 0 0 0 0 0 0 0 0 0 0 0 0 0 0 0 0 0 0 0 0 0 0 0 0 0 0 0 0 0
0 0 0 0 0 0 0 0 0 0 0 0 0 0 0 0 0 0 0 0 0 0 0 0 0 0 0 0 0 0 0 0 0 0 0 0
##$SHL_EXPFAC= (0..15)
0 0 0 0 0 0 0 0 0 0 0 0 0 0 0 0
##$SHL_FRACEND= (0..15)
0 0 0 0 0 0 0 0 0 0 0 0 0 0 0 0
##$SHL_FRACORG= (0..15)
0 0 0 0 0 0 0 0 0 0 0 0 0 0 0 0
##$SHL_FRACSTART= (0..15)
0 0 0 0 0 0 0 0 0 0 0 0 0 0 0 0
##$SHL_FULLHALF= (0..15)
0 0 0 0 0 0 0 0 0 0 0 0 0 0 0 0
##$SHL_FUNCAMP= (0..15)
100 0 0 0 0 0 0 0 0 0 0 0 0 0 0 0
##$SHL_FUNCTION= (0..15)
<Rectangle> <> <> <> <> <> <> <> <> <> <> <> <> <> <> <>
##$SHL_GCO= (0..15)
<> <> <> <> <> <> <> <> <> <> <> <> <> <> <> <>
##$SHL_GCOCOEFFS0= (0..59)
0 0 0 0 0 0 0 0 0 0 0 0 0 0 0 0 0 0 0 0 0 0 0 0 0 0 0 0 0 0 0 0 0 0 0 0
0 0 0 0 0 0 0 0 0 0 0 0 0 0 0 0 0 0 0 0 0 0 0 0
##$SHL_GCOCOEFFS1= (0..59)
0 0 0 0 0 0 0 0 0 0 0 0 0 0 0 0 0 0 0 0 0 0 0 0 0 0 0 0 0 0 0 0 0 0 0 0
0 0 0 0 0 0 0 0 0 0 0 0 0 0 0 0 0 0 0 0 0 0 0 0
##$SHL_GCOCOEFFS10= (0..59)
0 0 0 0 0 0 0 0 0 0 0 0 0 0 0 0 0 0 0 0 0 0 0 0 0 0 0 0 0 0 0 0 0 0 0 0
0 0 0 0 0 0 0 0 0 0 0 0 0 0 0 0 0 0 0 0 0 0 0 0
##$SHL_GCOCOEFFS11= (0..59)
0 0 0 0 0 0 0 0 0 0 0 0 0 0 0 0 0 0 0 0 0 0 0 0 0 0 0 0 0 0 0 0 0 0 0 0
0 0 0 0 0 0 0 0 0 0 0 0 0 0 0 0 0 0 0 0 0 0 0 0
##$SHL_GCOCOEFFS12= (0..59)
0 0 0 0 0 0 0 0 0 0 0 0 0 0 0 0 0 0 0 0 0 0 0 0 0 0 0 0 0 0 0 0 0 0 0 0
0 0 0 0 0 0 0 0 0 0 0 0 0 0 0 0 0 0 0 0 0 0 0 0
##$SHL_GCOCOEFFS13= (0..59)
0 0 0 0 0 0 0 0 0 0 0 0 0 0 0 0 0 0 0 0 0 0 0 0 0 0 0 0 0 0 0 0 0 0 0 0
0 0 0 0 0 0 0 0 0 0 0 0 0 0 0 0 0 0 0 0 0 0 0 0
##$SHL_GCOCOEFFS14= (0..59)
0 0 0 0 0 0 0 0 0 0 0 0 0 0 0 0 0 0 0 0 0 0 0 0 0 0 0 0 0 0 0 0 0 0 0 0
0 0 0 0 0 0 0 0 0 0 0 0 0 0 0 0 0 0 0 0 0 0 0 0
##$SHL_GCOCOEFFS15= (0..59)
0 0 0 0 0 0 0 0 0 0 0 0 0 0 0 0 0 0 0 0 0 0 0 0 0 0 0 0 0 0 0 0 0 0 0 0
0 0 0 0 0 0 0 0 0 0 0 0 0 0 0 0 0 0 0 0 0 0 0 0
##$SHL_GCOCOEFFS2= (0..59)
0 0 0 0 0 0 0 0 0 0 0 0 0 0 0 0 0 0 0 0 0 0 0 0 0 0 0 0 0 0 0 0 0 0 0 0
0 0 0 0 0 0 0 0 0 0 0 0 0 0 0 0 0 0 0 0 0 0 0 0
##$SHL_GCOCOEFFS3= (0..59)
0 0 0 0 0 0 0 0 0 0 0 0 0 0 0 0 0 0 0 0 0 0 0 0 0 0 0 0 0 0 0 0 0 0 0 0
0 0 0 0 0 0 0 0 0 0 0 0 0 0 0 0 0 0 0 0 0 0 0 0
##$SHL_GCOCOEFFS4= (0..59)
0 0 0 0 0 0 0 0 0 0 0 0 0 0 0 0 0 0 0 0 0 0 0 0 0 0 0 0 0 0 0 0 0 0 0 0
0 0 0 0 0 0 0 0 0 0 0 0 0 0 0 0 0 0 0 0 0 0 0 0
##$SHL_GCOCOEFFS5= (0..59)
0 0 0 0 0 0 0 0 0 0 0 0 0 0 0 0 0 0 0 0 0 0 0 0 0 0 0 0 0 0 0 0 0 0 0 0
0 0 0 0 0 0 0 0 0 0 0 0 0 0 0 0 0 0 0 0 0 0 0 0
##$SHL_GCOCOEFFS6= (0..59)
0 0 0 0 0 0 0 0 0 0 0 0 0 0 0 0 0 0 0 0 0 0 0 0 0 0 0 0 0 0 0 0 0 0 0 0
0 0 0 0 0 0 0 0 0 0 0 0 0 0 0 0 0 0 0 0 0 0 0 0
##$SHL_GCOCOEFFS7= (0..59)
0 0 0 0 0 0 0 0 0 0 0 0 0 0 0 0 0 0 0 0 0 0 0 0 0 0 0 0 0 0 0 0 0 0 0 0
0 0 0 0 0 0 0 0 0 0 0 0 0 0 0 0 0 0 0 0 0 0 0 0
##$SHL_GCOCOEFFS8= (0..59)
0 0 0 0 0 0 0 0 0 0 0 0 0 0 0 0 0 0 0 0 0 0 0 0 0 0 0 0 0 0 0 0 0 0 0 0
0 0 0 0 0 0 0 0 0 0 0 0 0 0 0 0 0 0 0 0 0 0 0 0
##$SHL_GCOCOEFFS9= (0..59)
0 0 0 0 0 0 0 0 0 0 0 0 0 0 0 0 0 0 0 0 0 0 0 0 0 0 0 0 0 0 0 0 0 0 0 0
0 0 0 0 0 0 0 0 0 0 0 0 0 0 0 0 0 0 0 0 0 0 0 0
##$SHL_INTEGFAC= (0..15)
1 0 0 0 0 0 0 0 0 0 0 0 0 0 0 0
##$SHL_LB= (0..15)
0 0 0 0 0 0 0 0 0 0 0 0 0 0 0 0
##$SHL_LEFTLIMIT= (0..15)
0 0 0 0 0 0 0 0 0 0 0 0 0 0 0 0
##$SHL_LENGTH= (0..15)
25000.000373 0 0 0 0 0 0 0 0 0 0 0 0 0 0 0
##$SHL_MAN= (0..15)
<> <> <> <> <> <> <> <> <> <> <> <> <> <> <> <>
##$SHL_MEANAMP= (0..15)
0 0 0 0 0 0 0 0 0 0 0 0 0 0 0 0
##$SHL_MODAMP= (0..15)
0 0 0 0 0 0 0 0 0 0 0 0 0 0 0 0
##$SHL_MODE= (0..15)
0 0 0 0 0 0 0 0 0 0 0 0 0 0 0 0
##$SHL_MODFREQ= (0..15)
0 0 0 0 0 0 0 0 0 0 0 0 0 0 0 0
##$SHL_MODPHASE= (0..15)
0 0 0 0 0 0 0 0 0 0 0 0 0 0 0 0
##$SHL_MODSCALE= (0..15)
0 0 0 0 0 0 0 0 0 0 0 0 0 0 0 0
##$SHL_MODSW= (0..15)
0 0 0 0 0 0 0 0 0 0 0 0 0 0 0 0
##$SHL_MODSWDIR= (0..15)
-1 -1 -1 -1 -1 -1 -1 -1 -1 -1 -1 -1 -1 -1 -1 -1
##$SHL_MU= (0..15)
0 0 0 0 0 0 0 0 0 0 0 0 0 0 0 0
##$SHL_NPOINTS= (0..15)
1250 0 0 0 0 0 0 0 0 0 0 0 0 0 0 0
##$SHL_OFFS= (0..15)
<> <> <> <> <> <> <> <> <> <> <> <> <> <> <> <>
##$SHL_OFFSCOEFF0= (0..95)
0 0 0 0 0 0 0 0 0 0 0 0 0 0 0 0 0 0 0 0 0 0 0 0 0 0 0 0 0 0 0 0 0 0 0 0
0 0 0 0 0 0 0 0 0 0 0 0 0 0 0 0 0 0 0 0 0 0 0 0 0 0 0 0 0 0 0 0 0 0 0 0
0 0 0 0 0 0 0 0 0 0 0 0 0 0 0 0 0 0 0 0 0 0 0 0
##$SHL_OFFSCOEFF1= (0..95)
0 0 0 0 0 0 0 0 0 0 0 0 0 0 0 0 0 0 0 0 0 0 0 0 0 0 0 0 0 0 0 0 0 0 0 0
0 0 0 0 0 0 0 0 0 0 0 0 0 0 0 0 0 0 0 0 0 0 0 0 0 0 0 0 0 0 0 0 0 0 0 0
0 0 0 0 0 0 0 0 0 0 0 0 0 0 0 0 0 0 0 0 0 0 0 0
##$SHL_OFFSCOEFF10= (0..95)
0 0 0 0 0 0 0 0 0 0 0 0 0 0 0 0 0 0 0 0 0 0 0 0 0 0 0 0 0 0 0 0 0 0 0 0
0 0 0 0 0 0 0 0 0 0 0 0 0 0 0 0 0 0 0 0 0 0 0 0 0 0 0 0 0 0 0 0 0 0 0 0
0 0 0 0 0 0 0 0 0 0 0 0 0 0 0 0 0 0 0 0 0 0 0 0
##$SHL_OFFSCOEFF11= (0..95)
0 0 0 0 0 0 0 0 0 0 0 0 0 0 0 0 0 0 0 0 0 0 0 0 0 0 0 0 0 0 0 0 0 0 0 0
0 0 0 0 0 0 0 0 0 0 0 0 0 0 0 0 0 0 0 0 0 0 0 0 0 0 0 0 0 0 0 0 0 0 0 0
0 0 0 0 0 0 0 0 0 0 0 0 0 0 0 0 0 0 0 0 0 0 0 0
##$SHL_OFFSCOEFF12= (0..95)
0 0 0 0 0 0 0 0 0 0 0 0 0 0 0 0 0 0 0 0 0 0 0 0 0 0 0 0 0 0 0 0 0 0 0 0
0 0 0 0 0 0 0 0 0 0 0 0 0 0 0 0 0 0 0 0 0 0 0 0 0 0 0 0 0 0 0 0 0 0 0 0
0 0 0 0 0 0 0 0 0 0 0 0 0 0 0 0 0 0 0 0 0 0 0 0
##$SHL_OFFSCOEFF13= (0..95)
0 0 0 0 0 0 0 0 0 0 0 0 0 0 0 0 0 0 0 0 0 0 0 0 0 0 0 0 0 0 0 0 0 0 0 0
0 0 0 0 0 0 0 0 0 0 0 0 0 0 0 0 0 0 0 0 0 0 0 0 0 0 0 0 0 0 0 0 0 0 0 0
0 0 0 0 0 0 0 0 0 0 0 0 0 0 0 0 0 0 0 0 0 0 0 0
##$SHL_OFFSCOEFF14= (0..95)
0 0 0 0 0 0 0 0 0 0 0 0 0 0 0 0 0 0 0 0 0 0 0 0 0 0 0 0 0 0 0 0 0 0 0 0
0 0 0 0 0 0 0 0 0 0 0 0 0 0 0 0 0 0 0 0 0 0 0 0 0 0 0 0 0 0 0 0 0 0 0 0
0 0 0 0 0 0 0 0 0 0 0 0 0 0 0 0 0 0 0 0 0 0 0 0
##$SHL_OFFSCOEFF15= (0..95)
0 0 0 0 0 0 0 0 0 0 0 0 0 0 0 0 0 0 0 0 0 0 0 0 0 0 0 0 0 0 0 0 0 0 0 0
0 0 0 0 0 0 0 0 0 0 0 0 0 0 0 0 0 0 0 0 0 0 0 0 0 0 0 0 0 0 0 0 0 0 0 0
0 0 0 0 0 0 0 0 0 0 0 0 0 0 0 0 0 0 0 0 0 0 0 0
##$SHL_OFFSCOEFF2= (0..95)
0 0 0 0 0 0 0 0 0 0 0 0 0 0 0 0 0 0 0 0 0 0 0 0 0 0 0 0 0 0 0 0 0 0 0 0
0 0 0 0 0 0 0 0 0 0 0 0 0 0 0 0 0 0 0 0 0 0 0 0 0 0 0 0 0 0 0 0 0 0 0 0
0 0 0 0 0 0 0 0 0 0 0 0 0 0 0 0 0 0 0 0 0 0 0 0
##$SHL_OFFSCOEFF3= (0..95)
0 0 0 0 0 0 0 0 0 0 0 0 0 0 0 0 0 0 0 0 0 0 0 0 0 0 0 0 0 0 0 0 0 0 0 0
0 0 0 0 0 0 0 0 0 0 0 0 0 0 0 0 0 0 0 0 0 0 0 0 0 0 0 0 0 0 0 0 0 0 0 0
0 0 0 0 0 0 0 0 0 0 0 0 0 0 0 0 0 0 0 0 0 0 0 0
##$SHL_OFFSCOEFF4= (0..95)
0 0 0 0 0 0 0 0 0 0 0 0 0 0 0 0 0 0 0 0 0 0 0 0 0 0 0 0 0 0 0 0 0 0 0 0
0 0 0 0 0 0 0 0 0 0 0 0 0 0 0 0 0 0 0 0 0 0 0 0 0 0 0 0 0 0 0 0 0 0 0 0
0 0 0 0 0 0 0 0 0 0 0 0 0 0 0 0 0 0 0 0 0 0 0 0
##$SHL_OFFSCOEFF5= (0..95)
0 0 0 0 0 0 0 0 0 0 0 0 0 0 0 0 0 0 0 0 0 0 0 0 0 0 0 0 0 0 0 0 0 0 0 0
0 0 0 0 0 0 0 0 0 0 0 0 0 0 0 0 0 0 0 0 0 0 0 0 0 0 0 0 0 0 0 0 0 0 0 0
0 0 0 0 0 0 0 0 0 0 0 0 0 0 0 0 0 0 0 0 0 0 0 0
##$SHL_OFFSCOEFF6= (0..95)
0 0 0 0 0 0 0 0 0 0 0 0 0 0 0 0 0 0 0 0 0 0 0 0 0 0 0 0 0 0 0 0 0 0 0 0
0 0 0 0 0 0 0 0 0 0 0 0 0 0 0 0 0 0 0 0 0 0 0 0 0 0 0 0 0 0 0 0 0 0 0 0
0 0 0 0 0 0 0 0 0 0 0 0 0 0 0 0 0 0 0 0 0 0 0 0
##$SHL_OFFSCOEFF7= (0..95)
0 0 0 0 0 0 0 0 0 0 0 0 0 0 0 0 0 0 0 0 0 0 0 0 0 0 0 0 0 0 0 0 0 0 0 0
0 0 0 0 0 0 0 0 0 0 0 0 0 0 0 0 0 0 0 0 0 0 0 0 0 0 0 0 0 0 0 0 0 0 0 0
0 0 0 0 0 0 0 0 0 0 0 0 0 0 0 0 0 0 0 0 0 0 0 0
##$SHL_OFFSCOEFF8= (0..95)
0 0 0 0 0 0 0 0 0 0 0 0 0 0 0 0 0 0 0 0 0 0 0 0 0 0 0 0 0 0 0 0 0 0 0 0
0 0 0 0 0 0 0 0 0 0 0 0 0 0 0 0 0 0 0 0 0 0 0 0 0 0 0 0 0 0 0 0 0 0 0 0
0 0 0 0 0 0 0 0 0 0 0 0 0 0 0 0 0 0 0 0 0 0 0 0
##$SHL_OFFSCOEFF9= (0..95)
0 0 0 0 0 0 0 0 0 0 0 0 0 0 0 0 0 0 0 0 0 0 0 0 0 0 0 0 0 0 0 0 0 0 0 0
0 0 0 0 0 0 0 0 0 0 0 0 0 0 0 0 0 0 0 0 0 0 0 0 0 0 0 0 0 0 0 0 0 0 0 0
0 0 0 0 0 0 0 0 0 0 0 0 0 0 0 0 0 0 0 0 0 0 0 0
##$SHL_PHASE= (0..15)
0 0 0 0 0 0 0 0 0 0 0 0 0 0 0 0
##$SHL_PHASEFAC= (0..15)
0 0 0 0 0 0 0 0 0 0 0 0 0 0 0 0
##$SHL_POWERINDEX= (0..15)
0 0 0 0 0 0 0 0 0 0 0 0 0 0 0 0
##$SHL_QUADCOEFF= (0..15)
0 0 0 0 0 0 0 0 0 0 0 0 0 0 0 0
##$SHL_RIGHTLIMIT= (0..15)
0 0 0 0 0 0 0 0 0 0 0 0 0 0 0 0
##$SHL_SCALEFACTOR= (0..15)
1 1 1 1 1 1 1 1 1 1 1 1 1 1 1 1
##$SHL_SF= (0..15)
<> <> <> <> <> <> <> <> <> <> <> <> <> <> <> <>
##$SHL_SFCOEFFS0= (0..200)
0 0 0 0 0 0 0 0 0 0 0 0 0 0 0 0 0 0 0 0 0 0 0 0 0 0 0 0 0 0 0 0 0 0 0 0
0 0 0 0 0 0 0 0 0 0 0 0 0 0 0 0 0 0 0 0 0 0 0 0 0 0 0 0 0 0 0 0 0 0 0 0
0 0 0 0 0 0 0 0 0 0 0 0 0 0 0 0 0 0 0 0 0 0 0 0 0 0 0 0 0 0 0 0 0 0 0 0
0 0 0 0 0 0 0 0 0 0 0 0 0 0 0 0 0 0 0 0 0 0 0 0 0 0 0 0 0 0 0 0 0 0 0 0
0 0 0 0 0 0 0 0 0 0 0 0 0 0 0 0 0 0 0 0 0 0 0 0 0 0 0 0 0 0 0 0 0 0 0 0
0 0 0 0 0 0 0 0 0 0 0 0 0 0 0 0 0 0 0 0 0
##$SHL_SFCOEFFS1= (0..200)
0 0 0 0 0 0 0 0 0 0 0 0 0 0 0 0 0 0 0 0 0 0 0 0 0 0 0 0 0 0 0 0 0 0 0 0
0 0 0 0 0 0 0 0 0 0 0 0 0 0 0 0 0 0 0 0 0 0 0 0 0 0 0 0 0 0 0 0 0 0 0 0
0 0 0 0 0 0 0 0 0 0 0 0 0 0 0 0 0 0 0 0 0 0 0 0 0 0 0 0 0 0 0 0 0 0 0 0
0 0 0 0 0 0 0 0 0 0 0 0 0 0 0 0 0 0 0 0 0 0 0 0 0 0 0 0 0 0 0 0 0 0 0 0
0 0 0 0 0 0 0 0 0 0 0 0 0 0 0 0 0 0 0 0 0 0 0 0 0 0 0 0 0 0 0 0 0 0 0 0
0 0 0 0 0 0 0 0 0 0 0 0 0 0 0 0 0 0 0 0 0
##$SHL_SFCOEFFS10= (0..200)
0 0 0 0 0 0 0 0 0 0 0 0 0 0 0 0 0 0 0 0 0 0 0 0 0 0 0 0 0 0 0 0 0 0 0 0
0 0 0 0 0 0 0 0 0 0 0 0 0 0 0 0 0 0 0 0 0 0 0 0 0 0 0 0 0 0 0 0 0 0 0 0
0 0 0 0 0 0 0 0 0 0 0 0 0 0 0 0 0 0 0 0 0 0 0 0 0 0 0 0 0 0 0 0 0 0 0 0
0 0 0 0 0 0 0 0 0 0 0 0 0 0 0 0 0 0 0 0 0 0 0 0 0 0 0 0 0 0 0 0 0 0 0 0
0 0 0 0 0 0 0 0 0 0 0 0 0 0 0 0 0 0 0 0 0 0 0 0 0 0 0 0 0 0 0 0 0 0 0 0
0 0 0 0 0 0 0 0 0 0 0 0 0 0 0 0 0 0 0 0 0
##$SHL_SFCOEFFS11= (0..200)
0 0 0 0 0 0 0 0 0 0 0 0 0 0 0 0 0 0 0 0 0 0 0 0 0 0 0 0 0 0 0 0 0 0 0 0
0 0 0 0 0 0 0 0 0 0 0 0 0 0 0 0 0 0 0 0 0 0 0 0 0 0 0 0 0 0 0 0 0 0 0 0
0 0 0 0 0 0 0 0 0 0 0 0 0 0 0 0 0 0 0 0 0 0 0 0 0 0 0 0 0 0 0 0 0 0 0 0
0 0 0 0 0 0 0 0 0 0 0 0 0 0 0 0 0 0 0 0 0 0 0 0 0 0 0 0 0 0 0 0 0 0 0 0
0 0 0 0 0 0 0 0 0 0 0 0 0 0 0 0 0 0 0 0 0 0 0 0 0 0 0 0 0 0 0 0 0 0 0 0
0 0 0 0 0 0 0 0 0 0 0 0 0 0 0 0 0 0 0 0 0
##$SHL_SFCOEFFS12= (0..200)
0 0 0 0 0 0 0 0 0 0 0 0 0 0 0 0 0 0 0 0 0 0 0 0 0 0 0 0 0 0 0 0 0 0 0 0
0 0 0 0 0 0 0 0 0 0 0 0 0 0 0 0 0 0 0 0 0 0 0 0 0 0 0 0 0 0 0 0 0 0 0 0
0 0 0 0 0 0 0 0 0 0 0 0 0 0 0 0 0 0 0 0 0 0 0 0 0 0 0 0 0 0 0 0 0 0 0 0
0 0 0 0 0 0 0 0 0 0 0 0 0 0 0 0 0 0 0 0 0 0 0 0 0 0 0 0 0 0 0 0 0 0 0 0
0 0 0 0 0 0 0 0 0 0 0 0 0 0 0 0 0 0 0 0 0 0 0 0 0 0 0 0 0 0 0 0 0 0 0 0
0 0 0 0 0 0 0 0 0 0 0 0 0 0 0 0 0 0 0 0 0
##$SHL_SFCOEFFS13= (0..200)
0 0 0 0 0 0 0 0 0 0 0 0 0 0 0 0 0 0 0 0 0 0 0 0 0 0 0 0 0 0 0 0 0 0 0 0
0 0 0 0 0 0 0 0 0 0 0 0 0 0 0 0 0 0 0 0 0 0 0 0 0 0 0 0 0 0 0 0 0 0 0 0
0 0 0 0 0 0 0 0 0 0 0 0 0 0 0 0 0 0 0 0 0 0 0 0 0 0 0 0 0 0 0 0 0 0 0 0
0 0 0 0 0 0 0 0 0 0 0 0 0 0 0 0 0 0 0 0 0 0 0 0 0 0 0 0 0 0 0 0 0 0 0 0
0 0 0 0 0 0 0 0 0 0 0 0 0 0 0 0 0 0 0 0 0 0 0 0 0 0 0 0 0 0 0 0 0 0 0 0
0 0 0 0 0 0 0 0 0 0 0 0 0 0 0 0 0 0 0 0 0
##$SHL_SFCOEFFS14= (0..200)
0 0 0 0 0 0 0 0 0 0 0 0 0 0 0 0 0 0 0 0 0 0 0 0 0 0 0 0 0 0 0 0 0 0 0 0
0 0 0 0 0 0 0 0 0 0 0 0 0 0 0 0 0 0 0 0 0 0 0 0 0 0 0 0 0 0 0 0 0 0 0 0
0 0 0 0 0 0 0 0 0 0 0 0 0 0 0 0 0 0 0 0 0 0 0 0 0 0 0 0 0 0 0 0 0 0 0 0
0 0 0 0 0 0 0 0 0 0 0 0 0 0 0 0 0 0 0 0 0 0 0 0 0 0 0 0 0 0 0 0 0 0 0 0
0 0 0 0 0 0 0 0 0 0 0 0 0 0 0 0 0 0 0 0 0 0 0 0 0 0 0 0 0 0 0 0 0 0 0 0
0 0 0 0 0 0 0 0 0 0 0 0 0 0 0 0 0 0 0 0 0
##$SHL_SFCOEFFS15= (0..200)
0 0 0 0 0 0 0 0 0 0 0 0 0 0 0 0 0 0 0 0 0 0 0 0 0 0 0 0 0 0 0 0 0 0 0 0
0 0 0 0 0 0 0 0 0 0 0 0 0 0 0 0 0 0 0 0 0 0 0 0 0 0 0 0 0 0 0 0 0 0 0 0
0 0 0 0 0 0 0 0 0 0 0 0 0 0 0 0 0 0 0 0 0 0 0 0 0 0 0 0 0 0 0 0 0 0 0 0
0 0 0 0 0 0 0 0 0 0 0 0 0 0 0 0 0 0 0 0 0 0 0 0 0 0 0 0 0 0 0 0 0 0 0 0
0 0 0 0 0 0 0 0 0 0 0 0 0 0 0 0 0 0 0 0 0 0 0 0 0 0 0 0 0 0 0 0 0 0 0 0
0 0 0 0 0 0 0 0 0 0 0 0 0 0 0 0 0 0 0 0 0
##$SHL_SFCOEFFS2= (0..200)
0 0 0 0 0 0 0 0 0 0 0 0 0 0 0 0 0 0 0 0 0 0 0 0 0 0 0 0 0 0 0 0 0 0 0 0
0 0 0 0 0 0 0 0 0 0 0 0 0 0 0 0 0 0 0 0 0 0 0 0 0 0 0 0 0 0 0 0 0 0 0 0
0 0 0 0 0 0 0 0 0 0 0 0 0 0 0 0 0 0 0 0 0 0 0 0 0 0 0 0 0 0 0 0 0 0 0 0
0 0 0 0 0 0 0 0 0 0 0 0 0 0 0 0 0 0 0 0 0 0 0 0 0 0 0 0 0 0 0 0 0 0 0 0
0 0 0 0 0 0 0 0 0 0 0 0 0 0 0 0 0 0 0 0 0 0 0 0 0 0 0 0 0 0 0 0 0 0 0 0
0 0 0 0 0 0 0 0 0 0 0 0 0 0 0 0 0 0 0 0 0
##$SHL_SFCOEFFS3= (0..200)
0 0 0 0 0 0 0 0 0 0 0 0 0 0 0 0 0 0 0 0 0 0 0 0 0 0 0 0 0 0 0 0 0 0 0 0
0 0 0 0 0 0 0 0 0 0 0 0 0 0 0 0 0 0 0 0 0 0 0 0 0 0 0 0 0 0 0 0 0 0 0 0
0 0 0 0 0 0 0 0 0 0 0 0 0 0 0 0 0 0 0 0 0 0 0 0 0 0 0 0 0 0 0 0 0 0 0 0
0 0 0 0 0 0 0 0 0 0 0 0 0 0 0 0 0 0 0 0 0 0 0 0 0 0 0 0 0 0 0 0 0 0 0 0
0 0 0 0 0 0 0 0 0 0 0 0 0 0 0 0 0 0 0 0 0 0 0 0 0 0 0 0 0 0 0 0 0 0 0 0
0 0 0 0 0 0 0 0 0 0 0 0 0 0 0 0 0 0 0 0 0
##$SHL_SFCOEFFS4= (0..200)
0 0 0 0 0 0 0 0 0 0 0 0 0 0 0 0 0 0 0 0 0 0 0 0 0 0 0 0 0 0 0 0 0 0 0 0
0 0 0 0 0 0 0 0 0 0 0 0 0 0 0 0 0 0 0 0 0 0 0 0 0 0 0 0 0 0 0 0 0 0 0 0
0 0 0 0 0 0 0 0 0 0 0 0 0 0 0 0 0 0 0 0 0 0 0 0 0 0 0 0 0 0 0 0 0 0 0 0
0 0 0 0 0 0 0 0 0 0 0 0 0 0 0 0 0 0 0 0 0 0 0 0 0 0 0 0 0 0 0 0 0 0 0 0
0 0 0 0 0 0 0 0 0 0 0 0 0 0 0 0 0 0 0 0 0 0 0 0 0 0 0 0 0 0 0 0 0 0 0 0
0 0 0 0 0 0 0 0 0 0 0 0 0 0 0 0 0 0 0 0 0
##$SHL_SFCOEFFS5= (0..200)
0 0 0 0 0 0 0 0 0 0 0 0 0 0 0 0 0 0 0 0 0 0 0 0 0 0 0 0 0 0 0 0 0 0 0 0
0 0 0 0 0 0 0 0 0 0 0 0 0 0 0 0 0 0 0 0 0 0 0 0 0 0 0 0 0 0 0 0 0 0 0 0
0 0 0 0 0 0 0 0 0 0 0 0 0 0 0 0 0 0 0 0 0 0 0 0 0 0 0 0 0 0 0 0 0 0 0 0
0 0 0 0 0 0 0 0 0 0 0 0 0 0 0 0 0 0 0 0 0 0 0 0 0 0 0 0 0 0 0 0 0 0 0 0
0 0 0 0 0 0 0 0 0 0 0 0 0 0 0 0 0 0 0 0 0 0 0 0 0 0 0 0 0 0 0 0 0 0 0 0
0 0 0 0 0 0 0 0 0 0 0 0 0 0 0 0 0 0 0 0 0
##$SHL_SFCOEFFS6= (0..200)
0 0 0 0 0 0 0 0 0 0 0 0 0 0 0 0 0 0 0 0 0 0 0 0 0 0 0 0 0 0 0 0 0 0 0 0
0 0 0 0 0 0 0 0 0 0 0 0 0 0 0 0 0 0 0 0 0 0 0 0 0 0 0 0 0 0 0 0 0 0 0 0
0 0 0 0 0 0 0 0 0 0 0 0 0 0 0 0 0 0 0 0 0 0 0 0 0 0 0 0 0 0 0 0 0 0 0 0
0 0 0 0 0 0 0 0 0 0 0 0 0 0 0 0 0 0 0 0 0 0 0 0 0 0 0 0 0 0 0 0 0 0 0 0
0 0 0 0 0 0 0 0 0 0 0 0 0 0 0 0 0 0 0 0 0 0 0 0 0 0 0 0 0 0 0 0 0 0 0 0
0 0 0 0 0 0 0 0 0 0 0 0 0 0 0 0 0 0 0 0 0
##$SHL_SFCOEFFS7= (0..200)
0 0 0 0 0 0 0 0 0 0 0 0 0 0 0 0 0 0 0 0 0 0 0 0 0 0 0 0 0 0 0 0 0 0 0 0
0 0 0 0 0 0 0 0 0 0 0 0 0 0 0 0 0 0 0 0 0 0 0 0 0 0 0 0 0 0 0 0 0 0 0 0
0 0 0 0 0 0 0 0 0 0 0 0 0 0 0 0 0 0 0 0 0 0 0 0 0 0 0 0 0 0 0 0 0 0 0 0
0 0 0 0 0 0 0 0 0 0 0 0 0 0 0 0 0 0 0 0 0 0 0 0 0 0 0 0 0 0 0 0 0 0 0 0
0 0 0 0 0 0 0 0 0 0 0 0 0 0 0 0 0 0 0 0 0 0 0 0 0 0 0 0 0 0 0 0 0 0 0 0
0 0 0 0 0 0 0 0 0 0 0 0 0 0 0 0 0 0 0 0 0
##$SHL_SFCOEFFS8= (0..200)
0 0 0 0 0 0 0 0 0 0 0 0 0 0 0 0 0 0 0 0 0 0 0 0 0 0 0 0 0 0 0 0 0 0 0 0
0 0 0 0 0 0 0 0 0 0 0 0 0 0 0 0 0 0 0 0 0 0 0 0 0 0 0 0 0 0 0 0 0 0 0 0
0 0 0 0 0 0 0 0 0 0 0 0 0 0 0 0 0 0 0 0 0 0 0 0 0 0 0 0 0 0 0 0 0 0 0 0
0 0 0 0 0 0 0 0 0 0 0 0 0 0 0 0 0 0 0 0 0 0 0 0 0 0 0 0 0 0 0 0 0 0 0 0
0 0 0 0 0 0 0 0 0 0 0 0 0 0 0 0 0 0 0 0 0 0 0 0 0 0 0 0 0 0 0 0 0 0 0 0
0 0 0 0 0 0 0 0 0 0 0 0 0 0 0 0 0 0 0 0 0
##$SHL_SFCOEFFS9= (0..200)
0 0 0 0 0 0 0 0 0 0 0 0 0 0 0 0 0 0 0 0 0 0 0 0 0 0 0 0 0 0 0 0 0 0 0 0
0 0 0 0 0 0 0 0 0 0 0 0 0 0 0 0 0 0 0 0 0 0 0 0 0 0 0 0 0 0 0 0 0 0 0 0
0 0 0 0 0 0 0 0 0 0 0 0 0 0 0 0 0 0 0 0 0 0 0 0 0 0 0 0 0 0 0 0 0 0 0 0
0 0 0 0 0 0 0 0 0 0 0 0 0 0 0 0 0 0 0 0 0 0 0 0 0 0 0 0 0 0 0 0 0 0 0 0
0 0 0 0 0 0 0 0 0 0 0 0 0 0 0 0 0 0 0 0 0 0 0 0 0 0 0 0 0 0 0 0 0 0 0 0
0 0 0 0 0 0 0 0 0 0 0 0 0 0 0 0 0 0 0 0 0
##$SHL_SMOOTHED= (0..15)
0 0 0 0 0 0 0 0 0 0 0 0 0 0 0 0
##$SHL_SMOOTHING= (0..15)
0 0 0 0 0 0 0 0 0 0 0 0 0 0 0 0
##$SHL_SPOAL= (0..15)
0 0 0 0 0 0 0 0 0 0 0 0 0 0 0 0
##$SHL_SPOFFS= (0..15)
0 0 0 0 0 0 0 0 0 0 0 0 0 0 0 0
##$SHL_SPOPH= (0..15)
0 0 0 0 0 0 0 0 0 0 0 0 0 0 0 0
##$SHL_STARTAMP= (0..15)
0 0 0 0 0 0 0 0 0 0 0 0 0 0 0 0
##$SHL_SW= (0..15)
0 0 0 0 0 0 0 0 0 0 0 0 0 0 0 0
##$SHL_SWDIR= (0..15)
-1 -1 -1 -1 -1 -1 -1 -1 -1 -1 -1 -1 -1 -1 -1 -1
##$SHL_TANKAPPA= (0..15)
0 0 0 0 0 0 0 0 0 0 0 0 0 0 0 0
##$SHL_TOTROT= (0..15)
90 0 0 0 0 0 0 0 0 0 0 0 0 0 0 0
##$SHL_TRUNCLEV= (0..15)
0 0 0 0 0 0 0 0 0 0 0 0 0 0 0 0
##$SHL_TYPE= (0..15)
<Excitation> <> <> <> <> <> <> <> <> <> <> <> <> <> <> <>
##$SHL_WINDOWSIZE= (0..15)
0 0 0 0 0 0 0 0 0 0 0 0 0 0 0 0
##$SHL_ZETA= (0..15)
0 0 0 0 0 0 0 0 0 0 0 0 0 0 0 0
##NPOINTS= 1250
##XYPOINTS= (XY..XY)
44.326394, 167.351510
45.832373, 167.948225
47.325305, 168.544940
48.804766, 169.141655
50.270336, 169.738370
51.721596, 170.335085
53.158133, 170.931800
54.579540, 171.528515
55.985411, 172.125230
57.375345, 172.721945
58.748948, 173.318659
60.105829, 173.915374
61.445601, 174.512089
62.767882, 175.108804
64.072297, 175.705519
65.358474, 176.302234
66.626047, 176.898949
67.874655, 177.495664
69.103943, 178.092379
70.313561, 178.689094
71.503164, 179.285809
72.672414, 179.882524
73.820979, 180.479239
74.948531, 181.075954
76.054749, 181.672669
77.139318, 182.269384
78.201930, 182.866099
79.242282, 183.462814
80.260078, 184.059529
81.255029, 184.656244
82.226850, 185.252959
83.175266, 185.849674
84.100007, 186.446389
85.000809, 187.043103
85.877416, 187.639818
86.729578, 188.236533
87.557054, 188.833248
88.359606, 189.429963
89.137007, 190.026678
89.889036, 190.623393
90.615478, 191.220108
91.316127, 191.816823
91.990784, 192.413538
92.639255, 193.010253
93.261358, 193.606968
93.856913, 194.203683
94.425753, 194.800398
94.967715, 195.397113
95.482645, 195.993828
95.970396, 196.590543
96.430830, 197.187258
96.863815, 197.783973
97.269228, 198.380688
97.646954, 198.977403
97.996886, 199.574118
98.318923, 200.170832
98.612973, 200.767547
98.878955, 201.364262
99.116790, 201.960977
99.326413, 202.557692
99.507763, 203.154407
99.660788, 203.751122
99.785445, 204.347837
99.881699, 204.944552
99.949522, 205.541267
99.988895, 206.137982
99.999806, 206.734697
99.982253, 207.331412
99.936241, 207.928127
99.861782, 208.524842
99.758898, 209.121557
99.627618, 209.718272
99.467979, 210.314987
99.280027, 210.911702
99.063816, 211.508417
98.819407, 212.105132
98.546869, 212.701847
98.246280, 213.298562
97.917726, 213.895276
97.561300, 214.491991
97.177104, 215.088706
96.765247, 215.685421
96.325845, 216.282136
95.859026, 216.878851
95.364920, 217.475566
94.843669, 218.072281
94.295422, 218.668996
93.720333, 219.265711
93.118568, 219.862426
92.490296, 220.459141
91.835698, 221.055856
91.154959, 221.652571
90.448274, 222.249286
89.715843, 222.846001
88.957874, 223.442716
88.174584, 224.039431
87.366196, 224.636146
86.532939, 225.232861
85.675051, 225.829576
84.792776, 226.426291
83.886365, 227.023006
82.956076, 227.619720
82.002174, 228.216435
81.024931, 228.813150
80.024624, 229.409865
79.001539, 230.006580
77.955966, 230.603295
76.888203, 231.200010
75.798555, 231.796725
74.687330, 232.393440
73.554847, 232.990155
72.401426, 233.586870
71.227397, 234.183585
70.033093, 234.780300
68.818854, 235.377015
67.585027, 235.973730
66.331961, 236.570445
65.060015, 237.167160
63.769549, 237.763875
62.460932, 238.360590
61.134536, 238.957305
59.790738, 239.554020
58.429921, 240.150735
57.052472, 240.747450
55.658783, 241.344164
54.249251, 241.940879
52.824278, 242.537594
51.384268, 243.134309
49.929632, 243.731024
48.460784, 244.327739
46.978142, 244.924454
45.482127, 245.521169
43.973166, 246.117884
42.451689, 246.714599
40.918128, 247.311314
39.372919, 247.908029
37.816503, 248.504744
36.249323, 249.101459
34.671825, 249.698174
33.084458, 250.294889
31.487673, 250.891604
29.881926, 251.488319
28.267672, 252.085034
26.645373, 252.681749
25.015489, 253.278464
23.378484, 253.875179
21.734825, 254.471894
20.084979, 255.068608
18.429416, 255.665323
16.768608, 256.262038
15.103026, 256.858753
13.433145, 257.455468
11.759440, 258.052183
10.082388, 258.648898
8.402466, 259.245613
6.720153, 259.842328
5.035927, 260.439043
3.350267, 261.035758
1.663653, 261.632473
0.023434, 82.229188
1.710514, 82.825903
3.397107, 83.422618
5.082734, 84.019333
6.766914, 84.616048
8.449167, 85.212763
10.129016, 85.809478
11.805981, 86.406193
13.479586, 87.002908
15.149354, 87.599623
16.814809, 88.196337
18.475479, 88.793052
20.130889, 89.389767
21.780570, 89.986482
23.424050, 90.583197
25.060863, 91.179912
26.690543, 91.776627
28.312625, 92.373342
29.926648, 92.970057
31.532153, 93.566772
33.128682, 94.163487
34.715782, 94.760202
36.292999, 95.356917
37.859886, 95.953632
39.415997, 96.550347
40.960887, 97.147062
42.494119, 97.743777
44.015254, 98.340492
45.523861, 98.937207
47.019510, 99.533922
48.501775, 100.130637
49.970234, 100.727352
51.424469, 101.324067
52.864067, 101.920781
54.288617, 102.517496
55.697714, 103.114211
57.090957, 103.710926
58.467949, 104.307641
59.828299, 104.904356
61.171618, 105.501071
62.497526, 106.097786
63.805644, 106.694501
65.095600, 107.291216
66.367027, 107.887931
67.619562, 108.484646
68.852850, 109.081361
70.066540, 109.678076
71.260285, 110.274791
72.433747, 110.871506
73.586590, 111.468221
74.718487, 112.064936
75.829117, 112.661651
76.918161, 113.258366
77.985312, 113.855081
79.030264, 114.451796
80.052720, 115.048511
81.052390, 115.645225
82.028989, 116.241940
82.982238, 116.838655
83.911867, 117.435370
84.817611, 118.032085
85.699212, 118.628800
86.556419, 119.225515
87.388989, 119.822230
88.196683, 120.418945
88.979272, 121.015660
89.736534, 121.612375
90.468253, 122.209090
91.174221, 122.805805
91.854236, 123.402520
92.508105, 123.999235
93.135643, 124.595950
93.736669, 125.192665
94.311014, 125.789380
94.858514, 126.386095
95.379013, 126.982810
95.872362, 127.579525
96.338422, 128.176240
96.777060, 128.772955
97.188150, 129.369669
97.571577, 129.966384
97.927230, 130.563099
98.255008, 131.159814
98.554819, 131.756529
98.826576, 132.353244
99.070203, 132.949959
99.285630, 133.546674
99.472796, 134.143389
99.631648, 134.740104
99.762139, 135.336819
99.864234, 135.933534
99.937903, 136.530249
99.983125, 137.126964
99.999888, 137.723679
99.988185, 138.320394
99.948022, 138.917109
99.879409, 139.513824
99.782366, 140.110539
99.656920, 140.707254
99.503107, 141.303969
99.320971, 141.900684
99.110564, 142.497399
98.871946, 143.094113
98.605184, 143.690828
98.310354, 144.287543
97.987541, 144.884258
97.636836, 145.480973
97.258340, 146.077688
96.852159, 146.674403
96.418410, 147.271118
95.957216, 147.867833
95.468707, 148.464548
94.953025, 149.061263
94.410314, 149.657978
93.840730, 150.254693
93.244434, 150.851408
92.621597, 151.448123
91.972395, 152.044838
91.297014, 152.641553
90.595646, 153.238268
89.868490, 153.834983
89.115754, 154.431698
88.337651, 155.028413
87.534403, 155.625128
86.706239, 156.221842
85.853394, 156.818557
84.976112, 157.415272
84.074641, 158.011987
83.149239, 158.608702
82.200169, 159.205417
81.227701, 159.802132
80.232112, 160.398847
79.213685, 160.995562
78.172711, 161.592277
77.109485, 162.188992
76.024310, 162.785707
74.917495, 163.382422
73.789355, 163.979137
72.640212, 164.575852
71.470392, 165.172567
70.280228, 165.769282
69.070059, 166.365997
67.840229, 166.962712
66.591090, 167.559427
65.322995, 168.156142
64.036306, 168.752857
62.731390, 169.349572
61.408618, 169.946286
60.068366, 170.543001
58.711015, 171.139716
57.336953, 171.736431
55.946571, 172.333146
54.540263, 172.929861
53.118430, 173.526576
51.681478, 174.123291
50.229815, 174.720006
48.763854, 175.316721
47.284013, 175.913436
45.790713, 176.510151
44.284378, 177.106866
42.765438, 177.703581
41.234325, 178.300296
39.691475, 178.897011
38.137327, 179.493726
36.572324, 180.090441
34.996910, 180.687156
33.411534, 181.283871
31.816648, 181.880586
30.212706, 182.477301
28.600164, 183.074016
26.979480, 183.670730
25.351118, 184.267445
23.715539, 184.864160
22.073209, 185.460875
20.424597, 186.057590
18.770171, 186.654305
17.110402, 187.251020
15.445762, 187.847735
13.776726, 188.444450
12.103769, 189.041165
10.427366, 189.637880
8.747995, 190.234595
7.066134, 190.831310
5.382262, 191.428025
3.696857, 192.024740
2.010401, 192.621455
0.323372, 193.218170
1.363749, 13.814885
3.050482, 14.411600
4.736346, 15.008315
6.420862, 15.605030
8.103551, 16.201745
9.783933, 16.798460
11.461530, 17.395174
13.135864, 17.991889
14.806460, 18.588604
16.472841, 19.185319
18.134533, 19.782034
19.791063, 20.378749
21.441959, 20.975464
23.086753, 21.572179
24.724974, 22.168894
26.356158, 22.765609
27.979840, 23.362324
29.595557, 23.959039
31.202850, 24.555754
32.801262, 25.152469
34.390336, 25.749184
35.969622, 26.345899
37.538669, 26.942614
39.097031, 27.539329
40.644264, 28.136044
42.179928, 28.732759
43.703585, 29.329474
45.214803, 29.926189
46.713150, 30.522903
48.198200, 31.119618
49.669532, 31.716333
51.126725, 32.313048
52.569365, 32.909763
53.997041, 33.506478
55.409347, 34.103193
56.805882, 34.699908
58.186246, 35.296623
59.550049, 35.893338
60.896901, 36.490053
62.226418, 37.086768
63.538224, 37.683483
64.831943, 38.280198
66.107208, 38.876913
67.363656, 39.473628
68.600930, 40.070343
69.818676, 40.667058
71.016549, 41.263773
72.194207, 41.860488
73.351316, 42.457203
74.487545, 43.053918
75.602572, 43.650633
76.696079, 44.247347
77.767755, 44.844062
78.817295, 45.440777
79.844400, 46.037492
80.848777, 46.634207
81.830141, 47.230922
82.788212, 47.827637
83.722719, 48.424352
84.633393, 49.021067
85.519978, 49.617782
86.382219, 50.214497
87.219873, 50.811212
88.032699, 51.407927
88.820467, 52.004642
89.582954, 52.601357
90.319940, 53.198072
91.031218, 53.794787
91.716584, 54.391502
92.375843, 54.988217
93.008808, 55.584932
93.615298, 56.181647
94.195141, 56.778362
94.748172, 57.375077
95.274233, 57.971791
95.773175, 58.568506
96.244856, 59.165221
96.689141, 59.761936
97.105903, 60.358651
97.495026, 60.955366
97.856396, 61.552081
98.189912, 62.148796
98.495479, 62.745511
98.773009, 63.342226
99.022425, 63.938941
99.243654, 64.535656
99.436633, 65.132371
99.601309, 65.729086
99.737633, 66.325801
99.845568, 66.922516
99.925082, 67.519231
99.976153, 68.115946
99.998766, 68.712661
99.992915, 69.309376
99.958601, 69.906091
99.895835, 70.502806
99.804634, 71.099521
99.685023, 71.696235
99.537038, 72.292950
99.360721, 72.889665
99.156120, 73.486380
98.923295, 74.083095
98.662313, 74.679810
98.373246, 75.276525
98.056178, 75.873240
97.711199, 76.469955
97.338406, 77.066670
96.937907, 77.663385
96.509815, 78.260100
96.054251, 78.856815
95.571347, 79.453530
95.061238, 80.050245
94.524071, 80.646960
93.959997, 81.243675
93.369179, 81.840390
92.751783, 82.437105
92.107986, 83.033820
91.437971, 83.630535
90.741929, 84.227250
90.020057, 84.823965
89.272561, 85.420679
88.499655, 86.017394
87.701557, 86.614109
86.878496, 87.210824
86.030705, 87.807539
85.158425, 88.404254
84.261906, 89.000969
83.341402, 89.597684
82.397175, 90.194399
81.429495, 90.791114
80.438635, 91.387829
79.424880, 91.984544
78.388516, 92.581259
77.329839, 93.177974
76.249151, 93.774689
75.146759, 94.371404
74.022977, 94.968119
72.878124, 95.564834
71.712527, 96.161549
70.526517, 96.758264
69.320433, 97.354979
68.094616, 97.951694
66.849417, 98.548408
65.585189, 99.145123
64.302293, 99.741838
63.001093, 100.338553
61.681961, 100.935268
60.345271, 101.531983
58.991404, 102.128698
57.620745, 102.725413
56.233685, 103.322128
54.830618, 103.918843
53.411944, 104.515558
51.978067, 105.112273
50.529394, 105.708988
49.066338, 106.305703
47.589316, 106.902418
46.098747, 107.499133
44.595057, 108.095848
43.078673, 108.692563
41.550027, 109.289278
40.009554, 109.885993
38.457692, 110.482708
36.894884, 111.079423
35.321573, 111.676138
33.738209, 112.272852
32.145241, 112.869567
30.543123, 113.466282
28.932311, 114.062997
27.313263, 114.659712
25.686441, 115.256427
24.052308, 115.853142
22.411328, 116.449857
20.763969, 117.046572
19.110699, 117.643287
17.451990, 118.240002
15.788313, 118.836717
14.120142, 119.433432
12.447952, 120.030147
10.772218, 120.626862
9.093418, 121.223577
7.412030, 121.820292
5.728532, 122.417007
4.043404, 123.013722
2.357124, 123.610437
0.670174, 124.207152
1.016967, 304.803867
2.703819, 305.400582
4.389901, 305.997296
6.074734, 306.594011
7.757837, 307.190726
9.438732, 307.787441
11.116941, 308.384156
12.791985, 308.980871
14.463388, 309.577586
16.130674, 310.174301
17.793368, 310.771016
19.450998, 311.367731
21.103091, 311.964446
22.749177, 312.561161
24.388788, 313.157876
26.021456, 313.754591
27.646718, 314.351306
29.264110, 314.948021
30.873172, 315.544736
32.473446, 316.141451
34.064477, 316.738166
35.645812, 317.334881
37.217000, 317.931596
38.777595, 318.528311
40.327151, 319.125026
41.865229, 319.721740
43.391390, 320.318455
44.905200, 320.915170
46.406228, 321.511885
47.894046, 322.108600
49.368232, 322.705315
50.828365, 323.302030
52.274030, 323.898745
53.704816, 324.495460
55.120314, 325.092175
56.520123, 325.688890
57.903844, 326.285605
59.271083, 326.882320
60.621450, 327.479035
61.954562, 328.075750
63.270039, 328.672465
64.567506, 329.269180
65.846595, 329.865895
67.106940, 330.462610
68.348184, 331.059325
69.569973, 331.656040
70.771959, 332.252755
71.953800, 332.849469
73.115160, 333.446184
74.255708, 334.042899
75.375119, 334.639614
76.473075, 335.236329
77.549264, 335.833044
78.603378, 336.429759
79.635118, 337.026474
80.644191, 337.623189
81.630309, 338.219904
82.593191, 338.816619
83.532563, 339.413334
84.448158, 340.010049
85.339715, 340.606764
86.206980, 341.203479
87.049708, 341.800194
87.867656, 342.396909
88.660594, 342.993624
89.428295, 343.590339
90.170541, 344.187054
90.887120, 344.783769
91.577828, 345.380484
92.242469, 345.977199
92.880854, 346.573913
93.492801, 347.170628
94.078135, 347.767343
94.636690, 348.364058
95.168308, 348.960773
95.672836, 349.557488
96.150132, 350.154203
96.600059, 350.750918
97.022489, 351.347633
97.417302, 351.944348
97.784385, 352.541063
98.123635, 353.137778
98.434954, 353.734493
98.718255, 354.331208
98.973455, 354.927923
99.200483, 355.524638
99.399275, 356.121353
99.569772, 356.718068
99.711928, 357.314783
99.825701, 357.911498
99.911059, 358.508213
99.967978, 359.104928
99.996442, 359.701643
99.996442, 0.298357
99.967978, 0.895072
99.911059, 1.491787
99.825701, 2.088502
99.711928, 2.685217
99.569772, 3.281932
99.399275, 3.878647
99.200483, 4.475362
98.973455, 5.072077
98.718255, 5.668792
98.434954, 6.265507
98.123635, 6.862222
97.784385, 7.458937
97.417302, 8.055652
97.022489, 8.652367
96.600059, 9.249082
96.150132, 9.845797
95.672836, 10.442512
95.168308, 11.039227
94.636690, 11.635942
94.078135, 12.232657
93.492801, 12.829372
92.880854, 13.426087
92.242469, 14.022801
91.577828, 14.619516
90.887120, 15.216231
90.170541, 15.812946
89.428295, 16.409661
88.660594, 17.006376
87.867656, 17.603091
87.049708, 18.199806
86.206980, 18.796521
85.339715, 19.393236
84.448158, 19.989951
83.532563, 20.586666
82.593191, 21.183381
81.630309, 21.780096
80.644191, 22.376811
79.635118, 22.973526
78.603378, 23.570241
77.549264, 24.166956
76.473075, 24.763671
75.375119, 25.360386
74.255708, 25.957101
73.115160, 26.553816
71.953800, 27.150531
70.771959, 27.747245
69.569973, 28.343960
68.348184, 28.940675
67.106940, 29.537390
65.846595, 30.134105
64.567506, 30.730820
63.270039, 31.327535
61.954562, 31.924250
60.621450, 32.520965
59.271083, 33.117680
57.903844, 33.714395
56.520123, 34.311110
55.120314, 34.907825
53.704816, 35.504540
52.274030, 36.101255
50.828365, 36.697970
49.368232, 37.294685
47.894046, 37.891400
46.406228, 38.488115
44.905200, 39.084830
43.391390, 39.681545
41.865229, 40.278260
40.327151, 40.874974
38.777595, 41.471689
37.217000, 42.068404
35.645812, 42.665119
34.064477, 43.261834
32.473446, 43.858549
30.873172, 44.455264
29.264110, 45.051979
27.646718, 45.648694
26.021456, 46.245409
24.388788, 46.842124
22.749177, 47.438839
21.103091, 48.035554
19.450998, 48.632269
17.793368, 49.228984
16.130674, 49.825699
14.463388, 50.422414
12.791985, 51.019129
11.116941, 51.615844
9.438732, 52.212559
7.757837, 52.809274
6.074734, 53.405989
4.389901, 54.002704
2.703819, 54.599418
1.016967, 55.196133
0.670174, 235.792848
2.357124, 236.389563
4.043404, 236.986278
5.728532, 237.582993
7.412030, 238.179708
9.093418, 238.776423
10.772218, 239.373138
12.447952, 239.969853
14.120142, 240.566568
15.788313, 241.163283
17.451990, 241.759998
19.110699, 242.356713
20.763969, 242.953428
22.411328, 243.550143
24.052308, 244.146858
25.686441, 244.743573
27.313263, 245.340288
28.932311, 245.937003
30.543123, 246.533718
32.145241, 247.130433
33.738209, 247.727148
35.321573, 248.323862
36.894884, 248.920577
38.457692, 249.517292
40.009554, 250.114007
41.550027, 250.710722
43.078673, 251.307437
44.595057, 251.904152
46.098747, 252.500867
47.589316, 253.097582
49.066338, 253.694297
50.529394, 254.291012
51.978067, 254.887727
53.411944, 255.484442
54.830618, 256.081157
56.233685, 256.677872
57.620745, 257.274587
58.991404, 257.871302
60.345271, 258.468017
61.681961, 259.064732
63.001093, 259.661447
64.302293, 260.258162
65.585189, 260.854877
66.849417, 261.451592
68.094616, 262.048306
69.320433, 262.645021
70.526517, 263.241736
71.712527, 263.838451
72.878124, 264.435166
74.022977, 265.031881
75.146759, 265.628596
76.249151, 266.225311
77.329839, 266.822026
78.388516, 267.418741
79.424880, 268.015456
80.438635, 268.612171
81.429495, 269.208886
82.397175, 269.805601
83.341402, 270.402316
84.261906, 270.999031
85.158425, 271.595746
86.030705, 272.192461
86.878496, 272.789176
87.701557, 273.385891
88.499655, 273.982606
89.272561, 274.579321
90.020057, 275.176035
90.741929, 275.772750
91.437971, 276.369465
92.107986, 276.966180
92.751783, 277.562895
93.369179, 278.159610
93.959997, 278.756325
94.524071, 279.353040
95.061238, 279.949755
95.571347, 280.546470
96.054251, 281.143185
96.509815, 281.739900
96.937907, 282.336615
97.338406, 282.933330
97.711199, 283.530045
98.056178, 284.126760
98.373246, 284.723475
98.662313, 285.320190
98.923295, 285.916905
99.156120, 286.513620
99.360721, 287.110335
99.537038, 287.707050
99.685023, 288.303765
99.804634, 288.900479
99.895835, 289.497194
99.958601, 290.093909
99.992915, 290.690624
99.998766, 291.287339
99.976153, 291.884054
99.925082, 292.480769
99.845568, 293.077484
99.737633, 293.674199
99.601309, 294.270914
99.436633, 294.867629
99.243654, 295.464344
99.022425, 296.061059
98.773009, 296.657774
98.495479, 297.254489
98.189912, 297.851204
97.856396, 298.447919
97.495026, 299.044634
97.105903, 299.641349
96.689141, 300.238064
96.244856, 300.834779
95.773175, 301.431494
95.274233, 302.028209
94.748172, 302.624923
94.195141, 303.221638
93.615298, 303.818353
93.008808, 304.415068
92.375843, 305.011783
91.716584, 305.608498
91.031218, 306.205213
90.319940, 306.801928
89.582954, 307.398643
88.820467, 307.995358
88.032699, 308.592073
87.219873, 309.188788
86.382219, 309.785503
85.519978, 310.382218
84.633393, 310.978933
83.722719, 311.575648
82.788212, 312.172363
81.830141, 312.769078
80.848777, 313.365793
79.844400, 313.962508
78.817295, 314.559223
77.767755, 315.155938
76.696079, 315.752653
75.602572, 316.349367
74.487545, 316.946082
73.351316, 317.542797
72.194207, 318.139512
71.016549, 318.736227
69.818676, 319.332942
68.600930, 319.929657
67.363656, 320.526372
66.107208, 321.123087
64.831943, 321.719802
63.538224, 322.316517
62.226418, 322.913232
60.896901, 323.509947
59.550049, 324.106662
58.186246, 324.703377
56.805882, 325.300092
55.409347, 325.896807
53.997041, 326.493522
52.569365, 327.090237
51.126725, 327.686952
49.669532, 328.283667
48.198200, 328.880382
46.713150, 329.477097
45.214803, 330.073811
43.703585, 330.670526
42.179928, 331.267241
40.644264, 331.863956
39.097031, 332.460671
37.538669, 333.057386
35.969622, 333.654101
34.390336, 334.250816
32.801262, 334.847531
31.202850, 335.444246
29.595557, 336.040961
27.979840, 336.637676
26.356158, 337.234391
24.724974, 337.831106
23.086753, 338.427821
21.441959, 339.024536
19.791063, 339.621251
18.134533, 340.217966
16.472841, 340.814681
14.806460, 341.411396
13.135864, 342.008111
11.461530, 342.604826
9.783933, 343.201540
8.103551, 343.798255
6.420862, 344.394970
4.736346, 344.991685
3.050482, 345.588400
1.363749, 346.185115
0.323372, 166.781830
2.010401, 167.378545
3.696857, 167.975260
5.382262, 168.571975
7.066134, 169.168690
8.747995, 169.765405
10.427366, 170.362120
12.103769, 170.958835
13.776726, 171.555550
15.445762, 172.152265
17.110402, 172.748980
18.770171, 173.345695
20.424597, 173.942410
22.073209, 174.539125
23.715539, 175.135840
25.351118, 175.732555
26.979480, 176.329270
28.600164, 176.925984
30.212706, 177.522699
31.816648, 178.119414
33.411534, 178.716129
34.996910, 179.312844
36.572324, 179.909559
38.137327, 180.506274
39.691475, 181.102989
41.234325, 181.699704
42.765438, 182.296419
44.284378, 182.893134
45.790713, 183.489849
47.284013, 184.086564
48.763854, 184.683279
50.229815, 185.279994
51.681478, 185.876709
53.118430, 186.473424
54.540263, 187.070139
55.946571, 187.666854
57.336953, 188.263569
58.711015, 188.860284
60.068366, 189.456999
61.408618, 190.053714
62.731390, 190.650428
64.036306, 191.247143
65.322995, 191.843858
66.591090, 192.440573
67.840229, 193.037288
69.070059, 193.634003
70.280228, 194.230718
71.470392, 194.827433
72.640212, 195.424148
73.789355, 196.020863
74.917495, 196.617578
76.024310, 197.214293
77.109485, 197.811008
78.172711, 198.407723
79.213685, 199.004438
80.232112, 199.601153
81.227701, 200.197868
82.200169, 200.794583
83.149239, 201.391298
84.074641, 201.988013
84.976112, 202.584728
85.853394, 203.181443
86.706239, 203.778158
87.534403, 204.374872
88.337651, 204.971587
89.115754, 205.568302
89.868490, 206.165017
90.595646, 206.761732
91.297014, 207.358447
91.972395, 207.955162
92.621597, 208.551877
93.244434, 209.148592
93.840730, 209.745307
94.410314, 210.342022
94.953025, 210.938737
95.468707, 211.535452
95.957216, 212.132167
96.418410, 212.728882
96.852159, 213.325597
97.258340, 213.922312
97.636836, 214.519027
97.987541, 215.115742
98.310354, 215.712457
98.605184, 216.309172
98.871946, 216.905887
99.110564, 217.502601
99.320971, 218.099316
99.503107, 218.696031
99.656920, 219.292746
99.782366, 219.889461
99.879409, 220.486176
99.948022, 221.082891
99.988185, 221.679606
99.999888, 222.276321
99.983125, 222.873036
99.937903, 223.469751
99.864234, 224.066466
99.762139, 224.663181
99.631648, 225.259896
99.472796, 225.856611
99.285630, 226.453326
99.070203, 227.050041
98.826576, 227.646756
98.554819, 228.243471
98.255008, 228.840186
97.927230, 229.436901
97.571577, 230.033616
97.188150, 230.630331
96.777060, 231.227045
96.338422, 231.823760
95.872362, 232.420475
95.379013, 233.017190
94.858514, 233.613905
94.311014, 234.210620
93.736669, 234.807335
93.135643, 235.404050
92.508105, 236.000765
91.854236, 236.597480
91.174221, 237.194195
90.468253, 237.790910
89.736534, 238.387625
88.979272, 238.984340
88.196683, 239.581055
87.388989, 240.177770
86.556419, 240.774485
85.699212, 241.371200
84.817611, 241.967915
83.911867, 242.564630
82.982238, 243.161345
82.028989, 243.758060
81.052390, 244.354775
80.052720, 244.951489
79.030264, 245.548204
77.985312, 246.144919
76.918161, 246.741634
75.829117, 247.338349
74.718487, 247.935064
73.586590, 248.531779
72.433747, 249.128494
71.260285, 249.725209
70.066540, 250.321924
68.852850, 250.918639
67.619562, 251.515354
66.367027, 252.112069
65.095600, 252.708784
63.805644, 253.305499
62.497526, 253.902214
61.171618, 254.498929
59.828299, 255.095644
58.467949, 255.692359
57.090957, 256.289074
55.697714, 256.885789
54.288617, 257.482504
52.864067, 258.079219
51.424469, 258.675933
49.970234, 259.272648
48.501775, 259.869363
47.019510, 260.466078
45.523861, 261.062793
44.015254, 261.659508
42.494119, 262.256223
40.960887, 262.852938
39.415997, 263.449653
37.859886, 264.046368
36.292999, 264.643083
34.715782, 265.239798
33.128682, 265.836513
31.532153, 266.433228
29.926648, 267.029943
28.312625, 267.626658
26.690543, 268.223373
25.060863, 268.820088
23.424050, 269.416803
21.780570, 270.013518
20.130889, 270.610233
18.475479, 271.206948
16.814809, 271.803663
15.149354, 272.400377
13.479586, 272.997092
11.805981, 273.593807
10.129016, 274.190522
8.449167, 274.787237
6.766914, 275.383952
5.082734, 275.980667
3.397107, 276.577382
1.710514, 277.174097
0.023434, 277.770812
1.663653, 98.367527
3.350267, 98.964242
5.035927, 99.560957
6.720153, 100.157672
8.402466, 100.754387
10.082388, 101.351102
11.759440, 101.947817
13.433145, 102.544532
15.103026, 103.141247
16.768608, 103.737962
18.429416, 104.334677
20.084979, 104.931392
21.734825, 105.528106
23.378484, 106.124821
25.015489, 106.721536
26.645373, 107.318251
28.267672, 107.914966
29.881926, 108.511681
31.487673, 109.108396
33.084458, 109.705111
34.671825, 110.301826
36.249323, 110.898541
37.816503, 111.495256
39.372919, 112.091971
40.918128, 112.688686
42.451689, 113.285401
43.973166, 113.882116
45.482127, 114.478831
46.978142, 115.075546
48.460784, 115.672261
49.929632, 116.268976
51.384268, 116.865691
52.824278, 117.462406
54.249251, 118.059121
55.658783, 118.655836
57.052472, 119.252550
58.429921, 119.849265
59.790738, 120.445980
61.134536, 121.042695
62.460932, 121.639410
63.769549, 122.236125
65.060015, 122.832840
66.331961, 123.429555
67.585027, 124.026270
68.818854, 124.622985
70.033093, 125.219700
71.227397, 125.816415
72.401426, 126.413130
73.554847, 127.009845
74.687330, 127.606560
75.798555, 128.203275
76.888203, 128.799990
77.955966, 129.396705
79.001539, 129.993420
80.024624, 130.590135
81.024931, 131.186850
82.002174, 131.783565
82.956076, 132.380280
83.886365, 132.976994
84.792776, 133.573709
85.675051, 134.170424
86.532939, 134.767139
87.366196, 135.363854
88.174584, 135.960569
88.957874, 136.557284
89.715843, 137.153999
90.448274, 137.750714
91.154959, 138.347429
91.835698, 138.944144
92.490296, 139.540859
93.118568, 140.137574
93.720333, 140.734289
94.295422, 141.331004
94.843669, 141.927719
95.364920, 142.524434
95.859026, 143.121149
96.325845, 143.717864
96.765247, 144.314579
97.177104, 144.911294
97.561300, 145.508009
97.917726, 146.104724
98.246280, 146.701438
98.546869, 147.298153
98.819407, 147.894868
99.063816, 148.491583
99.280027, 149.088298
99.467979, 149.685013
99.627618, 150.281728
99.758898, 150.878443
99.861782, 151.475158
99.936241, 152.071873
99.982253, 152.668588
99.999806, 153.265303
99.988895, 153.862018
99.949522, 154.458733
99.881699, 155.055448
99.785445, 155.652163
99.660788, 156.248878
99.507763, 156.845593
99.326413, 157.442308
99.116790, 158.039023
98.878955, 158.635738
98.612973, 159.232453
98.318923, 159.829168
97.996886, 160.425882
97.646954, 161.022597
97.269228, 161.619312
96.863815, 162.216027
96.430830, 162.812742
95.970396, 163.409457
95.482645, 164.006172
94.967715, 164.602887
94.425753, 165.199602
93.856913, 165.796317
93.261358, 166.393032
92.639255, 166.989747
91.990784, 167.586462
91.316127, 168.183177
90.615478, 168.779892
89.889036, 169.376607
89.137007, 169.973322
88.359606, 170.570037
87.557054, 171.166752
86.729578, 171.763467
85.877416, 172.360182
85.000809, 172.956897
84.100007, 173.553611
83.175266, 174.150326
82.226850, 174.747041
81.255029, 175.343756
80.260078, 175.940471
79.242282, 176.537186
78.201930, 177.133901
77.139318, 177.730616
76.054749, 178.327331
74.948531, 178.924046
73.820979, 179.520761
72.672414, 180.117476
71.503164, 180.714191
70.313561, 181.310906
69.103943, 181.907621
67.874655, 182.504336
66.626047, 183.101051
65.358474, 183.697766
64.072297, 184.294481
62.767882, 184.891196
61.445601, 185.487911
60.105829, 186.084626
58.748948, 186.681341
57.375345, 187.278055
55.985411, 187.874770
54.579540, 188.471485
53.158133, 189.068200
51.721596, 189.664915
50.270336, 190.261630
48.804766, 190.858345
47.325305, 191.455060
45.832373, 192.051775
44.326394, 192.648490
##END=
