##TITLE= Parameter file, TopSpin 4.3.0
##JCAMPDX= 5.0
##DATATYPE= Parameter Values
##ORIGIN= Bruker BioSpin GmbH
##OWNER= nmrsu
$$ 2024-02-10 18:00:05.896 +0000  nmrsu@4CE1161FJM
$$ C:/Bruker/TopSpin4.3.0/exp/stan/nmr/lists/wave/user/multisupp_aux_d8
$$ process C:\Bruker\TopSpin4.3.0\prog\mod\xwinshape.exe
##MINX= 1.39787500
##MAXX= 99.99739500
##MINY= 0.07574700
##MAXY= 359.92425300
##$SHAPE_ADDPHASE= 0
##$SHAPE_AMP= 99.99739496
##$SHAPE_BWFAC= 0
##$SHAPE_BWFAC50= 0
##$SHAPE_CALCBW= yes
##$SHAPE_CALCINTEG= yes
##$SHAPE_EXMODE= <Excitation>
##$SHAPE_EXPAND= <>
##$SHAPE_EXPANDCF= (0..143)
0 0 0 0 0 0 0 0 0 0 0 0 0 0 0 0 0 0 0 0 0 0 0 0 0 0 0 0 0 0 0 0 0 0 0 0
0 0 0 0 0 0 0 0 0 0 0 0 0 0 0 0 0 0 0 0 0 0 0 0 0 0 0 0 0 0 0 0 0 0 0 0
0 0 0 0 0 0 0 0 0 0 0 0 0 0 0 0 0 0 0 0 0 0 0 0 0 0 0 0 0 0 0 0 0 0 0 0
0 0 0 0 0 0 0 0 0 0 0 0 0 0 0 0 0 0 0 0 0 0 0 0 0 0 0 0 0 0 0 0 0 0 0 0
##$SHAPE_EXPFAC= 0
##$SHAPE_FRACEND= 0
##$SHAPE_FRACORG= 0
##$SHAPE_FRACSTART= 0
##$SHAPE_INTEGFAC= 0
##$SHAPE_KEEPRES= yes
##$SHAPE_LENGTH= 25000.000373
##$SHAPE_MAN= <M>
##$SHAPE_MODE= 4
##$SHAPE_MODFREQ= 0
##$SHAPE_MODPHASE= 0
##$SHAPE_MODSCALE= 0
##$SHAPE_MODSW= 0
##$SHAPE_MODSWDIR= -1
##$SHAPE_NPOINTS= 1250
##$SHAPE_OFFS= <1 4>
##$SHAPE_OFFSCOEFF= (0..95)
3.383423 0 100 -61.407593 0 100 -212.15265 0 100 -284.41324 0 100 0 0 0
0 0 0 0 0 0 0 0 0 0 0 0 0 0 0 0 0 0 0 0 0 0 0 0 0 0 0 0 0 0 0 0 0 0 0 0
0 0 0 0 0 0 0 0 0 0 0 0 0 0 0 0 0 0 0 0 0 0 0 0 0 0 0 0 0 0 0 0 0 0 0 0
0 0 0 0 0 0 0 0 0
##$SHAPE_PARAMETER= <>
##$SHAPE_REPHFAC= 0
##$SHAPE_RES= 0
##$SHAPE_SCALEFAC= 1.00002605
##$SHAPE_SCALETYPE= 0
##$SHAPE_SPOAL= 0
##$SHAPE_SPOFFS= 0
##$SHAPE_SPOPH= 0
##$SHAPE_TOTROT= 90
##$SHAPE_TYPE= <Excitation>
##$SHAPE_USER_DEF= <>
##$SHAPE_VERSION= 2.1
##$SHL_ADDPHASE= (0..15)
0 0 0 0 0 0 0 0 0 0 0 0 0 0 0 0
##$SHL_ALIGNOFFSET= (0..15)
0 0 0 0 0 0 0 0 0 0 0 0 0 0 0 0
##$SHL_AMP= (0..15)
100 0 0 0 0 0 0 0 0 0 0 0 0 0 0 0
##$SHL_AMPFAC= (0..15)
0 0 0 0 0 0 0 0 0 0 0 0 0 0 0 0
##$SHL_BETA= (0..15)
0 0 0 0 0 0 0 0 0 0 0 0 0 0 0 0
##$SHL_BWFAC= (0..15)
1.116 0 0 0 0 0 0 0 0 0 0 0 0 0 0 0
##$SHL_CALCBW= (0..15)
yes yes yes yes yes yes yes yes yes yes yes yes yes yes yes yes
##$SHL_CALCINTEG= (0..15)
yes yes yes yes yes yes yes yes yes yes yes yes yes yes yes yes
##$SHL_CENTERAMP= (0..15)
0 0 0 0 0 0 0 0 0 0 0 0 0 0 0 0
##$SHL_CYCNUM= (0..15)
0 0 0 0 0 0 0 0 0 0 0 0 0 0 0 0
##$SHL_DIPOLCPL= (0..15)
0 0 0 0 0 0 0 0 0 0 0 0 0 0 0 0
##$SHL_ENDAMP= (0..15)
0 0 0 0 0 0 0 0 0 0 0 0 0 0 0 0
##$SHL_EXMODE= (0..15)
<Excitation> <> <> <> <> <> <> <> <> <> <> <> <> <> <> <>
##$SHL_EXPAND= (0..15)
<> <> <> <> <> <> <> <> <> <> <> <> <> <> <> <>
##$SHL_EXPANDCF0= (0..143)
0 0 0 0 0 0 0 0 0 0 0 0 0 0 0 0 0 0 0 0 0 0 0 0 0 0 0 0 0 0 0 0 0 0 0 0
0 0 0 0 0 0 0 0 0 0 0 0 0 0 0 0 0 0 0 0 0 0 0 0 0 0 0 0 0 0 0 0 0 0 0 0
0 0 0 0 0 0 0 0 0 0 0 0 0 0 0 0 0 0 0 0 0 0 0 0 0 0 0 0 0 0 0 0 0 0 0 0
0 0 0 0 0 0 0 0 0 0 0 0 0 0 0 0 0 0 0 0 0 0 0 0 0 0 0 0 0 0 0 0 0 0 0 0
##$SHL_EXPANDCF1= (0..143)
0 0 0 0 0 0 0 0 0 0 0 0 0 0 0 0 0 0 0 0 0 0 0 0 0 0 0 0 0 0 0 0 0 0 0 0
0 0 0 0 0 0 0 0 0 0 0 0 0 0 0 0 0 0 0 0 0 0 0 0 0 0 0 0 0 0 0 0 0 0 0 0
0 0 0 0 0 0 0 0 0 0 0 0 0 0 0 0 0 0 0 0 0 0 0 0 0 0 0 0 0 0 0 0 0 0 0 0
0 0 0 0 0 0 0 0 0 0 0 0 0 0 0 0 0 0 0 0 0 0 0 0 0 0 0 0 0 0 0 0 0 0 0 0
##$SHL_EXPANDCF10= (0..143)
0 0 0 0 0 0 0 0 0 0 0 0 0 0 0 0 0 0 0 0 0 0 0 0 0 0 0 0 0 0 0 0 0 0 0 0
0 0 0 0 0 0 0 0 0 0 0 0 0 0 0 0 0 0 0 0 0 0 0 0 0 0 0 0 0 0 0 0 0 0 0 0
0 0 0 0 0 0 0 0 0 0 0 0 0 0 0 0 0 0 0 0 0 0 0 0 0 0 0 0 0 0 0 0 0 0 0 0
0 0 0 0 0 0 0 0 0 0 0 0 0 0 0 0 0 0 0 0 0 0 0 0 0 0 0 0 0 0 0 0 0 0 0 0
##$SHL_EXPANDCF11= (0..143)
0 0 0 0 0 0 0 0 0 0 0 0 0 0 0 0 0 0 0 0 0 0 0 0 0 0 0 0 0 0 0 0 0 0 0 0
0 0 0 0 0 0 0 0 0 0 0 0 0 0 0 0 0 0 0 0 0 0 0 0 0 0 0 0 0 0 0 0 0 0 0 0
0 0 0 0 0 0 0 0 0 0 0 0 0 0 0 0 0 0 0 0 0 0 0 0 0 0 0 0 0 0 0 0 0 0 0 0
0 0 0 0 0 0 0 0 0 0 0 0 0 0 0 0 0 0 0 0 0 0 0 0 0 0 0 0 0 0 0 0 0 0 0 0
##$SHL_EXPANDCF12= (0..143)
0 0 0 0 0 0 0 0 0 0 0 0 0 0 0 0 0 0 0 0 0 0 0 0 0 0 0 0 0 0 0 0 0 0 0 0
0 0 0 0 0 0 0 0 0 0 0 0 0 0 0 0 0 0 0 0 0 0 0 0 0 0 0 0 0 0 0 0 0 0 0 0
0 0 0 0 0 0 0 0 0 0 0 0 0 0 0 0 0 0 0 0 0 0 0 0 0 0 0 0 0 0 0 0 0 0 0 0
0 0 0 0 0 0 0 0 0 0 0 0 0 0 0 0 0 0 0 0 0 0 0 0 0 0 0 0 0 0 0 0 0 0 0 0
##$SHL_EXPANDCF13= (0..143)
0 0 0 0 0 0 0 0 0 0 0 0 0 0 0 0 0 0 0 0 0 0 0 0 0 0 0 0 0 0 0 0 0 0 0 0
0 0 0 0 0 0 0 0 0 0 0 0 0 0 0 0 0 0 0 0 0 0 0 0 0 0 0 0 0 0 0 0 0 0 0 0
0 0 0 0 0 0 0 0 0 0 0 0 0 0 0 0 0 0 0 0 0 0 0 0 0 0 0 0 0 0 0 0 0 0 0 0
0 0 0 0 0 0 0 0 0 0 0 0 0 0 0 0 0 0 0 0 0 0 0 0 0 0 0 0 0 0 0 0 0 0 0 0
##$SHL_EXPANDCF14= (0..143)
0 0 0 0 0 0 0 0 0 0 0 0 0 0 0 0 0 0 0 0 0 0 0 0 0 0 0 0 0 0 0 0 0 0 0 0
0 0 0 0 0 0 0 0 0 0 0 0 0 0 0 0 0 0 0 0 0 0 0 0 0 0 0 0 0 0 0 0 0 0 0 0
0 0 0 0 0 0 0 0 0 0 0 0 0 0 0 0 0 0 0 0 0 0 0 0 0 0 0 0 0 0 0 0 0 0 0 0
0 0 0 0 0 0 0 0 0 0 0 0 0 0 0 0 0 0 0 0 0 0 0 0 0 0 0 0 0 0 0 0 0 0 0 0
##$SHL_EXPANDCF15= (0..143)
0 0 0 0 0 0 0 0 0 0 0 0 0 0 0 0 0 0 0 0 0 0 0 0 0 0 0 0 0 0 0 0 0 0 0 0
0 0 0 0 0 0 0 0 0 0 0 0 0 0 0 0 0 0 0 0 0 0 0 0 0 0 0 0 0 0 0 0 0 0 0 0
0 0 0 0 0 0 0 0 0 0 0 0 0 0 0 0 0 0 0 0 0 0 0 0 0 0 0 0 0 0 0 0 0 0 0 0
0 0 0 0 0 0 0 0 0 0 0 0 0 0 0 0 0 0 0 0 0 0 0 0 0 0 0 0 0 0 0 0 0 0 0 0
##$SHL_EXPANDCF2= (0..143)
0 0 0 0 0 0 0 0 0 0 0 0 0 0 0 0 0 0 0 0 0 0 0 0 0 0 0 0 0 0 0 0 0 0 0 0
0 0 0 0 0 0 0 0 0 0 0 0 0 0 0 0 0 0 0 0 0 0 0 0 0 0 0 0 0 0 0 0 0 0 0 0
0 0 0 0 0 0 0 0 0 0 0 0 0 0 0 0 0 0 0 0 0 0 0 0 0 0 0 0 0 0 0 0 0 0 0 0
0 0 0 0 0 0 0 0 0 0 0 0 0 0 0 0 0 0 0 0 0 0 0 0 0 0 0 0 0 0 0 0 0 0 0 0
##$SHL_EXPANDCF3= (0..143)
0 0 0 0 0 0 0 0 0 0 0 0 0 0 0 0 0 0 0 0 0 0 0 0 0 0 0 0 0 0 0 0 0 0 0 0
0 0 0 0 0 0 0 0 0 0 0 0 0 0 0 0 0 0 0 0 0 0 0 0 0 0 0 0 0 0 0 0 0 0 0 0
0 0 0 0 0 0 0 0 0 0 0 0 0 0 0 0 0 0 0 0 0 0 0 0 0 0 0 0 0 0 0 0 0 0 0 0
0 0 0 0 0 0 0 0 0 0 0 0 0 0 0 0 0 0 0 0 0 0 0 0 0 0 0 0 0 0 0 0 0 0 0 0
##$SHL_EXPANDCF4= (0..143)
0 0 0 0 0 0 0 0 0 0 0 0 0 0 0 0 0 0 0 0 0 0 0 0 0 0 0 0 0 0 0 0 0 0 0 0
0 0 0 0 0 0 0 0 0 0 0 0 0 0 0 0 0 0 0 0 0 0 0 0 0 0 0 0 0 0 0 0 0 0 0 0
0 0 0 0 0 0 0 0 0 0 0 0 0 0 0 0 0 0 0 0 0 0 0 0 0 0 0 0 0 0 0 0 0 0 0 0
0 0 0 0 0 0 0 0 0 0 0 0 0 0 0 0 0 0 0 0 0 0 0 0 0 0 0 0 0 0 0 0 0 0 0 0
##$SHL_EXPANDCF5= (0..143)
0 0 0 0 0 0 0 0 0 0 0 0 0 0 0 0 0 0 0 0 0 0 0 0 0 0 0 0 0 0 0 0 0 0 0 0
0 0 0 0 0 0 0 0 0 0 0 0 0 0 0 0 0 0 0 0 0 0 0 0 0 0 0 0 0 0 0 0 0 0 0 0
0 0 0 0 0 0 0 0 0 0 0 0 0 0 0 0 0 0 0 0 0 0 0 0 0 0 0 0 0 0 0 0 0 0 0 0
0 0 0 0 0 0 0 0 0 0 0 0 0 0 0 0 0 0 0 0 0 0 0 0 0 0 0 0 0 0 0 0 0 0 0 0
##$SHL_EXPANDCF6= (0..143)
0 0 0 0 0 0 0 0 0 0 0 0 0 0 0 0 0 0 0 0 0 0 0 0 0 0 0 0 0 0 0 0 0 0 0 0
0 0 0 0 0 0 0 0 0 0 0 0 0 0 0 0 0 0 0 0 0 0 0 0 0 0 0 0 0 0 0 0 0 0 0 0
0 0 0 0 0 0 0 0 0 0 0 0 0 0 0 0 0 0 0 0 0 0 0 0 0 0 0 0 0 0 0 0 0 0 0 0
0 0 0 0 0 0 0 0 0 0 0 0 0 0 0 0 0 0 0 0 0 0 0 0 0 0 0 0 0 0 0 0 0 0 0 0
##$SHL_EXPANDCF7= (0..143)
0 0 0 0 0 0 0 0 0 0 0 0 0 0 0 0 0 0 0 0 0 0 0 0 0 0 0 0 0 0 0 0 0 0 0 0
0 0 0 0 0 0 0 0 0 0 0 0 0 0 0 0 0 0 0 0 0 0 0 0 0 0 0 0 0 0 0 0 0 0 0 0
0 0 0 0 0 0 0 0 0 0 0 0 0 0 0 0 0 0 0 0 0 0 0 0 0 0 0 0 0 0 0 0 0 0 0 0
0 0 0 0 0 0 0 0 0 0 0 0 0 0 0 0 0 0 0 0 0 0 0 0 0 0 0 0 0 0 0 0 0 0 0 0
##$SHL_EXPANDCF8= (0..143)
0 0 0 0 0 0 0 0 0 0 0 0 0 0 0 0 0 0 0 0 0 0 0 0 0 0 0 0 0 0 0 0 0 0 0 0
0 0 0 0 0 0 0 0 0 0 0 0 0 0 0 0 0 0 0 0 0 0 0 0 0 0 0 0 0 0 0 0 0 0 0 0
0 0 0 0 0 0 0 0 0 0 0 0 0 0 0 0 0 0 0 0 0 0 0 0 0 0 0 0 0 0 0 0 0 0 0 0
0 0 0 0 0 0 0 0 0 0 0 0 0 0 0 0 0 0 0 0 0 0 0 0 0 0 0 0 0 0 0 0 0 0 0 0
##$SHL_EXPANDCF9= (0..143)
0 0 0 0 0 0 0 0 0 0 0 0 0 0 0 0 0 0 0 0 0 0 0 0 0 0 0 0 0 0 0 0 0 0 0 0
0 0 0 0 0 0 0 0 0 0 0 0 0 0 0 0 0 0 0 0 0 0 0 0 0 0 0 0 0 0 0 0 0 0 0 0
0 0 0 0 0 0 0 0 0 0 0 0 0 0 0 0 0 0 0 0 0 0 0 0 0 0 0 0 0 0 0 0 0 0 0 0
0 0 0 0 0 0 0 0 0 0 0 0 0 0 0 0 0 0 0 0 0 0 0 0 0 0 0 0 0 0 0 0 0 0 0 0
##$SHL_EXPFAC= (0..15)
0 0 0 0 0 0 0 0 0 0 0 0 0 0 0 0
##$SHL_FRACEND= (0..15)
0 0 0 0 0 0 0 0 0 0 0 0 0 0 0 0
##$SHL_FRACORG= (0..15)
0 0 0 0 0 0 0 0 0 0 0 0 0 0 0 0
##$SHL_FRACSTART= (0..15)
0 0 0 0 0 0 0 0 0 0 0 0 0 0 0 0
##$SHL_FULLHALF= (0..15)
0 0 0 0 0 0 0 0 0 0 0 0 0 0 0 0
##$SHL_FUNCAMP= (0..15)
100 0 0 0 0 0 0 0 0 0 0 0 0 0 0 0
##$SHL_FUNCTION= (0..15)
<Rectangle> <> <> <> <> <> <> <> <> <> <> <> <> <> <> <>
##$SHL_GCO= (0..15)
<> <> <> <> <> <> <> <> <> <> <> <> <> <> <> <>
##$SHL_GCOCOEFFS0= (0..59)
0 0 0 0 0 0 0 0 0 0 0 0 0 0 0 0 0 0 0 0 0 0 0 0 0 0 0 0 0 0 0 0 0 0 0 0
0 0 0 0 0 0 0 0 0 0 0 0 0 0 0 0 0 0 0 0 0 0 0 0
##$SHL_GCOCOEFFS1= (0..59)
0 0 0 0 0 0 0 0 0 0 0 0 0 0 0 0 0 0 0 0 0 0 0 0 0 0 0 0 0 0 0 0 0 0 0 0
0 0 0 0 0 0 0 0 0 0 0 0 0 0 0 0 0 0 0 0 0 0 0 0
##$SHL_GCOCOEFFS10= (0..59)
0 0 0 0 0 0 0 0 0 0 0 0 0 0 0 0 0 0 0 0 0 0 0 0 0 0 0 0 0 0 0 0 0 0 0 0
0 0 0 0 0 0 0 0 0 0 0 0 0 0 0 0 0 0 0 0 0 0 0 0
##$SHL_GCOCOEFFS11= (0..59)
0 0 0 0 0 0 0 0 0 0 0 0 0 0 0 0 0 0 0 0 0 0 0 0 0 0 0 0 0 0 0 0 0 0 0 0
0 0 0 0 0 0 0 0 0 0 0 0 0 0 0 0 0 0 0 0 0 0 0 0
##$SHL_GCOCOEFFS12= (0..59)
0 0 0 0 0 0 0 0 0 0 0 0 0 0 0 0 0 0 0 0 0 0 0 0 0 0 0 0 0 0 0 0 0 0 0 0
0 0 0 0 0 0 0 0 0 0 0 0 0 0 0 0 0 0 0 0 0 0 0 0
##$SHL_GCOCOEFFS13= (0..59)
0 0 0 0 0 0 0 0 0 0 0 0 0 0 0 0 0 0 0 0 0 0 0 0 0 0 0 0 0 0 0 0 0 0 0 0
0 0 0 0 0 0 0 0 0 0 0 0 0 0 0 0 0 0 0 0 0 0 0 0
##$SHL_GCOCOEFFS14= (0..59)
0 0 0 0 0 0 0 0 0 0 0 0 0 0 0 0 0 0 0 0 0 0 0 0 0 0 0 0 0 0 0 0 0 0 0 0
0 0 0 0 0 0 0 0 0 0 0 0 0 0 0 0 0 0 0 0 0 0 0 0
##$SHL_GCOCOEFFS15= (0..59)
0 0 0 0 0 0 0 0 0 0 0 0 0 0 0 0 0 0 0 0 0 0 0 0 0 0 0 0 0 0 0 0 0 0 0 0
0 0 0 0 0 0 0 0 0 0 0 0 0 0 0 0 0 0 0 0 0 0 0 0
##$SHL_GCOCOEFFS2= (0..59)
0 0 0 0 0 0 0 0 0 0 0 0 0 0 0 0 0 0 0 0 0 0 0 0 0 0 0 0 0 0 0 0 0 0 0 0
0 0 0 0 0 0 0 0 0 0 0 0 0 0 0 0 0 0 0 0 0 0 0 0
##$SHL_GCOCOEFFS3= (0..59)
0 0 0 0 0 0 0 0 0 0 0 0 0 0 0 0 0 0 0 0 0 0 0 0 0 0 0 0 0 0 0 0 0 0 0 0
0 0 0 0 0 0 0 0 0 0 0 0 0 0 0 0 0 0 0 0 0 0 0 0
##$SHL_GCOCOEFFS4= (0..59)
0 0 0 0 0 0 0 0 0 0 0 0 0 0 0 0 0 0 0 0 0 0 0 0 0 0 0 0 0 0 0 0 0 0 0 0
0 0 0 0 0 0 0 0 0 0 0 0 0 0 0 0 0 0 0 0 0 0 0 0
##$SHL_GCOCOEFFS5= (0..59)
0 0 0 0 0 0 0 0 0 0 0 0 0 0 0 0 0 0 0 0 0 0 0 0 0 0 0 0 0 0 0 0 0 0 0 0
0 0 0 0 0 0 0 0 0 0 0 0 0 0 0 0 0 0 0 0 0 0 0 0
##$SHL_GCOCOEFFS6= (0..59)
0 0 0 0 0 0 0 0 0 0 0 0 0 0 0 0 0 0 0 0 0 0 0 0 0 0 0 0 0 0 0 0 0 0 0 0
0 0 0 0 0 0 0 0 0 0 0 0 0 0 0 0 0 0 0 0 0 0 0 0
##$SHL_GCOCOEFFS7= (0..59)
0 0 0 0 0 0 0 0 0 0 0 0 0 0 0 0 0 0 0 0 0 0 0 0 0 0 0 0 0 0 0 0 0 0 0 0
0 0 0 0 0 0 0 0 0 0 0 0 0 0 0 0 0 0 0 0 0 0 0 0
##$SHL_GCOCOEFFS8= (0..59)
0 0 0 0 0 0 0 0 0 0 0 0 0 0 0 0 0 0 0 0 0 0 0 0 0 0 0 0 0 0 0 0 0 0 0 0
0 0 0 0 0 0 0 0 0 0 0 0 0 0 0 0 0 0 0 0 0 0 0 0
##$SHL_GCOCOEFFS9= (0..59)
0 0 0 0 0 0 0 0 0 0 0 0 0 0 0 0 0 0 0 0 0 0 0 0 0 0 0 0 0 0 0 0 0 0 0 0
0 0 0 0 0 0 0 0 0 0 0 0 0 0 0 0 0 0 0 0 0 0 0 0
##$SHL_INTEGFAC= (0..15)
1 0 0 0 0 0 0 0 0 0 0 0 0 0 0 0
##$SHL_LB= (0..15)
0 0 0 0 0 0 0 0 0 0 0 0 0 0 0 0
##$SHL_LEFTLIMIT= (0..15)
0 0 0 0 0 0 0 0 0 0 0 0 0 0 0 0
##$SHL_LENGTH= (0..15)
25000.000373 0 0 0 0 0 0 0 0 0 0 0 0 0 0 0
##$SHL_MAN= (0..15)
<> <> <> <> <> <> <> <> <> <> <> <> <> <> <> <>
##$SHL_MEANAMP= (0..15)
0 0 0 0 0 0 0 0 0 0 0 0 0 0 0 0
##$SHL_MODAMP= (0..15)
0 0 0 0 0 0 0 0 0 0 0 0 0 0 0 0
##$SHL_MODE= (0..15)
0 0 0 0 0 0 0 0 0 0 0 0 0 0 0 0
##$SHL_MODFREQ= (0..15)
0 0 0 0 0 0 0 0 0 0 0 0 0 0 0 0
##$SHL_MODPHASE= (0..15)
0 0 0 0 0 0 0 0 0 0 0 0 0 0 0 0
##$SHL_MODSCALE= (0..15)
0 0 0 0 0 0 0 0 0 0 0 0 0 0 0 0
##$SHL_MODSW= (0..15)
0 0 0 0 0 0 0 0 0 0 0 0 0 0 0 0
##$SHL_MODSWDIR= (0..15)
-1 -1 -1 -1 -1 -1 -1 -1 -1 -1 -1 -1 -1 -1 -1 -1
##$SHL_MU= (0..15)
0 0 0 0 0 0 0 0 0 0 0 0 0 0 0 0
##$SHL_NPOINTS= (0..15)
1250 0 0 0 0 0 0 0 0 0 0 0 0 0 0 0
##$SHL_OFFS= (0..15)
<> <> <> <> <> <> <> <> <> <> <> <> <> <> <> <>
##$SHL_OFFSCOEFF0= (0..95)
0 0 0 0 0 0 0 0 0 0 0 0 0 0 0 0 0 0 0 0 0 0 0 0 0 0 0 0 0 0 0 0 0 0 0 0
0 0 0 0 0 0 0 0 0 0 0 0 0 0 0 0 0 0 0 0 0 0 0 0 0 0 0 0 0 0 0 0 0 0 0 0
0 0 0 0 0 0 0 0 0 0 0 0 0 0 0 0 0 0 0 0 0 0 0 0
##$SHL_OFFSCOEFF1= (0..95)
0 0 0 0 0 0 0 0 0 0 0 0 0 0 0 0 0 0 0 0 0 0 0 0 0 0 0 0 0 0 0 0 0 0 0 0
0 0 0 0 0 0 0 0 0 0 0 0 0 0 0 0 0 0 0 0 0 0 0 0 0 0 0 0 0 0 0 0 0 0 0 0
0 0 0 0 0 0 0 0 0 0 0 0 0 0 0 0 0 0 0 0 0 0 0 0
##$SHL_OFFSCOEFF10= (0..95)
0 0 0 0 0 0 0 0 0 0 0 0 0 0 0 0 0 0 0 0 0 0 0 0 0 0 0 0 0 0 0 0 0 0 0 0
0 0 0 0 0 0 0 0 0 0 0 0 0 0 0 0 0 0 0 0 0 0 0 0 0 0 0 0 0 0 0 0 0 0 0 0
0 0 0 0 0 0 0 0 0 0 0 0 0 0 0 0 0 0 0 0 0 0 0 0
##$SHL_OFFSCOEFF11= (0..95)
0 0 0 0 0 0 0 0 0 0 0 0 0 0 0 0 0 0 0 0 0 0 0 0 0 0 0 0 0 0 0 0 0 0 0 0
0 0 0 0 0 0 0 0 0 0 0 0 0 0 0 0 0 0 0 0 0 0 0 0 0 0 0 0 0 0 0 0 0 0 0 0
0 0 0 0 0 0 0 0 0 0 0 0 0 0 0 0 0 0 0 0 0 0 0 0
##$SHL_OFFSCOEFF12= (0..95)
0 0 0 0 0 0 0 0 0 0 0 0 0 0 0 0 0 0 0 0 0 0 0 0 0 0 0 0 0 0 0 0 0 0 0 0
0 0 0 0 0 0 0 0 0 0 0 0 0 0 0 0 0 0 0 0 0 0 0 0 0 0 0 0 0 0 0 0 0 0 0 0
0 0 0 0 0 0 0 0 0 0 0 0 0 0 0 0 0 0 0 0 0 0 0 0
##$SHL_OFFSCOEFF13= (0..95)
0 0 0 0 0 0 0 0 0 0 0 0 0 0 0 0 0 0 0 0 0 0 0 0 0 0 0 0 0 0 0 0 0 0 0 0
0 0 0 0 0 0 0 0 0 0 0 0 0 0 0 0 0 0 0 0 0 0 0 0 0 0 0 0 0 0 0 0 0 0 0 0
0 0 0 0 0 0 0 0 0 0 0 0 0 0 0 0 0 0 0 0 0 0 0 0
##$SHL_OFFSCOEFF14= (0..95)
0 0 0 0 0 0 0 0 0 0 0 0 0 0 0 0 0 0 0 0 0 0 0 0 0 0 0 0 0 0 0 0 0 0 0 0
0 0 0 0 0 0 0 0 0 0 0 0 0 0 0 0 0 0 0 0 0 0 0 0 0 0 0 0 0 0 0 0 0 0 0 0
0 0 0 0 0 0 0 0 0 0 0 0 0 0 0 0 0 0 0 0 0 0 0 0
##$SHL_OFFSCOEFF15= (0..95)
0 0 0 0 0 0 0 0 0 0 0 0 0 0 0 0 0 0 0 0 0 0 0 0 0 0 0 0 0 0 0 0 0 0 0 0
0 0 0 0 0 0 0 0 0 0 0 0 0 0 0 0 0 0 0 0 0 0 0 0 0 0 0 0 0 0 0 0 0 0 0 0
0 0 0 0 0 0 0 0 0 0 0 0 0 0 0 0 0 0 0 0 0 0 0 0
##$SHL_OFFSCOEFF2= (0..95)
0 0 0 0 0 0 0 0 0 0 0 0 0 0 0 0 0 0 0 0 0 0 0 0 0 0 0 0 0 0 0 0 0 0 0 0
0 0 0 0 0 0 0 0 0 0 0 0 0 0 0 0 0 0 0 0 0 0 0 0 0 0 0 0 0 0 0 0 0 0 0 0
0 0 0 0 0 0 0 0 0 0 0 0 0 0 0 0 0 0 0 0 0 0 0 0
##$SHL_OFFSCOEFF3= (0..95)
0 0 0 0 0 0 0 0 0 0 0 0 0 0 0 0 0 0 0 0 0 0 0 0 0 0 0 0 0 0 0 0 0 0 0 0
0 0 0 0 0 0 0 0 0 0 0 0 0 0 0 0 0 0 0 0 0 0 0 0 0 0 0 0 0 0 0 0 0 0 0 0
0 0 0 0 0 0 0 0 0 0 0 0 0 0 0 0 0 0 0 0 0 0 0 0
##$SHL_OFFSCOEFF4= (0..95)
0 0 0 0 0 0 0 0 0 0 0 0 0 0 0 0 0 0 0 0 0 0 0 0 0 0 0 0 0 0 0 0 0 0 0 0
0 0 0 0 0 0 0 0 0 0 0 0 0 0 0 0 0 0 0 0 0 0 0 0 0 0 0 0 0 0 0 0 0 0 0 0
0 0 0 0 0 0 0 0 0 0 0 0 0 0 0 0 0 0 0 0 0 0 0 0
##$SHL_OFFSCOEFF5= (0..95)
0 0 0 0 0 0 0 0 0 0 0 0 0 0 0 0 0 0 0 0 0 0 0 0 0 0 0 0 0 0 0 0 0 0 0 0
0 0 0 0 0 0 0 0 0 0 0 0 0 0 0 0 0 0 0 0 0 0 0 0 0 0 0 0 0 0 0 0 0 0 0 0
0 0 0 0 0 0 0 0 0 0 0 0 0 0 0 0 0 0 0 0 0 0 0 0
##$SHL_OFFSCOEFF6= (0..95)
0 0 0 0 0 0 0 0 0 0 0 0 0 0 0 0 0 0 0 0 0 0 0 0 0 0 0 0 0 0 0 0 0 0 0 0
0 0 0 0 0 0 0 0 0 0 0 0 0 0 0 0 0 0 0 0 0 0 0 0 0 0 0 0 0 0 0 0 0 0 0 0
0 0 0 0 0 0 0 0 0 0 0 0 0 0 0 0 0 0 0 0 0 0 0 0
##$SHL_OFFSCOEFF7= (0..95)
0 0 0 0 0 0 0 0 0 0 0 0 0 0 0 0 0 0 0 0 0 0 0 0 0 0 0 0 0 0 0 0 0 0 0 0
0 0 0 0 0 0 0 0 0 0 0 0 0 0 0 0 0 0 0 0 0 0 0 0 0 0 0 0 0 0 0 0 0 0 0 0
0 0 0 0 0 0 0 0 0 0 0 0 0 0 0 0 0 0 0 0 0 0 0 0
##$SHL_OFFSCOEFF8= (0..95)
0 0 0 0 0 0 0 0 0 0 0 0 0 0 0 0 0 0 0 0 0 0 0 0 0 0 0 0 0 0 0 0 0 0 0 0
0 0 0 0 0 0 0 0 0 0 0 0 0 0 0 0 0 0 0 0 0 0 0 0 0 0 0 0 0 0 0 0 0 0 0 0
0 0 0 0 0 0 0 0 0 0 0 0 0 0 0 0 0 0 0 0 0 0 0 0
##$SHL_OFFSCOEFF9= (0..95)
0 0 0 0 0 0 0 0 0 0 0 0 0 0 0 0 0 0 0 0 0 0 0 0 0 0 0 0 0 0 0 0 0 0 0 0
0 0 0 0 0 0 0 0 0 0 0 0 0 0 0 0 0 0 0 0 0 0 0 0 0 0 0 0 0 0 0 0 0 0 0 0
0 0 0 0 0 0 0 0 0 0 0 0 0 0 0 0 0 0 0 0 0 0 0 0
##$SHL_PHASE= (0..15)
0 0 0 0 0 0 0 0 0 0 0 0 0 0 0 0
##$SHL_PHASEFAC= (0..15)
0 0 0 0 0 0 0 0 0 0 0 0 0 0 0 0
##$SHL_POWERINDEX= (0..15)
0 0 0 0 0 0 0 0 0 0 0 0 0 0 0 0
##$SHL_QUADCOEFF= (0..15)
0 0 0 0 0 0 0 0 0 0 0 0 0 0 0 0
##$SHL_RIGHTLIMIT= (0..15)
0 0 0 0 0 0 0 0 0 0 0 0 0 0 0 0
##$SHL_SCALEFACTOR= (0..15)
1 1 1 1 1 1 1 1 1 1 1 1 1 1 1 1
##$SHL_SF= (0..15)
<> <> <> <> <> <> <> <> <> <> <> <> <> <> <> <>
##$SHL_SFCOEFFS0= (0..200)
0 0 0 0 0 0 0 0 0 0 0 0 0 0 0 0 0 0 0 0 0 0 0 0 0 0 0 0 0 0 0 0 0 0 0 0
0 0 0 0 0 0 0 0 0 0 0 0 0 0 0 0 0 0 0 0 0 0 0 0 0 0 0 0 0 0 0 0 0 0 0 0
0 0 0 0 0 0 0 0 0 0 0 0 0 0 0 0 0 0 0 0 0 0 0 0 0 0 0 0 0 0 0 0 0 0 0 0
0 0 0 0 0 0 0 0 0 0 0 0 0 0 0 0 0 0 0 0 0 0 0 0 0 0 0 0 0 0 0 0 0 0 0 0
0 0 0 0 0 0 0 0 0 0 0 0 0 0 0 0 0 0 0 0 0 0 0 0 0 0 0 0 0 0 0 0 0 0 0 0
0 0 0 0 0 0 0 0 0 0 0 0 0 0 0 0 0 0 0 0 0
##$SHL_SFCOEFFS1= (0..200)
0 0 0 0 0 0 0 0 0 0 0 0 0 0 0 0 0 0 0 0 0 0 0 0 0 0 0 0 0 0 0 0 0 0 0 0
0 0 0 0 0 0 0 0 0 0 0 0 0 0 0 0 0 0 0 0 0 0 0 0 0 0 0 0 0 0 0 0 0 0 0 0
0 0 0 0 0 0 0 0 0 0 0 0 0 0 0 0 0 0 0 0 0 0 0 0 0 0 0 0 0 0 0 0 0 0 0 0
0 0 0 0 0 0 0 0 0 0 0 0 0 0 0 0 0 0 0 0 0 0 0 0 0 0 0 0 0 0 0 0 0 0 0 0
0 0 0 0 0 0 0 0 0 0 0 0 0 0 0 0 0 0 0 0 0 0 0 0 0 0 0 0 0 0 0 0 0 0 0 0
0 0 0 0 0 0 0 0 0 0 0 0 0 0 0 0 0 0 0 0 0
##$SHL_SFCOEFFS10= (0..200)
0 0 0 0 0 0 0 0 0 0 0 0 0 0 0 0 0 0 0 0 0 0 0 0 0 0 0 0 0 0 0 0 0 0 0 0
0 0 0 0 0 0 0 0 0 0 0 0 0 0 0 0 0 0 0 0 0 0 0 0 0 0 0 0 0 0 0 0 0 0 0 0
0 0 0 0 0 0 0 0 0 0 0 0 0 0 0 0 0 0 0 0 0 0 0 0 0 0 0 0 0 0 0 0 0 0 0 0
0 0 0 0 0 0 0 0 0 0 0 0 0 0 0 0 0 0 0 0 0 0 0 0 0 0 0 0 0 0 0 0 0 0 0 0
0 0 0 0 0 0 0 0 0 0 0 0 0 0 0 0 0 0 0 0 0 0 0 0 0 0 0 0 0 0 0 0 0 0 0 0
0 0 0 0 0 0 0 0 0 0 0 0 0 0 0 0 0 0 0 0 0
##$SHL_SFCOEFFS11= (0..200)
0 0 0 0 0 0 0 0 0 0 0 0 0 0 0 0 0 0 0 0 0 0 0 0 0 0 0 0 0 0 0 0 0 0 0 0
0 0 0 0 0 0 0 0 0 0 0 0 0 0 0 0 0 0 0 0 0 0 0 0 0 0 0 0 0 0 0 0 0 0 0 0
0 0 0 0 0 0 0 0 0 0 0 0 0 0 0 0 0 0 0 0 0 0 0 0 0 0 0 0 0 0 0 0 0 0 0 0
0 0 0 0 0 0 0 0 0 0 0 0 0 0 0 0 0 0 0 0 0 0 0 0 0 0 0 0 0 0 0 0 0 0 0 0
0 0 0 0 0 0 0 0 0 0 0 0 0 0 0 0 0 0 0 0 0 0 0 0 0 0 0 0 0 0 0 0 0 0 0 0
0 0 0 0 0 0 0 0 0 0 0 0 0 0 0 0 0 0 0 0 0
##$SHL_SFCOEFFS12= (0..200)
0 0 0 0 0 0 0 0 0 0 0 0 0 0 0 0 0 0 0 0 0 0 0 0 0 0 0 0 0 0 0 0 0 0 0 0
0 0 0 0 0 0 0 0 0 0 0 0 0 0 0 0 0 0 0 0 0 0 0 0 0 0 0 0 0 0 0 0 0 0 0 0
0 0 0 0 0 0 0 0 0 0 0 0 0 0 0 0 0 0 0 0 0 0 0 0 0 0 0 0 0 0 0 0 0 0 0 0
0 0 0 0 0 0 0 0 0 0 0 0 0 0 0 0 0 0 0 0 0 0 0 0 0 0 0 0 0 0 0 0 0 0 0 0
0 0 0 0 0 0 0 0 0 0 0 0 0 0 0 0 0 0 0 0 0 0 0 0 0 0 0 0 0 0 0 0 0 0 0 0
0 0 0 0 0 0 0 0 0 0 0 0 0 0 0 0 0 0 0 0 0
##$SHL_SFCOEFFS13= (0..200)
0 0 0 0 0 0 0 0 0 0 0 0 0 0 0 0 0 0 0 0 0 0 0 0 0 0 0 0 0 0 0 0 0 0 0 0
0 0 0 0 0 0 0 0 0 0 0 0 0 0 0 0 0 0 0 0 0 0 0 0 0 0 0 0 0 0 0 0 0 0 0 0
0 0 0 0 0 0 0 0 0 0 0 0 0 0 0 0 0 0 0 0 0 0 0 0 0 0 0 0 0 0 0 0 0 0 0 0
0 0 0 0 0 0 0 0 0 0 0 0 0 0 0 0 0 0 0 0 0 0 0 0 0 0 0 0 0 0 0 0 0 0 0 0
0 0 0 0 0 0 0 0 0 0 0 0 0 0 0 0 0 0 0 0 0 0 0 0 0 0 0 0 0 0 0 0 0 0 0 0
0 0 0 0 0 0 0 0 0 0 0 0 0 0 0 0 0 0 0 0 0
##$SHL_SFCOEFFS14= (0..200)
0 0 0 0 0 0 0 0 0 0 0 0 0 0 0 0 0 0 0 0 0 0 0 0 0 0 0 0 0 0 0 0 0 0 0 0
0 0 0 0 0 0 0 0 0 0 0 0 0 0 0 0 0 0 0 0 0 0 0 0 0 0 0 0 0 0 0 0 0 0 0 0
0 0 0 0 0 0 0 0 0 0 0 0 0 0 0 0 0 0 0 0 0 0 0 0 0 0 0 0 0 0 0 0 0 0 0 0
0 0 0 0 0 0 0 0 0 0 0 0 0 0 0 0 0 0 0 0 0 0 0 0 0 0 0 0 0 0 0 0 0 0 0 0
0 0 0 0 0 0 0 0 0 0 0 0 0 0 0 0 0 0 0 0 0 0 0 0 0 0 0 0 0 0 0 0 0 0 0 0
0 0 0 0 0 0 0 0 0 0 0 0 0 0 0 0 0 0 0 0 0
##$SHL_SFCOEFFS15= (0..200)
0 0 0 0 0 0 0 0 0 0 0 0 0 0 0 0 0 0 0 0 0 0 0 0 0 0 0 0 0 0 0 0 0 0 0 0
0 0 0 0 0 0 0 0 0 0 0 0 0 0 0 0 0 0 0 0 0 0 0 0 0 0 0 0 0 0 0 0 0 0 0 0
0 0 0 0 0 0 0 0 0 0 0 0 0 0 0 0 0 0 0 0 0 0 0 0 0 0 0 0 0 0 0 0 0 0 0 0
0 0 0 0 0 0 0 0 0 0 0 0 0 0 0 0 0 0 0 0 0 0 0 0 0 0 0 0 0 0 0 0 0 0 0 0
0 0 0 0 0 0 0 0 0 0 0 0 0 0 0 0 0 0 0 0 0 0 0 0 0 0 0 0 0 0 0 0 0 0 0 0
0 0 0 0 0 0 0 0 0 0 0 0 0 0 0 0 0 0 0 0 0
##$SHL_SFCOEFFS2= (0..200)
0 0 0 0 0 0 0 0 0 0 0 0 0 0 0 0 0 0 0 0 0 0 0 0 0 0 0 0 0 0 0 0 0 0 0 0
0 0 0 0 0 0 0 0 0 0 0 0 0 0 0 0 0 0 0 0 0 0 0 0 0 0 0 0 0 0 0 0 0 0 0 0
0 0 0 0 0 0 0 0 0 0 0 0 0 0 0 0 0 0 0 0 0 0 0 0 0 0 0 0 0 0 0 0 0 0 0 0
0 0 0 0 0 0 0 0 0 0 0 0 0 0 0 0 0 0 0 0 0 0 0 0 0 0 0 0 0 0 0 0 0 0 0 0
0 0 0 0 0 0 0 0 0 0 0 0 0 0 0 0 0 0 0 0 0 0 0 0 0 0 0 0 0 0 0 0 0 0 0 0
0 0 0 0 0 0 0 0 0 0 0 0 0 0 0 0 0 0 0 0 0
##$SHL_SFCOEFFS3= (0..200)
0 0 0 0 0 0 0 0 0 0 0 0 0 0 0 0 0 0 0 0 0 0 0 0 0 0 0 0 0 0 0 0 0 0 0 0
0 0 0 0 0 0 0 0 0 0 0 0 0 0 0 0 0 0 0 0 0 0 0 0 0 0 0 0 0 0 0 0 0 0 0 0
0 0 0 0 0 0 0 0 0 0 0 0 0 0 0 0 0 0 0 0 0 0 0 0 0 0 0 0 0 0 0 0 0 0 0 0
0 0 0 0 0 0 0 0 0 0 0 0 0 0 0 0 0 0 0 0 0 0 0 0 0 0 0 0 0 0 0 0 0 0 0 0
0 0 0 0 0 0 0 0 0 0 0 0 0 0 0 0 0 0 0 0 0 0 0 0 0 0 0 0 0 0 0 0 0 0 0 0
0 0 0 0 0 0 0 0 0 0 0 0 0 0 0 0 0 0 0 0 0
##$SHL_SFCOEFFS4= (0..200)
0 0 0 0 0 0 0 0 0 0 0 0 0 0 0 0 0 0 0 0 0 0 0 0 0 0 0 0 0 0 0 0 0 0 0 0
0 0 0 0 0 0 0 0 0 0 0 0 0 0 0 0 0 0 0 0 0 0 0 0 0 0 0 0 0 0 0 0 0 0 0 0
0 0 0 0 0 0 0 0 0 0 0 0 0 0 0 0 0 0 0 0 0 0 0 0 0 0 0 0 0 0 0 0 0 0 0 0
0 0 0 0 0 0 0 0 0 0 0 0 0 0 0 0 0 0 0 0 0 0 0 0 0 0 0 0 0 0 0 0 0 0 0 0
0 0 0 0 0 0 0 0 0 0 0 0 0 0 0 0 0 0 0 0 0 0 0 0 0 0 0 0 0 0 0 0 0 0 0 0
0 0 0 0 0 0 0 0 0 0 0 0 0 0 0 0 0 0 0 0 0
##$SHL_SFCOEFFS5= (0..200)
0 0 0 0 0 0 0 0 0 0 0 0 0 0 0 0 0 0 0 0 0 0 0 0 0 0 0 0 0 0 0 0 0 0 0 0
0 0 0 0 0 0 0 0 0 0 0 0 0 0 0 0 0 0 0 0 0 0 0 0 0 0 0 0 0 0 0 0 0 0 0 0
0 0 0 0 0 0 0 0 0 0 0 0 0 0 0 0 0 0 0 0 0 0 0 0 0 0 0 0 0 0 0 0 0 0 0 0
0 0 0 0 0 0 0 0 0 0 0 0 0 0 0 0 0 0 0 0 0 0 0 0 0 0 0 0 0 0 0 0 0 0 0 0
0 0 0 0 0 0 0 0 0 0 0 0 0 0 0 0 0 0 0 0 0 0 0 0 0 0 0 0 0 0 0 0 0 0 0 0
0 0 0 0 0 0 0 0 0 0 0 0 0 0 0 0 0 0 0 0 0
##$SHL_SFCOEFFS6= (0..200)
0 0 0 0 0 0 0 0 0 0 0 0 0 0 0 0 0 0 0 0 0 0 0 0 0 0 0 0 0 0 0 0 0 0 0 0
0 0 0 0 0 0 0 0 0 0 0 0 0 0 0 0 0 0 0 0 0 0 0 0 0 0 0 0 0 0 0 0 0 0 0 0
0 0 0 0 0 0 0 0 0 0 0 0 0 0 0 0 0 0 0 0 0 0 0 0 0 0 0 0 0 0 0 0 0 0 0 0
0 0 0 0 0 0 0 0 0 0 0 0 0 0 0 0 0 0 0 0 0 0 0 0 0 0 0 0 0 0 0 0 0 0 0 0
0 0 0 0 0 0 0 0 0 0 0 0 0 0 0 0 0 0 0 0 0 0 0 0 0 0 0 0 0 0 0 0 0 0 0 0
0 0 0 0 0 0 0 0 0 0 0 0 0 0 0 0 0 0 0 0 0
##$SHL_SFCOEFFS7= (0..200)
0 0 0 0 0 0 0 0 0 0 0 0 0 0 0 0 0 0 0 0 0 0 0 0 0 0 0 0 0 0 0 0 0 0 0 0
0 0 0 0 0 0 0 0 0 0 0 0 0 0 0 0 0 0 0 0 0 0 0 0 0 0 0 0 0 0 0 0 0 0 0 0
0 0 0 0 0 0 0 0 0 0 0 0 0 0 0 0 0 0 0 0 0 0 0 0 0 0 0 0 0 0 0 0 0 0 0 0
0 0 0 0 0 0 0 0 0 0 0 0 0 0 0 0 0 0 0 0 0 0 0 0 0 0 0 0 0 0 0 0 0 0 0 0
0 0 0 0 0 0 0 0 0 0 0 0 0 0 0 0 0 0 0 0 0 0 0 0 0 0 0 0 0 0 0 0 0 0 0 0
0 0 0 0 0 0 0 0 0 0 0 0 0 0 0 0 0 0 0 0 0
##$SHL_SFCOEFFS8= (0..200)
0 0 0 0 0 0 0 0 0 0 0 0 0 0 0 0 0 0 0 0 0 0 0 0 0 0 0 0 0 0 0 0 0 0 0 0
0 0 0 0 0 0 0 0 0 0 0 0 0 0 0 0 0 0 0 0 0 0 0 0 0 0 0 0 0 0 0 0 0 0 0 0
0 0 0 0 0 0 0 0 0 0 0 0 0 0 0 0 0 0 0 0 0 0 0 0 0 0 0 0 0 0 0 0 0 0 0 0
0 0 0 0 0 0 0 0 0 0 0 0 0 0 0 0 0 0 0 0 0 0 0 0 0 0 0 0 0 0 0 0 0 0 0 0
0 0 0 0 0 0 0 0 0 0 0 0 0 0 0 0 0 0 0 0 0 0 0 0 0 0 0 0 0 0 0 0 0 0 0 0
0 0 0 0 0 0 0 0 0 0 0 0 0 0 0 0 0 0 0 0 0
##$SHL_SFCOEFFS9= (0..200)
0 0 0 0 0 0 0 0 0 0 0 0 0 0 0 0 0 0 0 0 0 0 0 0 0 0 0 0 0 0 0 0 0 0 0 0
0 0 0 0 0 0 0 0 0 0 0 0 0 0 0 0 0 0 0 0 0 0 0 0 0 0 0 0 0 0 0 0 0 0 0 0
0 0 0 0 0 0 0 0 0 0 0 0 0 0 0 0 0 0 0 0 0 0 0 0 0 0 0 0 0 0 0 0 0 0 0 0
0 0 0 0 0 0 0 0 0 0 0 0 0 0 0 0 0 0 0 0 0 0 0 0 0 0 0 0 0 0 0 0 0 0 0 0
0 0 0 0 0 0 0 0 0 0 0 0 0 0 0 0 0 0 0 0 0 0 0 0 0 0 0 0 0 0 0 0 0 0 0 0
0 0 0 0 0 0 0 0 0 0 0 0 0 0 0 0 0 0 0 0 0
##$SHL_SMOOTHED= (0..15)
0 0 0 0 0 0 0 0 0 0 0 0 0 0 0 0
##$SHL_SMOOTHING= (0..15)
0 0 0 0 0 0 0 0 0 0 0 0 0 0 0 0
##$SHL_SPOAL= (0..15)
0 0 0 0 0 0 0 0 0 0 0 0 0 0 0 0
##$SHL_SPOFFS= (0..15)
0 0 0 0 0 0 0 0 0 0 0 0 0 0 0 0
##$SHL_SPOPH= (0..15)
0 0 0 0 0 0 0 0 0 0 0 0 0 0 0 0
##$SHL_STARTAMP= (0..15)
0 0 0 0 0 0 0 0 0 0 0 0 0 0 0 0
##$SHL_SW= (0..15)
0 0 0 0 0 0 0 0 0 0 0 0 0 0 0 0
##$SHL_SWDIR= (0..15)
-1 -1 -1 -1 -1 -1 -1 -1 -1 -1 -1 -1 -1 -1 -1 -1
##$SHL_TANKAPPA= (0..15)
0 0 0 0 0 0 0 0 0 0 0 0 0 0 0 0
##$SHL_TOTROT= (0..15)
90 0 0 0 0 0 0 0 0 0 0 0 0 0 0 0
##$SHL_TRUNCLEV= (0..15)
0 0 0 0 0 0 0 0 0 0 0 0 0 0 0 0
##$SHL_TYPE= (0..15)
<Excitation> <> <> <> <> <> <> <> <> <> <> <> <> <> <> <>
##$SHL_WINDOWSIZE= (0..15)
0 0 0 0 0 0 0 0 0 0 0 0 0 0 0 0
##$SHL_ZETA= (0..15)
0 0 0 0 0 0 0 0 0 0 0 0 0 0 0 0
##NPOINTS= 1250
##XYPOINTS= (XY..XY)
60.811231, 100.993685
59.795525, 102.157138
58.771685, 103.326729
57.740035, 104.502796
56.700903, 105.685700
55.654620, 106.875832
54.601522, 108.073614
53.541946, 109.279502
52.476237, 110.493990
51.404743, 111.717614
50.327817, 112.950957
49.245815, 114.194651
48.159102, 115.449388
47.068045, 116.715922
45.973020, 117.995077
44.874408, 119.287758
43.772599, 120.594958
42.667990, 121.917769
41.560987, 123.257398
40.452007, 124.615175
39.341477, 125.992577
38.229840, 127.391242
37.117550, 128.812996
36.005079, 130.259875
34.892918, 131.734159
33.781582, 133.238408
32.671607, 134.775504
31.563563, 136.348700
30.458052, 137.961685
29.355718, 139.618648
28.257250, 141.324370
27.163397, 143.084321
26.074974, 144.904785
24.992877, 146.793008
23.918100, 148.757369
22.851754, 150.807604
21.795092, 152.955055
20.749546, 155.212985
19.716758, 157.596946
18.698640, 160.125220
17.697430, 162.819333
16.715775, 165.704631
15.756832, 168.810914
14.824388, 172.173054
13.923017, 175.831494
13.058257, 179.832418
12.236810, 184.227194
11.466752, 189.070514
10.757692, 194.416315
10.120825, 200.310449
9.568725, 206.779216
9.114748, 213.814119
8.771877, 221.355794
8.551043, 229.283629
8.459220, 237.419483
8.497901, 245.550117
8.662595, 253.463266
8.943586, 260.983305
9.327634, 267.992771
9.799946, 274.435193
10.345818, 280.304226
10.951712, 285.627499
11.605769, 290.451507
12.297928, 294.830373
13.019819, 298.818696
13.764551, 302.467618
14.526475, 305.823039
15.300963, 308.925118
16.084211, 311.808460
16.873078, 314.502627
17.664955, 317.032762
18.457659, 319.420218
19.249353, 321.683130
20.038474, 323.836932
20.823689, 325.894783
21.603847, 327.867944
22.377950, 329.766080
23.145125, 331.597514
23.904604, 333.369445
24.655707, 335.088118
25.397828, 336.758972
26.130424, 338.386761
26.853007, 339.975656
27.565134, 341.529325
28.266403, 343.051012
28.956447, 344.543587
29.634931, 346.009603
30.301546, 347.451335
30.956008, 348.870816
31.598055, 350.269871
32.227445, 351.650139
32.843954, 353.013096
33.447373, 354.360079
34.037509, 355.692297
34.614184, 357.010846
35.177231, 358.316728
35.726496, 359.610853
36.261837, 0.894054
36.783120, 2.167094
37.290225, 3.430673
37.783038, 4.685435
38.261457, 5.931975
38.725387, 7.170839
39.174742, 8.402534
39.609444, 9.627529
40.029424, 10.846261
40.434619, 12.059135
40.824975, 13.266528
41.200443, 14.468792
41.560984, 15.666257
41.906563, 16.859231
42.237155, 18.048004
42.552739, 19.232847
42.853301, 20.414016
43.138834, 21.591752
43.409337, 22.766283
43.664816, 23.937825
43.905281, 25.106582
44.130751, 26.272749
44.341249, 27.436509
44.536805, 28.598038
44.717452, 29.757505
44.883233, 30.915071
45.034193, 32.070888
45.170386, 33.225106
45.291868, 34.377866
45.398702, 35.529306
45.490958, 36.679557
45.568709, 37.828749
45.632035, 38.977006
45.681020, 40.124448
45.715754, 41.271194
45.736331, 42.417358
45.742852, 43.563054
45.735421, 44.708391
45.714149, 45.853479
45.679150, 46.998423
45.630543, 48.143330
45.568454, 49.288304
45.493011, 50.433448
45.404349, 51.578866
45.302605, 52.724659
45.187923, 53.870930
45.060450, 55.017781
44.920338, 56.165315
44.767744, 57.313634
44.602828, 58.462842
44.425755, 59.613044
44.236694, 60.764346
44.035819, 61.916853
43.823307, 63.070675
43.599339, 64.225921
43.364100, 65.382704
43.117780, 66.541137
42.860572, 67.701338
42.592673, 68.863426
42.314283, 70.027523
42.025606, 71.193754
41.726851, 72.362249
41.418227, 73.533140
41.099951, 74.706563
40.772240, 75.882659
40.435315, 77.061573
40.089403, 78.243457
39.734729, 79.428465
39.371526, 80.616758
39.000028, 81.808505
38.620472, 83.003878
38.233099, 84.203058
37.838151, 85.406232
37.435875, 86.613597
37.026519, 87.825355
36.610336, 89.041719
36.187579, 90.262910
35.758507, 91.489161
35.323378, 92.720712
34.882455, 93.957818
34.436004, 95.200743
33.984291, 96.449764
33.527586, 97.705173
33.066163, 98.967274
32.600296, 100.236389
32.130262, 101.512852
31.656342, 102.797017
31.178817, 104.089255
30.697973, 105.389957
30.214096, 106.699534
29.727476, 108.018417
29.238405, 109.347062
28.747177, 110.685949
28.254090, 112.035583
27.759444, 113.396497
27.263540, 114.769254
26.766684, 116.154445
26.269183, 117.552697
25.771348, 118.964669
25.273492, 120.391058
24.775933, 121.832598
24.278990, 123.290066
23.782986, 124.764280
23.288248, 126.256104
22.795106, 127.766449
22.303895, 129.296276
21.814953, 130.846597
21.328622, 132.418479
20.845250, 134.013045
20.365188, 135.631474
19.888793, 137.275008
19.416427, 138.944947
18.948457, 140.642653
18.485257, 142.369549
18.027206, 144.127120
17.574688, 145.916910
17.128096, 147.740521
16.687827, 149.599604
16.254287, 151.495860
15.827886, 153.431028
15.409042, 155.406874
14.998179, 157.425181
14.595728, 159.487730
14.202122, 161.596280
13.817802, 163.752544
13.443211, 165.958162
13.078793, 168.214662
12.724993, 170.523428
12.382253, 172.885646
12.051009, 175.302263
11.731692, 177.773925
11.424716, 180.300923
11.130480, 182.883124
10.849362, 185.519915
10.581708, 188.210132
10.327833, 190.952007
10.088009, 193.743112
9.862460, 196.580320
9.651355, 199.459774
9.454798, 202.376883
9.272826, 205.326332
9.105403, 208.302118
8.952409, 211.297617
8.813644, 214.305664
8.688825, 217.318669
8.577582, 220.328739
8.479466, 223.327826
8.393947, 226.307868
8.320428, 229.260939
8.258244, 232.179392
8.206676, 235.055975
8.164961, 237.883946
8.132301, 240.657148
8.107874, 243.370067
8.090843, 246.017866
8.080371, 248.596393
8.075625, 251.102161
8.075787, 253.532326
8.080060, 255.884632
8.087678, 258.157362
8.097907, 260.349270
8.110051, 262.459521
8.123456, 264.487619
8.137514, 266.433344
8.151661, 268.296690
8.165380, 270.077809
8.178205, 271.776957
8.189717, 273.394446
8.199546, 274.930607
8.207372, 276.385749
8.212925, 277.760128
8.215983, 279.053928
8.216372, 280.267231
8.213970, 281.400009
8.208703, 282.452105
8.200547, 283.423228
8.189526, 284.312950
8.175719, 285.120706
8.159252, 285.845796
8.140307, 286.487400
8.119118, 287.044587
8.095973, 287.516342
8.071216, 287.901588
8.045249, 288.199220
8.018532, 288.408151
7.991581, 288.527357
7.964976, 288.555937
7.939352, 288.493184
7.915406, 288.338658
7.893893, 288.092272
7.875621, 287.754383
7.861451, 287.325894
7.852292, 286.808343
7.849093, 286.204009
7.852836, 285.515989
7.864526, 284.748280
7.885179, 283.905827
7.915812, 282.994544
7.957425, 282.021309
8.010988, 280.993912
8.077428, 279.920961
8.157611, 278.811756
8.252329, 277.676116
8.362290, 276.524179
8.488107, 275.366188
8.630288, 274.212263
8.789237, 273.072182
8.965250, 271.955176
9.158514, 270.869763
9.369116, 269.823603
9.597048, 268.823407
9.842213, 267.874881
10.104436, 266.982708
10.383475, 266.150570
10.679030, 265.381196
10.990750, 264.676429
11.318248, 264.037313
11.661105, 263.464183
12.018881, 262.956767
12.391116, 262.514277
12.777344, 262.135501
13.177091, 261.818885
13.589880, 261.562613
14.015239, 261.364673
14.452696, 261.222910
14.901787, 261.135082
15.362054, 261.098899
15.833047, 261.112056
16.314324, 261.172261
16.805452, 261.277256
17.306007, 261.424839
17.815574, 261.612867
18.333746, 261.839276
18.860124, 262.102078
19.394318, 262.399371
19.935944, 262.729341
20.484626, 263.090259
21.039994, 263.480481
21.601685, 263.898451
22.169341, 264.342693
22.742609, 264.811812
23.321143, 265.304492
23.904598, 265.819486
24.492637, 266.355622
25.084925, 266.911793
25.681129, 267.486955
26.280922, 268.080125
26.883980, 268.690376
27.489978, 269.316836
28.098599, 269.958681
28.709524, 270.615137
29.322439, 271.285472
29.937030, 271.968999
30.552986, 272.665069
31.169999, 273.373068
31.787760, 274.092420
32.405963, 274.822580
33.024304, 275.563033
33.642479, 276.313294
34.260189, 277.072904
34.877131, 277.841430
35.493007, 278.618461
36.107520, 279.403611
36.720374, 280.196512
37.331273, 280.996817
37.939924, 281.804198
38.546035, 282.618343
39.149314, 283.438957
39.749473, 284.265761
40.346223, 285.098488
40.939277, 285.936887
41.528349, 286.780719
42.113157, 287.629756
42.693417, 288.483783
43.268848, 289.342593
43.839172, 290.205993
44.404112, 291.073795
44.963390, 291.945823
45.516734, 292.821909
46.063871, 293.701891
46.604530, 294.585617
47.138444, 295.472941
47.665347, 296.363723
48.184973, 297.257830
48.697061, 298.155135
49.201351, 299.055517
49.697585, 299.958860
50.185509, 300.865053
50.664869, 301.773990
51.135415, 302.685568
51.596900, 303.599692
52.049078, 304.516267
52.491707, 305.435205
52.924548, 306.356419
53.347363, 307.279828
53.759918, 308.205353
54.161984, 309.132917
54.553332, 310.062449
54.933737, 310.993879
55.302979, 311.927139
55.660838, 312.862164
56.007100, 313.798893
56.341554, 314.737266
56.663991, 315.677225
56.974207, 316.618713
57.272002, 317.561679
57.557178, 318.506069
57.829542, 319.451834
58.088904, 320.398926
58.335079, 321.347298
58.567884, 322.296905
58.787143, 323.247703
58.992681, 324.199649
59.184329, 325.152704
59.361921, 326.106827
59.525297, 327.061980
59.674299, 328.018124
59.808775, 328.975224
59.928576, 329.933245
60.033560, 330.892151
60.123586, 331.851910
60.198521, 332.812488
60.258235, 333.773853
60.302601, 334.735974
60.331500, 335.698821
60.344816, 336.662363
60.342438, 337.626571
60.324259, 338.591416
60.290178, 339.556870
60.240098, 340.522904
60.173929, 341.489492
60.091584, 342.456605
59.992982, 343.424217
59.878045, 344.392301
59.746704, 345.360831
59.598891, 346.329780
59.434546, 347.299122
59.253614, 348.268831
59.056043, 349.238881
58.841788, 350.209245
58.610810, 351.179897
58.363074, 352.150811
58.098549, 353.121959
57.817213, 354.093316
57.519046, 355.064853
57.204036, 356.036542
56.872173, 357.008357
56.523455, 357.980266
56.157886, 358.952242
55.775473, 359.924253
55.376230, 0.896269
54.960176, 1.868258
54.527336, 2.840186
54.077738, 3.812019
53.611419, 4.783721
53.128420, 5.755256
52.628785, 6.726584
52.112568, 7.697665
51.579824, 8.668455
51.030616, 9.638911
50.465012, 10.608985
49.883086, 11.578627
49.284914, 12.547783
48.670583, 13.516397
48.040179, 14.484410
47.393800, 15.451755
46.731543, 16.418366
46.053514, 17.384166
45.359824, 18.349078
44.650589, 19.313014
43.925929, 20.275881
43.185970, 21.237577
42.430845, 22.197994
41.660689, 23.157009
40.875644, 24.114491
40.075858, 25.070295
39.261482, 26.024262
38.432673, 26.976215
37.589593, 27.925959
36.732411, 28.873277
35.861297, 29.817926
34.976430, 30.759636
34.077992, 31.698100
33.166170, 32.632975
32.241158, 33.563871
31.303153, 34.490343
30.352358, 35.411884
29.388981, 36.327910
28.413236, 37.237748
27.425343, 38.140615
26.425525, 39.035596
25.414015, 39.921614
24.391049, 40.797397
23.356871, 41.661420
22.311733, 42.511855
21.255895, 43.346475
20.189625, 44.162552
19.113204, 44.956700
18.026926, 45.724666
16.931101, 46.461036
15.826060, 47.158805
14.712162, 47.808753
13.589806, 48.398490
12.459444, 48.910980
11.321611, 49.322133
10.176969, 49.596764
9.026387, 49.681414
7.871094, 49.490838
6.712991, 48.880572
5.555354, 47.585841
4.404639, 45.068000
3.275986, 40.063529
2.214581, 28.992573
1.401374, 0.567769
1.397875, 310.124356
2.217169, 281.356148
3.299592, 270.161134
4.461365, 265.110677
5.656650, 262.572323
6.870123, 261.267287
8.095249, 260.651575
9.328700, 260.458194
10.568533, 260.541642
11.813475, 260.816130
13.062613, 261.227901
14.315237, 261.741591
15.570760, 262.333002
16.828673, 262.985022
18.088516, 263.685217
19.349867, 264.424334
20.612324, 265.195346
21.875503, 265.992823
23.139033, 266.812499
24.402551, 267.650983
25.665700, 268.505538
26.928129, 269.373937
28.189492, 270.254346
29.449445, 271.145242
30.707645, 272.045350
31.963755, 272.953593
33.217436, 273.869057
34.468353, 274.790960
35.716170, 275.718630
36.960556, 276.651486
38.201177, 277.589020
39.437703, 278.530792
40.669805, 279.476415
41.897155, 280.425545
43.119425, 281.377881
44.336289, 282.333155
45.547424, 283.291128
46.752505, 284.251585
47.951212, 285.214335
49.143224, 286.179206
50.328223, 287.146041
51.505891, 288.114701
52.675915, 289.085058
53.837979, 290.056995
54.991774, 291.030407
56.136989, 292.005197
57.273317, 292.981278
58.400453, 293.958568
59.518094, 294.936992
60.625939, 295.916483
61.723689, 296.896977
62.811050, 297.878415
63.887727, 298.860744
64.953431, 299.843914
66.007872, 300.827878
67.050767, 301.812593
68.081834, 302.798018
69.100792, 303.784117
70.107367, 304.770853
71.101284, 305.758195
72.082276, 306.746112
73.050074, 307.734574
74.004418, 308.723555
74.945046, 309.713030
75.871704, 310.702973
76.784139, 311.693364
77.682102, 312.684181
78.565350, 313.675403
79.433641, 314.667012
80.286738, 315.658989
81.124409, 316.651318
81.946425, 317.643983
82.752561, 318.636967
83.542597, 319.630258
84.316317, 320.623840
85.073509, 321.617700
85.813966, 322.611827
86.537486, 323.606207
87.243868, 324.600829
87.932922, 325.595683
88.604456, 326.590758
89.258288, 327.586043
89.894237, 328.581529
90.512129, 329.577207
91.111795, 330.573068
91.693069, 331.569102
92.255792, 332.565303
92.799809, 333.561661
93.324971, 334.558169
93.831132, 335.554819
94.318154, 336.551605
94.785904, 337.548519
95.234250, 338.545555
95.663072, 339.542705
96.072249, 340.539963
96.461671, 341.537324
96.831228, 342.534780
97.180820, 343.532327
97.510350, 344.529958
97.819727, 345.527667
98.108865, 346.525449
98.377686, 347.523298
98.626115, 348.521210
98.854082, 349.519178
99.061527, 350.517198
99.248390, 351.515264
99.414621, 352.513372
99.560174, 353.511516
99.685008, 354.509691
99.789089, 355.507893
99.872388, 356.506117
99.934883, 357.504357
99.976556, 358.502610
99.997395, 359.500869
99.997395, 0.499131
99.976556, 1.497390
99.934883, 2.495643
99.872388, 3.493883
99.789089, 4.492107
99.685008, 5.490309
99.560174, 6.488484
99.414621, 7.486628
99.248390, 8.484736
99.061527, 9.482802
98.854082, 10.480822
98.626115, 11.478790
98.377686, 12.476702
98.108865, 13.474551
97.819727, 14.472333
97.510350, 15.470042
97.180820, 16.467673
96.831228, 17.465220
96.461671, 18.462676
96.072249, 19.460037
95.663072, 20.457295
95.234250, 21.454445
94.785904, 22.451481
94.318154, 23.448395
93.831132, 24.445181
93.324971, 25.441831
92.799809, 26.438339
92.255792, 27.434697
91.693069, 28.430898
91.111795, 29.426932
90.512129, 30.422793
89.894237, 31.418471
89.258288, 32.413957
88.604456, 33.409242
87.932922, 34.404317
87.243868, 35.399171
86.537486, 36.393793
85.813966, 37.388173
85.073509, 38.382300
84.316317, 39.376160
83.542597, 40.369742
82.752561, 41.363033
81.946425, 42.356017
81.124409, 43.348682
80.286738, 44.341011
79.433641, 45.332988
78.565350, 46.324597
77.682102, 47.315819
76.784139, 48.306636
75.871704, 49.297027
74.945046, 50.286970
74.004418, 51.276445
73.050074, 52.265426
72.082276, 53.253888
71.101284, 54.241805
70.107367, 55.229147
69.100792, 56.215883
68.081834, 57.201982
67.050767, 58.187407
66.007872, 59.172122
64.953431, 60.156086
63.887727, 61.139256
62.811050, 62.121585
61.723689, 63.103023
60.625939, 64.083517
59.518094, 65.063008
58.400453, 66.041432
57.273317, 67.018722
56.136989, 67.994803
54.991774, 68.969593
53.837979, 69.943005
52.675915, 70.914942
51.505891, 71.885299
50.328223, 72.853959
49.143224, 73.820794
47.951212, 74.785665
46.752505, 75.748415
45.547424, 76.708872
44.336289, 77.666845
43.119425, 78.622119
41.897155, 79.574455
40.669805, 80.523585
39.437703, 81.469208
38.201177, 82.410980
36.960556, 83.348514
35.716170, 84.281370
34.468353, 85.209040
33.217436, 86.130943
31.963755, 87.046407
30.707645, 87.954650
29.449445, 88.854758
28.189492, 89.745654
26.928129, 90.626063
25.665700, 91.494462
24.402551, 92.349017
23.139033, 93.187501
21.875503, 94.007177
20.612324, 94.804654
19.349867, 95.575666
18.088516, 96.314783
16.828673, 97.014978
15.570760, 97.666998
14.315237, 98.258409
13.062613, 98.772099
11.813475, 99.183870
10.568533, 99.458358
9.328700, 99.541806
8.095249, 99.348425
6.870123, 98.732713
5.656650, 97.427677
4.461365, 94.889323
3.299592, 89.838866
2.217169, 78.643852
1.397875, 49.875644
1.401374, 359.432231
2.214581, 331.007427
3.275986, 319.936471
4.404639, 314.932000
5.555354, 312.414159
6.712991, 311.119428
7.871094, 310.509162
9.026387, 310.318586
10.176969, 310.403236
11.321611, 310.677867
12.459444, 311.089020
13.589806, 311.601510
14.712162, 312.191247
15.826060, 312.841195
16.931101, 313.538964
18.026926, 314.275334
19.113204, 315.043300
20.189625, 315.837448
21.255895, 316.653525
22.311733, 317.488145
23.356871, 318.338580
24.391049, 319.202603
25.414015, 320.078386
26.425525, 320.964404
27.425343, 321.859385
28.413236, 322.762252
29.388981, 323.672090
30.352358, 324.588116
31.303153, 325.509657
32.241158, 326.436129
33.166170, 327.367025
34.077992, 328.301900
34.976430, 329.240364
35.861297, 330.182074
36.732411, 331.126723
37.589593, 332.074041
38.432673, 333.023785
39.261482, 333.975738
40.075858, 334.929705
40.875644, 335.885509
41.660689, 336.842991
42.430845, 337.802006
43.185970, 338.762423
43.925929, 339.724119
44.650589, 340.686986
45.359824, 341.650922
46.053514, 342.615834
46.731543, 343.581634
47.393800, 344.548245
48.040179, 345.515590
48.670583, 346.483603
49.284914, 347.452217
49.883086, 348.421373
50.465012, 349.391015
51.030616, 350.361089
51.579824, 351.331545
52.112568, 352.302335
52.628785, 353.273416
53.128420, 354.244744
53.611419, 355.216279
54.077738, 356.187981
54.527336, 357.159814
54.960176, 358.131742
55.376230, 359.103731
55.775473, 0.075747
56.157886, 1.047758
56.523455, 2.019734
56.872173, 2.991643
57.204036, 3.963458
57.519046, 4.935147
57.817213, 5.906684
58.098549, 6.878041
58.363074, 7.849189
58.610810, 8.820103
58.841788, 9.790755
59.056043, 10.761119
59.253614, 11.731169
59.434546, 12.700878
59.598891, 13.670220
59.746704, 14.639169
59.878045, 15.607699
59.992982, 16.575783
60.091584, 17.543395
60.173929, 18.510508
60.240098, 19.477096
60.290178, 20.443130
60.324259, 21.408584
60.342438, 22.373429
60.344816, 23.337637
60.331500, 24.301179
60.302601, 25.264026
60.258235, 26.226147
60.198521, 27.187512
60.123586, 28.148090
60.033560, 29.107849
59.928576, 30.066755
59.808775, 31.024776
59.674299, 31.981876
59.525297, 32.938020
59.361921, 33.893173
59.184329, 34.847296
58.992681, 35.800351
58.787143, 36.752297
58.567884, 37.703095
58.335079, 38.652702
58.088904, 39.601074
57.829542, 40.548166
57.557178, 41.493931
57.272002, 42.438321
56.974207, 43.381287
56.663991, 44.322775
56.341554, 45.262734
56.007100, 46.201107
55.660838, 47.137836
55.302979, 48.072861
54.933737, 49.006121
54.553332, 49.937551
54.161984, 50.867083
53.759918, 51.794647
53.347363, 52.720172
52.924548, 53.643581
52.491707, 54.564795
52.049078, 55.483733
51.596900, 56.400308
51.135415, 57.314432
50.664869, 58.226010
50.185509, 59.134947
49.697585, 60.041140
49.201351, 60.944483
48.697061, 61.844865
48.184973, 62.742170
47.665347, 63.636277
47.138444, 64.527059
46.604530, 65.414383
46.063871, 66.298109
45.516734, 67.178091
44.963390, 68.054177
44.404112, 68.926205
43.839172, 69.794007
43.268848, 70.657407
42.693417, 71.516217
42.113157, 72.370244
41.528349, 73.219281
40.939277, 74.063113
40.346223, 74.901512
39.749473, 75.734239
39.149314, 76.561043
38.546035, 77.381657
37.939924, 78.195802
37.331273, 79.003183
36.720374, 79.803488
36.107520, 80.596389
35.493007, 81.381539
34.877131, 82.158570
34.260189, 82.927096
33.642479, 83.686706
33.024304, 84.436967
32.405963, 85.177420
31.787760, 85.907580
31.169999, 86.626932
30.552986, 87.334931
29.937030, 88.031001
29.322439, 88.714528
28.709524, 89.384863
28.098599, 90.041319
27.489978, 90.683164
26.883980, 91.309624
26.280922, 91.919875
25.681129, 92.513045
25.084925, 93.088207
24.492637, 93.644378
23.904598, 94.180514
23.321143, 94.695508
22.742609, 95.188188
22.169341, 95.657307
21.601685, 96.101549
21.039994, 96.519519
20.484626, 96.909741
19.935944, 97.270659
19.394318, 97.600629
18.860124, 97.897922
18.333746, 98.160724
17.815574, 98.387133
17.306007, 98.575161
16.805452, 98.722744
16.314324, 98.827739
15.833047, 98.887944
15.362054, 98.901101
14.901787, 98.864918
14.452696, 98.777090
14.015239, 98.635327
13.589880, 98.437387
13.177091, 98.181115
12.777344, 97.864499
12.391116, 97.485723
12.018881, 97.043233
11.661105, 96.535817
11.318248, 95.962687
10.990750, 95.323571
10.679030, 94.618804
10.383475, 93.849430
10.104436, 93.017292
9.842213, 92.125119
9.597048, 91.176593
9.369116, 90.176397
9.158514, 89.130237
8.965250, 88.044824
8.789237, 86.927818
8.630288, 85.787737
8.488107, 84.633812
8.362290, 83.475821
8.252329, 82.323884
8.157611, 81.188244
8.077428, 80.079039
8.010988, 79.006088
7.957425, 77.978691
7.915812, 77.005456
7.885179, 76.094173
7.864526, 75.251720
7.852836, 74.484011
7.849093, 73.795991
7.852292, 73.191657
7.861451, 72.674106
7.875621, 72.245617
7.893893, 71.907728
7.915406, 71.661342
7.939352, 71.506816
7.964976, 71.444063
7.991581, 71.472643
8.018532, 71.591849
8.045249, 71.800780
8.071216, 72.098412
8.095973, 72.483658
8.119118, 72.955413
8.140307, 73.512600
8.159252, 74.154204
8.175719, 74.879294
8.189526, 75.687050
8.200547, 76.576772
8.208703, 77.547895
8.213970, 78.599991
8.216372, 79.732769
8.215983, 80.946072
8.212925, 82.239872
8.207372, 83.614251
8.199546, 85.069393
8.189717, 86.605554
8.178205, 88.223043
8.165380, 89.922191
8.151661, 91.703310
8.137514, 93.566656
8.123456, 95.512381
8.110051, 97.540479
8.097907, 99.650730
8.087678, 101.842638
8.080060, 104.115368
8.075787, 106.467674
8.075625, 108.897839
8.080371, 111.403607
8.090843, 113.982134
8.107874, 116.629933
8.132301, 119.342852
8.164961, 122.116054
8.206676, 124.944025
8.258244, 127.820608
8.320428, 130.739061
8.393947, 133.692132
8.479466, 136.672174
8.577582, 139.671261
8.688825, 142.681331
8.813644, 145.694336
8.952409, 148.702383
9.105403, 151.697882
9.272826, 154.673668
9.454798, 157.623117
9.651355, 160.540226
9.862460, 163.419680
10.088009, 166.256888
10.327833, 169.047993
10.581708, 171.789868
10.849362, 174.480085
11.130480, 177.116876
11.424716, 179.699077
11.731692, 182.226075
12.051009, 184.697737
12.382253, 187.114354
12.724993, 189.476572
13.078793, 191.785338
13.443211, 194.041838
13.817802, 196.247456
14.202122, 198.403720
14.595728, 200.512270
14.998179, 202.574819
15.409042, 204.593126
15.827886, 206.568972
16.254287, 208.504140
16.687827, 210.400396
17.128096, 212.259479
17.574688, 214.083090
18.027206, 215.872880
18.485257, 217.630451
18.948457, 219.357347
19.416427, 221.055053
19.888793, 222.724992
20.365188, 224.368526
20.845250, 225.986955
21.328622, 227.581521
21.814953, 229.153403
22.303895, 230.703724
22.795106, 232.233551
23.288248, 233.743896
23.782986, 235.235720
24.278990, 236.709934
24.775933, 238.167402
25.273492, 239.608942
25.771348, 241.035331
26.269183, 242.447303
26.766684, 243.845555
27.263540, 245.230746
27.759444, 246.603503
28.254090, 247.964417
28.747177, 249.314051
29.238405, 250.652938
29.727476, 251.981583
30.214096, 253.300466
30.697973, 254.610043
31.178817, 255.910745
31.656342, 257.202983
32.130262, 258.487148
32.600296, 259.763611
33.066163, 261.032726
33.527586, 262.294827
33.984291, 263.550236
34.436004, 264.799257
34.882455, 266.042182
35.323378, 267.279288
35.758507, 268.510839
36.187579, 269.737090
36.610336, 270.958281
37.026519, 272.174645
37.435875, 273.386403
37.838151, 274.593768
38.233099, 275.796942
38.620472, 276.996122
39.000028, 278.191495
39.371526, 279.383242
39.734729, 280.571535
40.089403, 281.756543
40.435315, 282.938427
40.772240, 284.117341
41.099951, 285.293437
41.418227, 286.466860
41.726851, 287.637751
42.025606, 288.806246
42.314283, 289.972477
42.592673, 291.136574
42.860572, 292.298662
43.117780, 293.458863
43.364100, 294.617296
43.599339, 295.774079
43.823307, 296.929325
44.035819, 298.083147
44.236694, 299.235654
44.425755, 300.386956
44.602828, 301.537158
44.767744, 302.686366
44.920338, 303.834685
45.060450, 304.982219
45.187923, 306.129070
45.302605, 307.275341
45.404349, 308.421134
45.493011, 309.566552
45.568454, 310.711696
45.630543, 311.856670
45.679150, 313.001577
45.714149, 314.146521
45.735421, 315.291609
45.742852, 316.436946
45.736331, 317.582642
45.715754, 318.728806
45.681020, 319.875552
45.632035, 321.022994
45.568709, 322.171251
45.490958, 323.320443
45.398702, 324.470694
45.291868, 325.622134
45.170386, 326.774894
45.034193, 327.929112
44.883233, 329.084929
44.717452, 330.242495
44.536805, 331.401962
44.341249, 332.563491
44.130751, 333.727251
43.905281, 334.893418
43.664816, 336.062175
43.409337, 337.233717
43.138834, 338.408248
42.853301, 339.585984
42.552739, 340.767153
42.237155, 341.951996
41.906563, 343.140769
41.560984, 344.333743
41.200443, 345.531208
40.824975, 346.733472
40.434619, 347.940865
40.029424, 349.153739
39.609444, 350.372471
39.174742, 351.597466
38.725387, 352.829161
38.261457, 354.068025
37.783038, 355.314565
37.290225, 356.569327
36.783120, 357.832906
36.261837, 359.105946
35.726496, 0.389147
35.177231, 1.683272
34.614184, 2.989154
34.037509, 4.307703
33.447373, 5.639921
32.843954, 6.986904
32.227445, 8.349861
31.598055, 9.730129
30.956008, 11.129184
30.301546, 12.548665
29.634931, 13.990397
28.956447, 15.456413
28.266403, 16.948988
27.565134, 18.470675
26.853007, 20.024344
26.130424, 21.613239
25.397828, 23.241028
24.655707, 24.911882
23.904604, 26.630555
23.145125, 28.402486
22.377950, 30.233920
21.603847, 32.132056
20.823689, 34.105217
20.038474, 36.163068
19.249353, 38.316870
18.457659, 40.579782
17.664955, 42.967238
16.873078, 45.497373
16.084211, 48.191540
15.300963, 51.074882
14.526475, 54.176961
13.764551, 57.532382
13.019819, 61.181304
12.297928, 65.169627
11.605769, 69.548493
10.951712, 74.372501
10.345818, 79.695774
9.799946, 85.564807
9.327634, 92.007229
8.943586, 99.016695
8.662595, 106.536734
8.497901, 114.449883
8.459220, 122.580517
8.551043, 130.716371
8.771877, 138.644206
9.114748, 146.185881
9.568725, 153.220784
10.120825, 159.689551
10.757692, 165.583685
11.466752, 170.929486
12.236810, 175.772806
13.058257, 180.167582
13.923017, 184.168506
14.824388, 187.826946
15.756832, 191.189086
16.715775, 194.295369
17.697430, 197.180667
18.698640, 199.874780
19.716758, 202.403054
20.749546, 204.787015
21.795092, 207.044945
22.851754, 209.192396
23.918100, 211.242631
24.992877, 213.206992
26.074974, 215.095215
27.163397, 216.915679
28.257250, 218.675630
29.355718, 220.381352
30.458052, 222.038315
31.563563, 223.651300
32.671607, 225.224496
33.781582, 226.761592
34.892918, 228.265841
36.005079, 229.740125
37.117550, 231.187004
38.229840, 232.608758
39.341477, 234.007423
40.452007, 235.384825
41.560987, 236.742602
42.667990, 238.082231
43.772599, 239.405042
44.874408, 240.712242
45.973020, 242.004923
47.068045, 243.284078
48.159102, 244.550612
49.245815, 245.805349
50.327817, 247.049043
51.404743, 248.282386
52.476237, 249.506010
53.541946, 250.720498
54.601522, 251.926386
55.654620, 253.124168
56.700903, 254.314300
57.740035, 255.497204
58.771685, 256.673271
59.795525, 257.842862
60.811231, 259.006315
##END=
