##TITLE= Parameter file, TopSpin 4.3.0
##JCAMPDX= 5.0
##DATATYPE= Parameter Values
##ORIGIN= Bruker BioSpin GmbH
##OWNER= nmrsu
$$ 2024-02-10 17:04:11.128 +0000  nmrsu@4CE1161FJM
$$ C:/Bruker/TopSpin4.3.0/exp/stan/nmr/lists/wave/user/multisupp_aux_d8
$$ process C:\Bruker\TopSpin4.3.0\prog\mod\xwinshape.exe
##MINX= 2.66842700
##MAXX= 99.99715100
##MINY= 0.17064400
##MAXY= 359.82935600
##$SHAPE_ADDPHASE= 0
##$SHAPE_AMP= 99.99715082
##$SHAPE_BWFAC= 0
##$SHAPE_BWFAC50= 0
##$SHAPE_CALCBW= yes
##$SHAPE_CALCINTEG= yes
##$SHAPE_EXMODE= <Excitation>
##$SHAPE_EXPAND= <>
##$SHAPE_EXPANDCF= (0..143)
0 0 0 0 0 0 0 0 0 0 0 0 0 0 0 0 0 0 0 0 0 0 0 0 0 0 0 0 0 0 0 0 0 0 0 0
0 0 0 0 0 0 0 0 0 0 0 0 0 0 0 0 0 0 0 0 0 0 0 0 0 0 0 0 0 0 0 0 0 0 0 0
0 0 0 0 0 0 0 0 0 0 0 0 0 0 0 0 0 0 0 0 0 0 0 0 0 0 0 0 0 0 0 0 0 0 0 0
0 0 0 0 0 0 0 0 0 0 0 0 0 0 0 0 0 0 0 0 0 0 0 0 0 0 0 0 0 0 0 0 0 0 0 0
##$SHAPE_EXPFAC= 0
##$SHAPE_FRACEND= 0
##$SHAPE_FRACORG= 0
##$SHAPE_FRACSTART= 0
##$SHAPE_INTEGFAC= 0
##$SHAPE_KEEPRES= yes
##$SHAPE_LENGTH= 25000.000373
##$SHAPE_MAN= <M>
##$SHAPE_MODE= 5
##$SHAPE_MODFREQ= 0
##$SHAPE_MODPHASE= 0
##$SHAPE_MODSCALE= 0
##$SHAPE_MODSW= 0
##$SHAPE_MODSWDIR= -1
##$SHAPE_NPOINTS= 1250
##$SHAPE_OFFS= <1 5>
##$SHAPE_OFFSCOEFF= (0..95)
54.301941 0 100 -60.594971 0 100 -82.023865 0 100 -217.11919 0 100 -285.53835
0 100 0 0 0 0 0 0 0 0 0 0 0 0 0 0 0 0 0 0 0 0 0 0 0 0 0 0 0 0 0 0 0 0 0
0 0 0 0 0 0 0 0 0 0 0 0 0 0 0 0 0 0 0 0 0 0 0 0 0 0 0 0 0 0 0 0 0 0 0 0
0 0 0 0 0 0 0 0 0 0 0 0
##$SHAPE_PARAMETER= <>
##$SHAPE_REPHFAC= 0
##$SHAPE_RES= 0
##$SHAPE_SCALEFAC= 1.00002849
##$SHAPE_SCALETYPE= 0
##$SHAPE_SPOAL= 0
##$SHAPE_SPOFFS= 0
##$SHAPE_SPOPH= 0
##$SHAPE_TOTROT= 90
##$SHAPE_TYPE= <Excitation>
##$SHAPE_USER_DEF= <>
##$SHAPE_VERSION= 2.1
##$SHL_ADDPHASE= (0..15)
0 0 0 0 0 0 0 0 0 0 0 0 0 0 0 0
##$SHL_ALIGNOFFSET= (0..15)
0 0 0 0 0 0 0 0 0 0 0 0 0 0 0 0
##$SHL_AMP= (0..15)
100 0 0 0 0 0 0 0 0 0 0 0 0 0 0 0
##$SHL_AMPFAC= (0..15)
0 0 0 0 0 0 0 0 0 0 0 0 0 0 0 0
##$SHL_BETA= (0..15)
0 0 0 0 0 0 0 0 0 0 0 0 0 0 0 0
##$SHL_BWFAC= (0..15)
1.116 0 0 0 0 0 0 0 0 0 0 0 0 0 0 0
##$SHL_CALCBW= (0..15)
yes yes yes yes yes yes yes yes yes yes yes yes yes yes yes yes
##$SHL_CALCINTEG= (0..15)
yes yes yes yes yes yes yes yes yes yes yes yes yes yes yes yes
##$SHL_CENTERAMP= (0..15)
0 0 0 0 0 0 0 0 0 0 0 0 0 0 0 0
##$SHL_CYCNUM= (0..15)
0 0 0 0 0 0 0 0 0 0 0 0 0 0 0 0
##$SHL_DIPOLCPL= (0..15)
0 0 0 0 0 0 0 0 0 0 0 0 0 0 0 0
##$SHL_ENDAMP= (0..15)
0 0 0 0 0 0 0 0 0 0 0 0 0 0 0 0
##$SHL_EXMODE= (0..15)
<Excitation> <> <> <> <> <> <> <> <> <> <> <> <> <> <> <>
##$SHL_EXPAND= (0..15)
<> <> <> <> <> <> <> <> <> <> <> <> <> <> <> <>
##$SHL_EXPANDCF0= (0..143)
0 0 0 0 0 0 0 0 0 0 0 0 0 0 0 0 0 0 0 0 0 0 0 0 0 0 0 0 0 0 0 0 0 0 0 0
0 0 0 0 0 0 0 0 0 0 0 0 0 0 0 0 0 0 0 0 0 0 0 0 0 0 0 0 0 0 0 0 0 0 0 0
0 0 0 0 0 0 0 0 0 0 0 0 0 0 0 0 0 0 0 0 0 0 0 0 0 0 0 0 0 0 0 0 0 0 0 0
0 0 0 0 0 0 0 0 0 0 0 0 0 0 0 0 0 0 0 0 0 0 0 0 0 0 0 0 0 0 0 0 0 0 0 0
##$SHL_EXPANDCF1= (0..143)
0 0 0 0 0 0 0 0 0 0 0 0 0 0 0 0 0 0 0 0 0 0 0 0 0 0 0 0 0 0 0 0 0 0 0 0
0 0 0 0 0 0 0 0 0 0 0 0 0 0 0 0 0 0 0 0 0 0 0 0 0 0 0 0 0 0 0 0 0 0 0 0
0 0 0 0 0 0 0 0 0 0 0 0 0 0 0 0 0 0 0 0 0 0 0 0 0 0 0 0 0 0 0 0 0 0 0 0
0 0 0 0 0 0 0 0 0 0 0 0 0 0 0 0 0 0 0 0 0 0 0 0 0 0 0 0 0 0 0 0 0 0 0 0
##$SHL_EXPANDCF10= (0..143)
0 0 0 0 0 0 0 0 0 0 0 0 0 0 0 0 0 0 0 0 0 0 0 0 0 0 0 0 0 0 0 0 0 0 0 0
0 0 0 0 0 0 0 0 0 0 0 0 0 0 0 0 0 0 0 0 0 0 0 0 0 0 0 0 0 0 0 0 0 0 0 0
0 0 0 0 0 0 0 0 0 0 0 0 0 0 0 0 0 0 0 0 0 0 0 0 0 0 0 0 0 0 0 0 0 0 0 0
0 0 0 0 0 0 0 0 0 0 0 0 0 0 0 0 0 0 0 0 0 0 0 0 0 0 0 0 0 0 0 0 0 0 0 0
##$SHL_EXPANDCF11= (0..143)
0 0 0 0 0 0 0 0 0 0 0 0 0 0 0 0 0 0 0 0 0 0 0 0 0 0 0 0 0 0 0 0 0 0 0 0
0 0 0 0 0 0 0 0 0 0 0 0 0 0 0 0 0 0 0 0 0 0 0 0 0 0 0 0 0 0 0 0 0 0 0 0
0 0 0 0 0 0 0 0 0 0 0 0 0 0 0 0 0 0 0 0 0 0 0 0 0 0 0 0 0 0 0 0 0 0 0 0
0 0 0 0 0 0 0 0 0 0 0 0 0 0 0 0 0 0 0 0 0 0 0 0 0 0 0 0 0 0 0 0 0 0 0 0
##$SHL_EXPANDCF12= (0..143)
0 0 0 0 0 0 0 0 0 0 0 0 0 0 0 0 0 0 0 0 0 0 0 0 0 0 0 0 0 0 0 0 0 0 0 0
0 0 0 0 0 0 0 0 0 0 0 0 0 0 0 0 0 0 0 0 0 0 0 0 0 0 0 0 0 0 0 0 0 0 0 0
0 0 0 0 0 0 0 0 0 0 0 0 0 0 0 0 0 0 0 0 0 0 0 0 0 0 0 0 0 0 0 0 0 0 0 0
0 0 0 0 0 0 0 0 0 0 0 0 0 0 0 0 0 0 0 0 0 0 0 0 0 0 0 0 0 0 0 0 0 0 0 0
##$SHL_EXPANDCF13= (0..143)
0 0 0 0 0 0 0 0 0 0 0 0 0 0 0 0 0 0 0 0 0 0 0 0 0 0 0 0 0 0 0 0 0 0 0 0
0 0 0 0 0 0 0 0 0 0 0 0 0 0 0 0 0 0 0 0 0 0 0 0 0 0 0 0 0 0 0 0 0 0 0 0
0 0 0 0 0 0 0 0 0 0 0 0 0 0 0 0 0 0 0 0 0 0 0 0 0 0 0 0 0 0 0 0 0 0 0 0
0 0 0 0 0 0 0 0 0 0 0 0 0 0 0 0 0 0 0 0 0 0 0 0 0 0 0 0 0 0 0 0 0 0 0 0
##$SHL_EXPANDCF14= (0..143)
0 0 0 0 0 0 0 0 0 0 0 0 0 0 0 0 0 0 0 0 0 0 0 0 0 0 0 0 0 0 0 0 0 0 0 0
0 0 0 0 0 0 0 0 0 0 0 0 0 0 0 0 0 0 0 0 0 0 0 0 0 0 0 0 0 0 0 0 0 0 0 0
0 0 0 0 0 0 0 0 0 0 0 0 0 0 0 0 0 0 0 0 0 0 0 0 0 0 0 0 0 0 0 0 0 0 0 0
0 0 0 0 0 0 0 0 0 0 0 0 0 0 0 0 0 0 0 0 0 0 0 0 0 0 0 0 0 0 0 0 0 0 0 0
##$SHL_EXPANDCF15= (0..143)
0 0 0 0 0 0 0 0 0 0 0 0 0 0 0 0 0 0 0 0 0 0 0 0 0 0 0 0 0 0 0 0 0 0 0 0
0 0 0 0 0 0 0 0 0 0 0 0 0 0 0 0 0 0 0 0 0 0 0 0 0 0 0 0 0 0 0 0 0 0 0 0
0 0 0 0 0 0 0 0 0 0 0 0 0 0 0 0 0 0 0 0 0 0 0 0 0 0 0 0 0 0 0 0 0 0 0 0
0 0 0 0 0 0 0 0 0 0 0 0 0 0 0 0 0 0 0 0 0 0 0 0 0 0 0 0 0 0 0 0 0 0 0 0
##$SHL_EXPANDCF2= (0..143)
0 0 0 0 0 0 0 0 0 0 0 0 0 0 0 0 0 0 0 0 0 0 0 0 0 0 0 0 0 0 0 0 0 0 0 0
0 0 0 0 0 0 0 0 0 0 0 0 0 0 0 0 0 0 0 0 0 0 0 0 0 0 0 0 0 0 0 0 0 0 0 0
0 0 0 0 0 0 0 0 0 0 0 0 0 0 0 0 0 0 0 0 0 0 0 0 0 0 0 0 0 0 0 0 0 0 0 0
0 0 0 0 0 0 0 0 0 0 0 0 0 0 0 0 0 0 0 0 0 0 0 0 0 0 0 0 0 0 0 0 0 0 0 0
##$SHL_EXPANDCF3= (0..143)
0 0 0 0 0 0 0 0 0 0 0 0 0 0 0 0 0 0 0 0 0 0 0 0 0 0 0 0 0 0 0 0 0 0 0 0
0 0 0 0 0 0 0 0 0 0 0 0 0 0 0 0 0 0 0 0 0 0 0 0 0 0 0 0 0 0 0 0 0 0 0 0
0 0 0 0 0 0 0 0 0 0 0 0 0 0 0 0 0 0 0 0 0 0 0 0 0 0 0 0 0 0 0 0 0 0 0 0
0 0 0 0 0 0 0 0 0 0 0 0 0 0 0 0 0 0 0 0 0 0 0 0 0 0 0 0 0 0 0 0 0 0 0 0
##$SHL_EXPANDCF4= (0..143)
0 0 0 0 0 0 0 0 0 0 0 0 0 0 0 0 0 0 0 0 0 0 0 0 0 0 0 0 0 0 0 0 0 0 0 0
0 0 0 0 0 0 0 0 0 0 0 0 0 0 0 0 0 0 0 0 0 0 0 0 0 0 0 0 0 0 0 0 0 0 0 0
0 0 0 0 0 0 0 0 0 0 0 0 0 0 0 0 0 0 0 0 0 0 0 0 0 0 0 0 0 0 0 0 0 0 0 0
0 0 0 0 0 0 0 0 0 0 0 0 0 0 0 0 0 0 0 0 0 0 0 0 0 0 0 0 0 0 0 0 0 0 0 0
##$SHL_EXPANDCF5= (0..143)
0 0 0 0 0 0 0 0 0 0 0 0 0 0 0 0 0 0 0 0 0 0 0 0 0 0 0 0 0 0 0 0 0 0 0 0
0 0 0 0 0 0 0 0 0 0 0 0 0 0 0 0 0 0 0 0 0 0 0 0 0 0 0 0 0 0 0 0 0 0 0 0
0 0 0 0 0 0 0 0 0 0 0 0 0 0 0 0 0 0 0 0 0 0 0 0 0 0 0 0 0 0 0 0 0 0 0 0
0 0 0 0 0 0 0 0 0 0 0 0 0 0 0 0 0 0 0 0 0 0 0 0 0 0 0 0 0 0 0 0 0 0 0 0
##$SHL_EXPANDCF6= (0..143)
0 0 0 0 0 0 0 0 0 0 0 0 0 0 0 0 0 0 0 0 0 0 0 0 0 0 0 0 0 0 0 0 0 0 0 0
0 0 0 0 0 0 0 0 0 0 0 0 0 0 0 0 0 0 0 0 0 0 0 0 0 0 0 0 0 0 0 0 0 0 0 0
0 0 0 0 0 0 0 0 0 0 0 0 0 0 0 0 0 0 0 0 0 0 0 0 0 0 0 0 0 0 0 0 0 0 0 0
0 0 0 0 0 0 0 0 0 0 0 0 0 0 0 0 0 0 0 0 0 0 0 0 0 0 0 0 0 0 0 0 0 0 0 0
##$SHL_EXPANDCF7= (0..143)
0 0 0 0 0 0 0 0 0 0 0 0 0 0 0 0 0 0 0 0 0 0 0 0 0 0 0 0 0 0 0 0 0 0 0 0
0 0 0 0 0 0 0 0 0 0 0 0 0 0 0 0 0 0 0 0 0 0 0 0 0 0 0 0 0 0 0 0 0 0 0 0
0 0 0 0 0 0 0 0 0 0 0 0 0 0 0 0 0 0 0 0 0 0 0 0 0 0 0 0 0 0 0 0 0 0 0 0
0 0 0 0 0 0 0 0 0 0 0 0 0 0 0 0 0 0 0 0 0 0 0 0 0 0 0 0 0 0 0 0 0 0 0 0
##$SHL_EXPANDCF8= (0..143)
0 0 0 0 0 0 0 0 0 0 0 0 0 0 0 0 0 0 0 0 0 0 0 0 0 0 0 0 0 0 0 0 0 0 0 0
0 0 0 0 0 0 0 0 0 0 0 0 0 0 0 0 0 0 0 0 0 0 0 0 0 0 0 0 0 0 0 0 0 0 0 0
0 0 0 0 0 0 0 0 0 0 0 0 0 0 0 0 0 0 0 0 0 0 0 0 0 0 0 0 0 0 0 0 0 0 0 0
0 0 0 0 0 0 0 0 0 0 0 0 0 0 0 0 0 0 0 0 0 0 0 0 0 0 0 0 0 0 0 0 0 0 0 0
##$SHL_EXPANDCF9= (0..143)
0 0 0 0 0 0 0 0 0 0 0 0 0 0 0 0 0 0 0 0 0 0 0 0 0 0 0 0 0 0 0 0 0 0 0 0
0 0 0 0 0 0 0 0 0 0 0 0 0 0 0 0 0 0 0 0 0 0 0 0 0 0 0 0 0 0 0 0 0 0 0 0
0 0 0 0 0 0 0 0 0 0 0 0 0 0 0 0 0 0 0 0 0 0 0 0 0 0 0 0 0 0 0 0 0 0 0 0
0 0 0 0 0 0 0 0 0 0 0 0 0 0 0 0 0 0 0 0 0 0 0 0 0 0 0 0 0 0 0 0 0 0 0 0
##$SHL_EXPFAC= (0..15)
0 0 0 0 0 0 0 0 0 0 0 0 0 0 0 0
##$SHL_FRACEND= (0..15)
0 0 0 0 0 0 0 0 0 0 0 0 0 0 0 0
##$SHL_FRACORG= (0..15)
0 0 0 0 0 0 0 0 0 0 0 0 0 0 0 0
##$SHL_FRACSTART= (0..15)
0 0 0 0 0 0 0 0 0 0 0 0 0 0 0 0
##$SHL_FULLHALF= (0..15)
0 0 0 0 0 0 0 0 0 0 0 0 0 0 0 0
##$SHL_FUNCAMP= (0..15)
100 0 0 0 0 0 0 0 0 0 0 0 0 0 0 0
##$SHL_FUNCTION= (0..15)
<Rectangle> <> <> <> <> <> <> <> <> <> <> <> <> <> <> <>
##$SHL_GCO= (0..15)
<> <> <> <> <> <> <> <> <> <> <> <> <> <> <> <>
##$SHL_GCOCOEFFS0= (0..59)
0 0 0 0 0 0 0 0 0 0 0 0 0 0 0 0 0 0 0 0 0 0 0 0 0 0 0 0 0 0 0 0 0 0 0 0
0 0 0 0 0 0 0 0 0 0 0 0 0 0 0 0 0 0 0 0 0 0 0 0
##$SHL_GCOCOEFFS1= (0..59)
0 0 0 0 0 0 0 0 0 0 0 0 0 0 0 0 0 0 0 0 0 0 0 0 0 0 0 0 0 0 0 0 0 0 0 0
0 0 0 0 0 0 0 0 0 0 0 0 0 0 0 0 0 0 0 0 0 0 0 0
##$SHL_GCOCOEFFS10= (0..59)
0 0 0 0 0 0 0 0 0 0 0 0 0 0 0 0 0 0 0 0 0 0 0 0 0 0 0 0 0 0 0 0 0 0 0 0
0 0 0 0 0 0 0 0 0 0 0 0 0 0 0 0 0 0 0 0 0 0 0 0
##$SHL_GCOCOEFFS11= (0..59)
0 0 0 0 0 0 0 0 0 0 0 0 0 0 0 0 0 0 0 0 0 0 0 0 0 0 0 0 0 0 0 0 0 0 0 0
0 0 0 0 0 0 0 0 0 0 0 0 0 0 0 0 0 0 0 0 0 0 0 0
##$SHL_GCOCOEFFS12= (0..59)
0 0 0 0 0 0 0 0 0 0 0 0 0 0 0 0 0 0 0 0 0 0 0 0 0 0 0 0 0 0 0 0 0 0 0 0
0 0 0 0 0 0 0 0 0 0 0 0 0 0 0 0 0 0 0 0 0 0 0 0
##$SHL_GCOCOEFFS13= (0..59)
0 0 0 0 0 0 0 0 0 0 0 0 0 0 0 0 0 0 0 0 0 0 0 0 0 0 0 0 0 0 0 0 0 0 0 0
0 0 0 0 0 0 0 0 0 0 0 0 0 0 0 0 0 0 0 0 0 0 0 0
##$SHL_GCOCOEFFS14= (0..59)
0 0 0 0 0 0 0 0 0 0 0 0 0 0 0 0 0 0 0 0 0 0 0 0 0 0 0 0 0 0 0 0 0 0 0 0
0 0 0 0 0 0 0 0 0 0 0 0 0 0 0 0 0 0 0 0 0 0 0 0
##$SHL_GCOCOEFFS15= (0..59)
0 0 0 0 0 0 0 0 0 0 0 0 0 0 0 0 0 0 0 0 0 0 0 0 0 0 0 0 0 0 0 0 0 0 0 0
0 0 0 0 0 0 0 0 0 0 0 0 0 0 0 0 0 0 0 0 0 0 0 0
##$SHL_GCOCOEFFS2= (0..59)
0 0 0 0 0 0 0 0 0 0 0 0 0 0 0 0 0 0 0 0 0 0 0 0 0 0 0 0 0 0 0 0 0 0 0 0
0 0 0 0 0 0 0 0 0 0 0 0 0 0 0 0 0 0 0 0 0 0 0 0
##$SHL_GCOCOEFFS3= (0..59)
0 0 0 0 0 0 0 0 0 0 0 0 0 0 0 0 0 0 0 0 0 0 0 0 0 0 0 0 0 0 0 0 0 0 0 0
0 0 0 0 0 0 0 0 0 0 0 0 0 0 0 0 0 0 0 0 0 0 0 0
##$SHL_GCOCOEFFS4= (0..59)
0 0 0 0 0 0 0 0 0 0 0 0 0 0 0 0 0 0 0 0 0 0 0 0 0 0 0 0 0 0 0 0 0 0 0 0
0 0 0 0 0 0 0 0 0 0 0 0 0 0 0 0 0 0 0 0 0 0 0 0
##$SHL_GCOCOEFFS5= (0..59)
0 0 0 0 0 0 0 0 0 0 0 0 0 0 0 0 0 0 0 0 0 0 0 0 0 0 0 0 0 0 0 0 0 0 0 0
0 0 0 0 0 0 0 0 0 0 0 0 0 0 0 0 0 0 0 0 0 0 0 0
##$SHL_GCOCOEFFS6= (0..59)
0 0 0 0 0 0 0 0 0 0 0 0 0 0 0 0 0 0 0 0 0 0 0 0 0 0 0 0 0 0 0 0 0 0 0 0
0 0 0 0 0 0 0 0 0 0 0 0 0 0 0 0 0 0 0 0 0 0 0 0
##$SHL_GCOCOEFFS7= (0..59)
0 0 0 0 0 0 0 0 0 0 0 0 0 0 0 0 0 0 0 0 0 0 0 0 0 0 0 0 0 0 0 0 0 0 0 0
0 0 0 0 0 0 0 0 0 0 0 0 0 0 0 0 0 0 0 0 0 0 0 0
##$SHL_GCOCOEFFS8= (0..59)
0 0 0 0 0 0 0 0 0 0 0 0 0 0 0 0 0 0 0 0 0 0 0 0 0 0 0 0 0 0 0 0 0 0 0 0
0 0 0 0 0 0 0 0 0 0 0 0 0 0 0 0 0 0 0 0 0 0 0 0
##$SHL_GCOCOEFFS9= (0..59)
0 0 0 0 0 0 0 0 0 0 0 0 0 0 0 0 0 0 0 0 0 0 0 0 0 0 0 0 0 0 0 0 0 0 0 0
0 0 0 0 0 0 0 0 0 0 0 0 0 0 0 0 0 0 0 0 0 0 0 0
##$SHL_INTEGFAC= (0..15)
1 0 0 0 0 0 0 0 0 0 0 0 0 0 0 0
##$SHL_LB= (0..15)
0 0 0 0 0 0 0 0 0 0 0 0 0 0 0 0
##$SHL_LEFTLIMIT= (0..15)
0 0 0 0 0 0 0 0 0 0 0 0 0 0 0 0
##$SHL_LENGTH= (0..15)
25000.000373 0 0 0 0 0 0 0 0 0 0 0 0 0 0 0
##$SHL_MAN= (0..15)
<> <> <> <> <> <> <> <> <> <> <> <> <> <> <> <>
##$SHL_MEANAMP= (0..15)
0 0 0 0 0 0 0 0 0 0 0 0 0 0 0 0
##$SHL_MODAMP= (0..15)
0 0 0 0 0 0 0 0 0 0 0 0 0 0 0 0
##$SHL_MODE= (0..15)
0 0 0 0 0 0 0 0 0 0 0 0 0 0 0 0
##$SHL_MODFREQ= (0..15)
0 0 0 0 0 0 0 0 0 0 0 0 0 0 0 0
##$SHL_MODPHASE= (0..15)
0 0 0 0 0 0 0 0 0 0 0 0 0 0 0 0
##$SHL_MODSCALE= (0..15)
0 0 0 0 0 0 0 0 0 0 0 0 0 0 0 0
##$SHL_MODSW= (0..15)
0 0 0 0 0 0 0 0 0 0 0 0 0 0 0 0
##$SHL_MODSWDIR= (0..15)
-1 -1 -1 -1 -1 -1 -1 -1 -1 -1 -1 -1 -1 -1 -1 -1
##$SHL_MU= (0..15)
0 0 0 0 0 0 0 0 0 0 0 0 0 0 0 0
##$SHL_NPOINTS= (0..15)
1250 0 0 0 0 0 0 0 0 0 0 0 0 0 0 0
##$SHL_OFFS= (0..15)
<> <> <> <> <> <> <> <> <> <> <> <> <> <> <> <>
##$SHL_OFFSCOEFF0= (0..95)
0 0 0 0 0 0 0 0 0 0 0 0 0 0 0 0 0 0 0 0 0 0 0 0 0 0 0 0 0 0 0 0 0 0 0 0
0 0 0 0 0 0 0 0 0 0 0 0 0 0 0 0 0 0 0 0 0 0 0 0 0 0 0 0 0 0 0 0 0 0 0 0
0 0 0 0 0 0 0 0 0 0 0 0 0 0 0 0 0 0 0 0 0 0 0 0
##$SHL_OFFSCOEFF1= (0..95)
0 0 0 0 0 0 0 0 0 0 0 0 0 0 0 0 0 0 0 0 0 0 0 0 0 0 0 0 0 0 0 0 0 0 0 0
0 0 0 0 0 0 0 0 0 0 0 0 0 0 0 0 0 0 0 0 0 0 0 0 0 0 0 0 0 0 0 0 0 0 0 0
0 0 0 0 0 0 0 0 0 0 0 0 0 0 0 0 0 0 0 0 0 0 0 0
##$SHL_OFFSCOEFF10= (0..95)
0 0 0 0 0 0 0 0 0 0 0 0 0 0 0 0 0 0 0 0 0 0 0 0 0 0 0 0 0 0 0 0 0 0 0 0
0 0 0 0 0 0 0 0 0 0 0 0 0 0 0 0 0 0 0 0 0 0 0 0 0 0 0 0 0 0 0 0 0 0 0 0
0 0 0 0 0 0 0 0 0 0 0 0 0 0 0 0 0 0 0 0 0 0 0 0
##$SHL_OFFSCOEFF11= (0..95)
0 0 0 0 0 0 0 0 0 0 0 0 0 0 0 0 0 0 0 0 0 0 0 0 0 0 0 0 0 0 0 0 0 0 0 0
0 0 0 0 0 0 0 0 0 0 0 0 0 0 0 0 0 0 0 0 0 0 0 0 0 0 0 0 0 0 0 0 0 0 0 0
0 0 0 0 0 0 0 0 0 0 0 0 0 0 0 0 0 0 0 0 0 0 0 0
##$SHL_OFFSCOEFF12= (0..95)
0 0 0 0 0 0 0 0 0 0 0 0 0 0 0 0 0 0 0 0 0 0 0 0 0 0 0 0 0 0 0 0 0 0 0 0
0 0 0 0 0 0 0 0 0 0 0 0 0 0 0 0 0 0 0 0 0 0 0 0 0 0 0 0 0 0 0 0 0 0 0 0
0 0 0 0 0 0 0 0 0 0 0 0 0 0 0 0 0 0 0 0 0 0 0 0
##$SHL_OFFSCOEFF13= (0..95)
0 0 0 0 0 0 0 0 0 0 0 0 0 0 0 0 0 0 0 0 0 0 0 0 0 0 0 0 0 0 0 0 0 0 0 0
0 0 0 0 0 0 0 0 0 0 0 0 0 0 0 0 0 0 0 0 0 0 0 0 0 0 0 0 0 0 0 0 0 0 0 0
0 0 0 0 0 0 0 0 0 0 0 0 0 0 0 0 0 0 0 0 0 0 0 0
##$SHL_OFFSCOEFF14= (0..95)
0 0 0 0 0 0 0 0 0 0 0 0 0 0 0 0 0 0 0 0 0 0 0 0 0 0 0 0 0 0 0 0 0 0 0 0
0 0 0 0 0 0 0 0 0 0 0 0 0 0 0 0 0 0 0 0 0 0 0 0 0 0 0 0 0 0 0 0 0 0 0 0
0 0 0 0 0 0 0 0 0 0 0 0 0 0 0 0 0 0 0 0 0 0 0 0
##$SHL_OFFSCOEFF15= (0..95)
0 0 0 0 0 0 0 0 0 0 0 0 0 0 0 0 0 0 0 0 0 0 0 0 0 0 0 0 0 0 0 0 0 0 0 0
0 0 0 0 0 0 0 0 0 0 0 0 0 0 0 0 0 0 0 0 0 0 0 0 0 0 0 0 0 0 0 0 0 0 0 0
0 0 0 0 0 0 0 0 0 0 0 0 0 0 0 0 0 0 0 0 0 0 0 0
##$SHL_OFFSCOEFF2= (0..95)
0 0 0 0 0 0 0 0 0 0 0 0 0 0 0 0 0 0 0 0 0 0 0 0 0 0 0 0 0 0 0 0 0 0 0 0
0 0 0 0 0 0 0 0 0 0 0 0 0 0 0 0 0 0 0 0 0 0 0 0 0 0 0 0 0 0 0 0 0 0 0 0
0 0 0 0 0 0 0 0 0 0 0 0 0 0 0 0 0 0 0 0 0 0 0 0
##$SHL_OFFSCOEFF3= (0..95)
0 0 0 0 0 0 0 0 0 0 0 0 0 0 0 0 0 0 0 0 0 0 0 0 0 0 0 0 0 0 0 0 0 0 0 0
0 0 0 0 0 0 0 0 0 0 0 0 0 0 0 0 0 0 0 0 0 0 0 0 0 0 0 0 0 0 0 0 0 0 0 0
0 0 0 0 0 0 0 0 0 0 0 0 0 0 0 0 0 0 0 0 0 0 0 0
##$SHL_OFFSCOEFF4= (0..95)
0 0 0 0 0 0 0 0 0 0 0 0 0 0 0 0 0 0 0 0 0 0 0 0 0 0 0 0 0 0 0 0 0 0 0 0
0 0 0 0 0 0 0 0 0 0 0 0 0 0 0 0 0 0 0 0 0 0 0 0 0 0 0 0 0 0 0 0 0 0 0 0
0 0 0 0 0 0 0 0 0 0 0 0 0 0 0 0 0 0 0 0 0 0 0 0
##$SHL_OFFSCOEFF5= (0..95)
0 0 0 0 0 0 0 0 0 0 0 0 0 0 0 0 0 0 0 0 0 0 0 0 0 0 0 0 0 0 0 0 0 0 0 0
0 0 0 0 0 0 0 0 0 0 0 0 0 0 0 0 0 0 0 0 0 0 0 0 0 0 0 0 0 0 0 0 0 0 0 0
0 0 0 0 0 0 0 0 0 0 0 0 0 0 0 0 0 0 0 0 0 0 0 0
##$SHL_OFFSCOEFF6= (0..95)
0 0 0 0 0 0 0 0 0 0 0 0 0 0 0 0 0 0 0 0 0 0 0 0 0 0 0 0 0 0 0 0 0 0 0 0
0 0 0 0 0 0 0 0 0 0 0 0 0 0 0 0 0 0 0 0 0 0 0 0 0 0 0 0 0 0 0 0 0 0 0 0
0 0 0 0 0 0 0 0 0 0 0 0 0 0 0 0 0 0 0 0 0 0 0 0
##$SHL_OFFSCOEFF7= (0..95)
0 0 0 0 0 0 0 0 0 0 0 0 0 0 0 0 0 0 0 0 0 0 0 0 0 0 0 0 0 0 0 0 0 0 0 0
0 0 0 0 0 0 0 0 0 0 0 0 0 0 0 0 0 0 0 0 0 0 0 0 0 0 0 0 0 0 0 0 0 0 0 0
0 0 0 0 0 0 0 0 0 0 0 0 0 0 0 0 0 0 0 0 0 0 0 0
##$SHL_OFFSCOEFF8= (0..95)
0 0 0 0 0 0 0 0 0 0 0 0 0 0 0 0 0 0 0 0 0 0 0 0 0 0 0 0 0 0 0 0 0 0 0 0
0 0 0 0 0 0 0 0 0 0 0 0 0 0 0 0 0 0 0 0 0 0 0 0 0 0 0 0 0 0 0 0 0 0 0 0
0 0 0 0 0 0 0 0 0 0 0 0 0 0 0 0 0 0 0 0 0 0 0 0
##$SHL_OFFSCOEFF9= (0..95)
0 0 0 0 0 0 0 0 0 0 0 0 0 0 0 0 0 0 0 0 0 0 0 0 0 0 0 0 0 0 0 0 0 0 0 0
0 0 0 0 0 0 0 0 0 0 0 0 0 0 0 0 0 0 0 0 0 0 0 0 0 0 0 0 0 0 0 0 0 0 0 0
0 0 0 0 0 0 0 0 0 0 0 0 0 0 0 0 0 0 0 0 0 0 0 0
##$SHL_PHASE= (0..15)
0 0 0 0 0 0 0 0 0 0 0 0 0 0 0 0
##$SHL_PHASEFAC= (0..15)
0 0 0 0 0 0 0 0 0 0 0 0 0 0 0 0
##$SHL_POWERINDEX= (0..15)
0 0 0 0 0 0 0 0 0 0 0 0 0 0 0 0
##$SHL_QUADCOEFF= (0..15)
0 0 0 0 0 0 0 0 0 0 0 0 0 0 0 0
##$SHL_RIGHTLIMIT= (0..15)
0 0 0 0 0 0 0 0 0 0 0 0 0 0 0 0
##$SHL_SCALEFACTOR= (0..15)
1 1 1 1 1 1 1 1 1 1 1 1 1 1 1 1
##$SHL_SF= (0..15)
<> <> <> <> <> <> <> <> <> <> <> <> <> <> <> <>
##$SHL_SFCOEFFS0= (0..200)
0 0 0 0 0 0 0 0 0 0 0 0 0 0 0 0 0 0 0 0 0 0 0 0 0 0 0 0 0 0 0 0 0 0 0 0
0 0 0 0 0 0 0 0 0 0 0 0 0 0 0 0 0 0 0 0 0 0 0 0 0 0 0 0 0 0 0 0 0 0 0 0
0 0 0 0 0 0 0 0 0 0 0 0 0 0 0 0 0 0 0 0 0 0 0 0 0 0 0 0 0 0 0 0 0 0 0 0
0 0 0 0 0 0 0 0 0 0 0 0 0 0 0 0 0 0 0 0 0 0 0 0 0 0 0 0 0 0 0 0 0 0 0 0
0 0 0 0 0 0 0 0 0 0 0 0 0 0 0 0 0 0 0 0 0 0 0 0 0 0 0 0 0 0 0 0 0 0 0 0
0 0 0 0 0 0 0 0 0 0 0 0 0 0 0 0 0 0 0 0 0
##$SHL_SFCOEFFS1= (0..200)
0 0 0 0 0 0 0 0 0 0 0 0 0 0 0 0 0 0 0 0 0 0 0 0 0 0 0 0 0 0 0 0 0 0 0 0
0 0 0 0 0 0 0 0 0 0 0 0 0 0 0 0 0 0 0 0 0 0 0 0 0 0 0 0 0 0 0 0 0 0 0 0
0 0 0 0 0 0 0 0 0 0 0 0 0 0 0 0 0 0 0 0 0 0 0 0 0 0 0 0 0 0 0 0 0 0 0 0
0 0 0 0 0 0 0 0 0 0 0 0 0 0 0 0 0 0 0 0 0 0 0 0 0 0 0 0 0 0 0 0 0 0 0 0
0 0 0 0 0 0 0 0 0 0 0 0 0 0 0 0 0 0 0 0 0 0 0 0 0 0 0 0 0 0 0 0 0 0 0 0
0 0 0 0 0 0 0 0 0 0 0 0 0 0 0 0 0 0 0 0 0
##$SHL_SFCOEFFS10= (0..200)
0 0 0 0 0 0 0 0 0 0 0 0 0 0 0 0 0 0 0 0 0 0 0 0 0 0 0 0 0 0 0 0 0 0 0 0
0 0 0 0 0 0 0 0 0 0 0 0 0 0 0 0 0 0 0 0 0 0 0 0 0 0 0 0 0 0 0 0 0 0 0 0
0 0 0 0 0 0 0 0 0 0 0 0 0 0 0 0 0 0 0 0 0 0 0 0 0 0 0 0 0 0 0 0 0 0 0 0
0 0 0 0 0 0 0 0 0 0 0 0 0 0 0 0 0 0 0 0 0 0 0 0 0 0 0 0 0 0 0 0 0 0 0 0
0 0 0 0 0 0 0 0 0 0 0 0 0 0 0 0 0 0 0 0 0 0 0 0 0 0 0 0 0 0 0 0 0 0 0 0
0 0 0 0 0 0 0 0 0 0 0 0 0 0 0 0 0 0 0 0 0
##$SHL_SFCOEFFS11= (0..200)
0 0 0 0 0 0 0 0 0 0 0 0 0 0 0 0 0 0 0 0 0 0 0 0 0 0 0 0 0 0 0 0 0 0 0 0
0 0 0 0 0 0 0 0 0 0 0 0 0 0 0 0 0 0 0 0 0 0 0 0 0 0 0 0 0 0 0 0 0 0 0 0
0 0 0 0 0 0 0 0 0 0 0 0 0 0 0 0 0 0 0 0 0 0 0 0 0 0 0 0 0 0 0 0 0 0 0 0
0 0 0 0 0 0 0 0 0 0 0 0 0 0 0 0 0 0 0 0 0 0 0 0 0 0 0 0 0 0 0 0 0 0 0 0
0 0 0 0 0 0 0 0 0 0 0 0 0 0 0 0 0 0 0 0 0 0 0 0 0 0 0 0 0 0 0 0 0 0 0 0
0 0 0 0 0 0 0 0 0 0 0 0 0 0 0 0 0 0 0 0 0
##$SHL_SFCOEFFS12= (0..200)
0 0 0 0 0 0 0 0 0 0 0 0 0 0 0 0 0 0 0 0 0 0 0 0 0 0 0 0 0 0 0 0 0 0 0 0
0 0 0 0 0 0 0 0 0 0 0 0 0 0 0 0 0 0 0 0 0 0 0 0 0 0 0 0 0 0 0 0 0 0 0 0
0 0 0 0 0 0 0 0 0 0 0 0 0 0 0 0 0 0 0 0 0 0 0 0 0 0 0 0 0 0 0 0 0 0 0 0
0 0 0 0 0 0 0 0 0 0 0 0 0 0 0 0 0 0 0 0 0 0 0 0 0 0 0 0 0 0 0 0 0 0 0 0
0 0 0 0 0 0 0 0 0 0 0 0 0 0 0 0 0 0 0 0 0 0 0 0 0 0 0 0 0 0 0 0 0 0 0 0
0 0 0 0 0 0 0 0 0 0 0 0 0 0 0 0 0 0 0 0 0
##$SHL_SFCOEFFS13= (0..200)
0 0 0 0 0 0 0 0 0 0 0 0 0 0 0 0 0 0 0 0 0 0 0 0 0 0 0 0 0 0 0 0 0 0 0 0
0 0 0 0 0 0 0 0 0 0 0 0 0 0 0 0 0 0 0 0 0 0 0 0 0 0 0 0 0 0 0 0 0 0 0 0
0 0 0 0 0 0 0 0 0 0 0 0 0 0 0 0 0 0 0 0 0 0 0 0 0 0 0 0 0 0 0 0 0 0 0 0
0 0 0 0 0 0 0 0 0 0 0 0 0 0 0 0 0 0 0 0 0 0 0 0 0 0 0 0 0 0 0 0 0 0 0 0
0 0 0 0 0 0 0 0 0 0 0 0 0 0 0 0 0 0 0 0 0 0 0 0 0 0 0 0 0 0 0 0 0 0 0 0
0 0 0 0 0 0 0 0 0 0 0 0 0 0 0 0 0 0 0 0 0
##$SHL_SFCOEFFS14= (0..200)
0 0 0 0 0 0 0 0 0 0 0 0 0 0 0 0 0 0 0 0 0 0 0 0 0 0 0 0 0 0 0 0 0 0 0 0
0 0 0 0 0 0 0 0 0 0 0 0 0 0 0 0 0 0 0 0 0 0 0 0 0 0 0 0 0 0 0 0 0 0 0 0
0 0 0 0 0 0 0 0 0 0 0 0 0 0 0 0 0 0 0 0 0 0 0 0 0 0 0 0 0 0 0 0 0 0 0 0
0 0 0 0 0 0 0 0 0 0 0 0 0 0 0 0 0 0 0 0 0 0 0 0 0 0 0 0 0 0 0 0 0 0 0 0
0 0 0 0 0 0 0 0 0 0 0 0 0 0 0 0 0 0 0 0 0 0 0 0 0 0 0 0 0 0 0 0 0 0 0 0
0 0 0 0 0 0 0 0 0 0 0 0 0 0 0 0 0 0 0 0 0
##$SHL_SFCOEFFS15= (0..200)
0 0 0 0 0 0 0 0 0 0 0 0 0 0 0 0 0 0 0 0 0 0 0 0 0 0 0 0 0 0 0 0 0 0 0 0
0 0 0 0 0 0 0 0 0 0 0 0 0 0 0 0 0 0 0 0 0 0 0 0 0 0 0 0 0 0 0 0 0 0 0 0
0 0 0 0 0 0 0 0 0 0 0 0 0 0 0 0 0 0 0 0 0 0 0 0 0 0 0 0 0 0 0 0 0 0 0 0
0 0 0 0 0 0 0 0 0 0 0 0 0 0 0 0 0 0 0 0 0 0 0 0 0 0 0 0 0 0 0 0 0 0 0 0
0 0 0 0 0 0 0 0 0 0 0 0 0 0 0 0 0 0 0 0 0 0 0 0 0 0 0 0 0 0 0 0 0 0 0 0
0 0 0 0 0 0 0 0 0 0 0 0 0 0 0 0 0 0 0 0 0
##$SHL_SFCOEFFS2= (0..200)
0 0 0 0 0 0 0 0 0 0 0 0 0 0 0 0 0 0 0 0 0 0 0 0 0 0 0 0 0 0 0 0 0 0 0 0
0 0 0 0 0 0 0 0 0 0 0 0 0 0 0 0 0 0 0 0 0 0 0 0 0 0 0 0 0 0 0 0 0 0 0 0
0 0 0 0 0 0 0 0 0 0 0 0 0 0 0 0 0 0 0 0 0 0 0 0 0 0 0 0 0 0 0 0 0 0 0 0
0 0 0 0 0 0 0 0 0 0 0 0 0 0 0 0 0 0 0 0 0 0 0 0 0 0 0 0 0 0 0 0 0 0 0 0
0 0 0 0 0 0 0 0 0 0 0 0 0 0 0 0 0 0 0 0 0 0 0 0 0 0 0 0 0 0 0 0 0 0 0 0
0 0 0 0 0 0 0 0 0 0 0 0 0 0 0 0 0 0 0 0 0
##$SHL_SFCOEFFS3= (0..200)
0 0 0 0 0 0 0 0 0 0 0 0 0 0 0 0 0 0 0 0 0 0 0 0 0 0 0 0 0 0 0 0 0 0 0 0
0 0 0 0 0 0 0 0 0 0 0 0 0 0 0 0 0 0 0 0 0 0 0 0 0 0 0 0 0 0 0 0 0 0 0 0
0 0 0 0 0 0 0 0 0 0 0 0 0 0 0 0 0 0 0 0 0 0 0 0 0 0 0 0 0 0 0 0 0 0 0 0
0 0 0 0 0 0 0 0 0 0 0 0 0 0 0 0 0 0 0 0 0 0 0 0 0 0 0 0 0 0 0 0 0 0 0 0
0 0 0 0 0 0 0 0 0 0 0 0 0 0 0 0 0 0 0 0 0 0 0 0 0 0 0 0 0 0 0 0 0 0 0 0
0 0 0 0 0 0 0 0 0 0 0 0 0 0 0 0 0 0 0 0 0
##$SHL_SFCOEFFS4= (0..200)
0 0 0 0 0 0 0 0 0 0 0 0 0 0 0 0 0 0 0 0 0 0 0 0 0 0 0 0 0 0 0 0 0 0 0 0
0 0 0 0 0 0 0 0 0 0 0 0 0 0 0 0 0 0 0 0 0 0 0 0 0 0 0 0 0 0 0 0 0 0 0 0
0 0 0 0 0 0 0 0 0 0 0 0 0 0 0 0 0 0 0 0 0 0 0 0 0 0 0 0 0 0 0 0 0 0 0 0
0 0 0 0 0 0 0 0 0 0 0 0 0 0 0 0 0 0 0 0 0 0 0 0 0 0 0 0 0 0 0 0 0 0 0 0
0 0 0 0 0 0 0 0 0 0 0 0 0 0 0 0 0 0 0 0 0 0 0 0 0 0 0 0 0 0 0 0 0 0 0 0
0 0 0 0 0 0 0 0 0 0 0 0 0 0 0 0 0 0 0 0 0
##$SHL_SFCOEFFS5= (0..200)
0 0 0 0 0 0 0 0 0 0 0 0 0 0 0 0 0 0 0 0 0 0 0 0 0 0 0 0 0 0 0 0 0 0 0 0
0 0 0 0 0 0 0 0 0 0 0 0 0 0 0 0 0 0 0 0 0 0 0 0 0 0 0 0 0 0 0 0 0 0 0 0
0 0 0 0 0 0 0 0 0 0 0 0 0 0 0 0 0 0 0 0 0 0 0 0 0 0 0 0 0 0 0 0 0 0 0 0
0 0 0 0 0 0 0 0 0 0 0 0 0 0 0 0 0 0 0 0 0 0 0 0 0 0 0 0 0 0 0 0 0 0 0 0
0 0 0 0 0 0 0 0 0 0 0 0 0 0 0 0 0 0 0 0 0 0 0 0 0 0 0 0 0 0 0 0 0 0 0 0
0 0 0 0 0 0 0 0 0 0 0 0 0 0 0 0 0 0 0 0 0
##$SHL_SFCOEFFS6= (0..200)
0 0 0 0 0 0 0 0 0 0 0 0 0 0 0 0 0 0 0 0 0 0 0 0 0 0 0 0 0 0 0 0 0 0 0 0
0 0 0 0 0 0 0 0 0 0 0 0 0 0 0 0 0 0 0 0 0 0 0 0 0 0 0 0 0 0 0 0 0 0 0 0
0 0 0 0 0 0 0 0 0 0 0 0 0 0 0 0 0 0 0 0 0 0 0 0 0 0 0 0 0 0 0 0 0 0 0 0
0 0 0 0 0 0 0 0 0 0 0 0 0 0 0 0 0 0 0 0 0 0 0 0 0 0 0 0 0 0 0 0 0 0 0 0
0 0 0 0 0 0 0 0 0 0 0 0 0 0 0 0 0 0 0 0 0 0 0 0 0 0 0 0 0 0 0 0 0 0 0 0
0 0 0 0 0 0 0 0 0 0 0 0 0 0 0 0 0 0 0 0 0
##$SHL_SFCOEFFS7= (0..200)
0 0 0 0 0 0 0 0 0 0 0 0 0 0 0 0 0 0 0 0 0 0 0 0 0 0 0 0 0 0 0 0 0 0 0 0
0 0 0 0 0 0 0 0 0 0 0 0 0 0 0 0 0 0 0 0 0 0 0 0 0 0 0 0 0 0 0 0 0 0 0 0
0 0 0 0 0 0 0 0 0 0 0 0 0 0 0 0 0 0 0 0 0 0 0 0 0 0 0 0 0 0 0 0 0 0 0 0
0 0 0 0 0 0 0 0 0 0 0 0 0 0 0 0 0 0 0 0 0 0 0 0 0 0 0 0 0 0 0 0 0 0 0 0
0 0 0 0 0 0 0 0 0 0 0 0 0 0 0 0 0 0 0 0 0 0 0 0 0 0 0 0 0 0 0 0 0 0 0 0
0 0 0 0 0 0 0 0 0 0 0 0 0 0 0 0 0 0 0 0 0
##$SHL_SFCOEFFS8= (0..200)
0 0 0 0 0 0 0 0 0 0 0 0 0 0 0 0 0 0 0 0 0 0 0 0 0 0 0 0 0 0 0 0 0 0 0 0
0 0 0 0 0 0 0 0 0 0 0 0 0 0 0 0 0 0 0 0 0 0 0 0 0 0 0 0 0 0 0 0 0 0 0 0
0 0 0 0 0 0 0 0 0 0 0 0 0 0 0 0 0 0 0 0 0 0 0 0 0 0 0 0 0 0 0 0 0 0 0 0
0 0 0 0 0 0 0 0 0 0 0 0 0 0 0 0 0 0 0 0 0 0 0 0 0 0 0 0 0 0 0 0 0 0 0 0
0 0 0 0 0 0 0 0 0 0 0 0 0 0 0 0 0 0 0 0 0 0 0 0 0 0 0 0 0 0 0 0 0 0 0 0
0 0 0 0 0 0 0 0 0 0 0 0 0 0 0 0 0 0 0 0 0
##$SHL_SFCOEFFS9= (0..200)
0 0 0 0 0 0 0 0 0 0 0 0 0 0 0 0 0 0 0 0 0 0 0 0 0 0 0 0 0 0 0 0 0 0 0 0
0 0 0 0 0 0 0 0 0 0 0 0 0 0 0 0 0 0 0 0 0 0 0 0 0 0 0 0 0 0 0 0 0 0 0 0
0 0 0 0 0 0 0 0 0 0 0 0 0 0 0 0 0 0 0 0 0 0 0 0 0 0 0 0 0 0 0 0 0 0 0 0
0 0 0 0 0 0 0 0 0 0 0 0 0 0 0 0 0 0 0 0 0 0 0 0 0 0 0 0 0 0 0 0 0 0 0 0
0 0 0 0 0 0 0 0 0 0 0 0 0 0 0 0 0 0 0 0 0 0 0 0 0 0 0 0 0 0 0 0 0 0 0 0
0 0 0 0 0 0 0 0 0 0 0 0 0 0 0 0 0 0 0 0 0
##$SHL_SMOOTHED= (0..15)
0 0 0 0 0 0 0 0 0 0 0 0 0 0 0 0
##$SHL_SMOOTHING= (0..15)
0 0 0 0 0 0 0 0 0 0 0 0 0 0 0 0
##$SHL_SPOAL= (0..15)
0 0 0 0 0 0 0 0 0 0 0 0 0 0 0 0
##$SHL_SPOFFS= (0..15)
0 0 0 0 0 0 0 0 0 0 0 0 0 0 0 0
##$SHL_SPOPH= (0..15)
0 0 0 0 0 0 0 0 0 0 0 0 0 0 0 0
##$SHL_STARTAMP= (0..15)
0 0 0 0 0 0 0 0 0 0 0 0 0 0 0 0
##$SHL_SW= (0..15)
0 0 0 0 0 0 0 0 0 0 0 0 0 0 0 0
##$SHL_SWDIR= (0..15)
-1 -1 -1 -1 -1 -1 -1 -1 -1 -1 -1 -1 -1 -1 -1 -1
##$SHL_TANKAPPA= (0..15)
0 0 0 0 0 0 0 0 0 0 0 0 0 0 0 0
##$SHL_TOTROT= (0..15)
90 0 0 0 0 0 0 0 0 0 0 0 0 0 0 0
##$SHL_TRUNCLEV= (0..15)
0 0 0 0 0 0 0 0 0 0 0 0 0 0 0 0
##$SHL_TYPE= (0..15)
<Excitation> <> <> <> <> <> <> <> <> <> <> <> <> <> <> <>
##$SHL_WINDOWSIZE= (0..15)
0 0 0 0 0 0 0 0 0 0 0 0 0 0 0 0
##$SHL_ZETA= (0..15)
0 0 0 0 0 0 0 0 0 0 0 0 0 0 0 0
##NPOINTS= 1250
##XYPOINTS= (XY..XY)
28.692745, 112.828462
28.637748, 115.177905
28.597737, 117.508236
28.571818, 119.817518
28.559059, 122.103978
28.558501, 124.366019
28.569162, 126.602218
28.590041, 128.811328
28.620128, 130.992279
28.658407, 133.144171
28.703861, 135.266271
28.755479, 137.358001
28.812257, 139.418934
28.873204, 141.448780
28.937347, 143.447379
29.003730, 145.414688
29.071420, 147.350769
29.139507, 149.255782
29.207108, 151.129970
29.273364, 152.973650
29.337450, 154.787204
29.398564, 156.571069
29.455937, 158.325728
29.508830, 160.051702
29.556534, 161.749544
29.598369, 163.419828
29.633688, 165.063148
29.661870, 166.680109
29.682327, 168.271324
29.694498, 169.837408
29.697851, 171.378975
29.691883, 172.896634
29.676115, 174.390986
29.650099, 175.862624
29.613410, 177.312125
29.565650, 178.740053
29.506445, 180.146955
29.435445, 181.533362
29.352322, 182.899784
29.256775, 184.246710
29.148519, 185.574610
29.027296, 186.883930
28.892865, 188.175093
28.745006, 189.448501
28.583521, 190.704527
28.408228, 191.943523
28.218966, 193.165812
28.015589, 194.371692
27.797973, 195.561433
27.566006, 196.735277
27.319597, 197.893434
27.058669, 199.036087
26.783161, 200.163383
26.493029, 201.275438
26.188241, 202.372332
25.868784, 203.454104
25.534656, 204.520755
25.185870, 205.572244
24.822454, 206.608479
24.444448, 207.629319
24.051908, 208.634566
23.644901, 209.623962
23.223507, 210.597178
22.787821, 211.553809
22.337950, 212.493365
21.874014, 213.415257
21.396145, 214.318786
20.904490, 215.203126
20.399208, 216.067305
19.880472, 216.910180
19.348469, 217.730411
18.803401, 218.526424
18.245485, 219.296368
17.674955, 220.038064
17.092061, 220.748936
16.497076, 221.425928
15.890291, 222.065400
15.272025, 222.662990
14.642625, 223.213440
14.002471, 223.710365
13.351987, 224.145953
12.691645, 224.510556
12.021984, 224.792141
11.343625, 224.975532
10.657300, 225.041348
9.963886, 224.964493
9.264467, 224.711962
8.560412, 224.239597
7.853514, 223.487190
7.146191, 222.370931
6.441833, 220.771552
5.745382, 218.515505
5.064335, 215.345260
4.410539, 210.874845
3.803343, 204.535671
3.274668, 195.563936
2.874637, 183.228950
2.668427, 167.666607
2.706902, 150.906041
2.985807, 135.950898
3.451486, 124.385746
4.043203, 116.047316
4.716373, 110.151823
5.442937, 105.972799
6.205821, 102.986410
6.994457, 100.839825
7.802062, 99.297436
8.624100, 98.199837
9.457403, 97.436923
10.299666, 96.930918
11.149147, 96.625661
12.004478, 96.479765
12.864551, 96.462145
13.728436, 96.549062
14.595337, 96.722098
15.464554, 96.966765
16.335455, 97.271523
17.207466, 97.627072
18.080053, 98.025839
18.952716, 98.461598
19.824981, 98.929185
20.696396, 99.424284
21.566524, 99.943257
22.434947, 100.483021
23.301255, 101.040941
24.165051, 101.614757
25.025947, 102.202516
25.883563, 102.802523
26.737528, 103.413299
27.587477, 104.033547
28.433050, 104.662125
29.273896, 105.298025
30.109668, 105.940349
30.940025, 106.588300
31.764632, 107.241163
32.583159, 107.898296
33.395282, 108.559122
34.200682, 109.223117
34.999045, 109.889807
35.790063, 110.558761
36.573434, 111.229584
37.348860, 111.901916
38.116050, 112.575426
38.874719, 113.249807
39.624586, 113.924776
40.365377, 114.600072
41.096824, 115.275450
41.818665, 115.950683
42.530645, 116.625558
43.232513, 117.299875
43.924028, 117.973444
44.604951, 118.646089
45.275054, 119.317640
45.934114, 119.987937
46.581914, 120.656828
47.218244, 121.324165
47.842904, 121.989808
48.455698, 122.653624
49.056438, 123.315481
49.644945, 123.975254
50.221046, 124.632821
50.784576, 125.288063
51.335378, 125.940864
51.873303, 126.591111
52.398209, 127.238694
52.909964, 127.883502
53.408442, 128.525429
53.893528, 129.164369
54.365111, 129.800217
54.823093, 130.432870
55.267381, 131.062224
55.697894, 131.688176
56.114557, 132.310626
56.517304, 132.929471
56.906079, 133.544609
57.280835, 134.155940
57.641532, 134.763360
57.988142, 135.366769
58.320643, 135.966062
58.639024, 136.561139
58.943284, 137.151894
59.233430, 137.738225
59.509477, 138.320026
59.771452, 138.897191
60.019390, 139.469614
60.253335, 140.037188
60.473343, 140.599804
60.679476, 141.157353
60.871808, 141.709726
61.050422, 142.256810
61.215409, 142.798494
61.366873, 143.334664
61.504924, 143.865205
61.629683, 144.390003
61.741281, 144.908941
61.839859, 145.421902
61.925566, 145.928768
61.998562, 146.429419
62.059015, 146.923735
62.107105, 147.411596
62.143018, 147.892881
62.166952, 148.367467
62.179113, 148.835233
62.179718, 149.296055
62.168991, 149.749810
62.147166, 150.196377
62.114488, 150.635631
62.071207, 151.067451
62.017586, 151.491714
61.953893, 151.908300
61.880408, 152.317088
61.797416, 152.717960
61.705213, 153.110797
61.604102, 153.495485
61.494394, 153.871910
61.376408, 154.239960
61.250471, 154.599529
61.116916, 154.950511
60.976083, 155.292806
60.828321, 155.626316
60.673983, 155.950949
60.513429, 156.266619
60.347026, 156.573243
60.175144, 156.870747
59.998161, 157.159062
59.816458, 157.438126
59.630420, 157.707886
59.440438, 157.968298
59.246903, 158.219327
59.050213, 158.460945
58.850765, 158.693139
58.648959, 158.915905
58.445197, 159.129250
58.239881, 159.333195
58.033412, 159.527774
57.826193, 159.713036
57.618622, 159.889044
57.411098, 160.055874
57.204017, 160.213622
56.997769, 160.362398
56.792742, 160.502330
56.589318, 160.633564
56.387874, 160.756264
56.188778, 160.870613
55.992392, 160.976812
55.799070, 161.075083
55.609155, 161.165666
55.422980, 161.248822
55.240869, 161.324832
55.063131, 161.393996
54.890064, 161.456633
54.721951, 161.513084
54.559062, 161.563707
54.401651, 161.608880
54.249955, 161.648998
54.104195, 161.684475
53.964575, 161.715739
53.831279, 161.743237
53.704475, 161.767430
53.584310, 161.788790
53.470910, 161.807806
53.364382, 161.824975
53.264814, 161.840805
53.172271, 161.855811
53.086798, 161.870518
53.008417, 161.885454
52.937131, 161.901151
52.872921, 161.918144
52.815747, 161.936967
52.765548, 161.958156
52.722242, 161.982241
52.685727, 162.009749
52.655880, 162.041202
52.632561, 162.077113
52.615609, 162.117989
52.604845, 162.164323
52.600074, 162.216601
52.601082, 162.275293
52.607639, 162.340857
52.619502, 162.413736
52.636412, 162.494358
52.658095, 162.583135
52.684267, 162.680462
52.714631, 162.786715
52.748880, 162.902255
52.786696, 163.027424
52.827752, 163.162543
52.871716, 163.307919
52.918246, 163.463838
52.966996, 163.630569
53.017613, 163.808362
53.069743, 163.997450
53.123026, 164.198048
53.177101, 164.410355
53.231607, 164.634552
53.286181, 164.870806
53.340460, 165.119266
53.394083, 165.380070
53.446691, 165.653339
53.497927, 165.939181
53.547437, 166.237693
53.594872, 166.548959
53.639887, 166.873051
53.682142, 167.210033
53.721304, 167.559956
53.757044, 167.922866
53.789042, 168.298798
53.816984, 168.687781
53.840564, 169.089836
53.859484, 169.504980
53.873455, 169.933224
53.882196, 170.374573
53.885435, 170.829031
53.882912, 171.296596
53.874373, 171.777265
53.859576, 172.271033
53.838290, 172.777893
53.810292, 173.297838
53.775373, 173.830860
53.733333, 174.376950
53.683982, 174.936104
53.627143, 175.508314
53.562649, 176.093578
53.490346, 176.691893
53.410091, 177.303261
53.321751, 177.927685
53.225207, 178.565173
53.120351, 179.215737
53.007087, 179.879391
52.885331, 180.556156
52.755010, 181.246055
52.616065, 181.949119
52.468448, 182.665384
52.312122, 183.394889
52.147065, 184.137683
51.973266, 184.893819
51.790724, 185.663356
51.599454, 186.446362
51.399481, 187.242910
51.190842, 188.053082
50.973589, 188.876967
50.747782, 189.714660
50.513498, 190.566268
50.270822, 191.431902
50.019855, 192.311683
49.760707, 193.205741
49.493504, 194.114214
49.218380, 195.037248
48.935485, 195.975000
48.644979, 196.927634
48.347035, 197.895324
48.041839, 198.878252
47.729588, 199.876611
47.410492, 200.890601
47.084771, 201.920433
46.752662, 202.966325
46.414408, 204.028505
46.070269, 205.107209
45.720514, 206.202683
45.365426, 207.315179
45.005297, 208.444958
44.640435, 209.592288
44.271155, 210.757444
43.897787, 211.940707
43.520671, 213.142363
43.140158, 214.362705
42.756611, 215.602027
42.370404, 216.860628
41.981920, 218.138807
41.591554, 219.436864
41.199711, 220.755098
40.806806, 222.093806
40.413261, 223.453278
40.019511, 224.833800
39.625996, 226.235648
39.233166, 227.659086
38.841477, 229.104367
38.451392, 230.571725
38.063382, 232.061375
37.677921, 233.573509
37.295486, 235.108295
36.916560, 236.665868
36.541626, 238.246331
36.171170, 239.849751
35.805674, 241.476151
35.445623, 243.125510
35.091494, 244.797756
34.743761, 246.492764
34.402892, 248.210350
34.069345, 249.950269
33.743567, 251.712207
33.425995, 253.495783
33.117047, 255.300543
32.817129, 257.125954
32.526623, 258.971408
32.245893, 260.836214
31.975278, 262.719604
31.715090, 264.620723
31.465614, 266.538640
31.227104, 268.472340
30.999782, 270.420734
30.783833, 272.382658
30.579408, 274.356876
30.386618, 276.342090
30.205537, 278.336942
30.036196, 280.340024
29.878585, 282.349882
29.732650, 284.365028
29.598297, 286.383949
29.475388, 288.405112
29.363741, 290.426981
29.263133, 292.448019
29.173301, 294.466705
29.093939, 296.481539
29.024706, 298.491050
28.965219, 300.493812
28.915066, 302.488444
28.873797, 304.473621
28.840933, 306.448081
28.815968, 308.410629
28.798369, 310.360142
28.787579, 312.295574
28.783023, 314.215956
28.784106, 316.120400
28.790219, 318.008100
28.800740, 319.878328
28.815036, 321.730440
28.832468, 323.563868
28.852391, 325.378121
28.874157, 327.172780
28.897117, 328.947498
28.920623, 330.701996
28.944030, 332.436054
28.966696, 334.149514
28.987988, 335.842271
29.007277, 337.514270
29.023946, 339.165502
29.037386, 340.796000
29.046997, 342.405833
29.052195, 343.995103
29.052404, 345.563941
29.047065, 347.112504
29.035630, 348.640968
29.017566, 350.149528
28.992354, 351.638393
28.959492, 353.107781
28.918491, 354.557921
28.868877, 355.989043
28.810194, 357.401383
28.742000, 358.795173
28.663868, 0.170644
28.575389, 1.528021
28.476168, 2.867520
28.365827, 4.189349
28.244002, 5.493703
28.110346, 6.780762
27.964527, 8.050691
27.806230, 9.303635
27.635154, 10.539718
27.451014, 11.759042
27.253539, 12.961683
27.042476, 14.147689
26.817584, 15.317076
26.578640, 16.469828
26.325435, 17.605890
26.057773, 18.725166
25.775478, 19.827517
25.478383, 20.912750
25.166341, 21.980620
24.839217, 23.030819
24.496893, 24.062973
24.139266, 25.076627
23.766249, 26.071243
23.377769, 27.046184
22.973771, 28.000705
22.554217, 28.933932
22.119085, 29.844850
21.668371, 30.732277
21.202089, 31.594841
20.720274, 32.430946
20.222982, 33.238738
19.710291, 34.016057
19.182303, 34.760381
18.639147, 35.468759
18.080984, 36.137727
17.508007, 36.763198
16.920449, 37.340333
16.318589, 37.863369
15.702758, 38.325406
15.073353, 38.718128
14.430852, 39.031437
13.775827, 39.252983
13.108979, 39.367524
12.431163, 39.356080
11.743445, 39.194774
11.047169, 38.853250
10.344053, 38.292474
9.636331, 37.461667
8.926971, 36.294015
8.219982, 34.700684
7.520902, 32.562677
6.837526, 29.720372
6.181011, 25.962114
5.567468, 21.017780
5.019984, 14.574871
4.570370, 6.355753
4.258297, 356.306091
4.123870, 344.863352
4.192711, 333.042282
4.463259, 322.045275
4.909263, 312.679125
5.494290, 305.159632
6.184362, 299.314596
6.952939, 294.837317
7.780868, 291.427186
8.654706, 288.836860
9.565017, 286.876282
10.505092, 285.403060
11.470063, 284.311085
12.456310, 283.520930
13.461077, 282.972610
14.482210, 282.620317
15.517984, 282.428655
16.566983, 282.369954
17.628020, 282.422336
18.700073, 282.568317
19.782250, 282.793786
20.873754, 283.087241
21.973862, 283.439230
23.081908, 283.841919
24.197272, 284.288768
25.319368, 284.774277
26.447640, 285.293791
27.581551, 285.843347
28.720585, 286.419552
29.864239, 287.019483
31.012023, 287.640614
32.163453, 288.280748
33.318057, 288.937968
34.475365, 289.610595
35.634917, 290.297150
36.796253, 290.996328
37.958919, 291.706973
39.122463, 292.428058
40.286436, 293.158668
41.450391, 293.897983
42.613883, 294.645271
43.776470, 295.399873
44.937709, 296.161193
46.097161, 296.928697
47.254387, 297.701900
48.408951, 298.480362
49.560417, 299.263682
50.708351, 300.051499
51.852321, 300.843480
52.991896, 301.639323
54.126646, 302.438751
55.256145, 303.241510
56.379967, 304.047367
57.497689, 304.856109
58.608890, 305.667538
59.713150, 306.481474
60.810053, 307.297749
61.899185, 308.116208
62.980134, 308.936709
64.052492, 309.759120
65.115854, 310.583317
66.169816, 311.409189
67.213979, 312.236628
68.247948, 313.065536
69.271330, 313.895824
70.283737, 314.727405
71.284783, 315.560201
72.274088, 316.394137
73.251276, 317.229146
74.215974, 318.065162
75.167814, 318.902126
76.106433, 319.739980
77.031473, 320.578674
77.942580, 321.418157
78.839406, 322.258383
79.721607, 323.099309
80.588846, 323.940894
81.440791, 324.783100
82.277114, 325.625891
83.097494, 326.469233
83.901617, 327.313095
84.689174, 328.157446
85.459861, 329.002259
86.213382, 329.847508
86.949448, 330.693166
87.667774, 331.539210
88.368083, 332.385619
89.050106, 333.232371
89.713580, 334.079446
90.358248, 334.926826
90.983861, 335.774492
91.590177, 336.622428
92.176963, 337.470618
92.743991, 338.319046
93.291041, 339.167698
93.817903, 340.016561
94.324371, 340.865621
94.810250, 341.714866
95.275352, 342.564284
95.719496, 343.413864
96.142510, 344.263595
96.544229, 345.113467
96.924499, 345.963470
97.283171, 346.813594
97.620106, 347.663831
97.935173, 348.514171
98.228250, 349.364606
98.499223, 350.215128
98.747986, 351.065730
98.974444, 351.916402
99.178508, 352.767139
99.360098, 353.617933
99.519144, 354.468776
99.655585, 355.319662
99.769366, 356.170584
99.860445, 357.021535
99.928784, 357.872509
99.974359, 358.723499
99.997151, 359.574499
99.997151, 0.425501
99.974359, 1.276501
99.928784, 2.127491
99.860445, 2.978465
99.769366, 3.829416
99.655585, 4.680338
99.519144, 5.531224
99.360098, 6.382067
99.178508, 7.232861
98.974444, 8.083598
98.747986, 8.934270
98.499223, 9.784872
98.228250, 10.635394
97.935173, 11.485829
97.620106, 12.336169
97.283171, 13.186406
96.924499, 14.036530
96.544229, 14.886533
96.142510, 15.736405
95.719496, 16.586136
95.275352, 17.435716
94.810250, 18.285134
94.324371, 19.134379
93.817903, 19.983439
93.291041, 20.832302
92.743991, 21.680954
92.176963, 22.529382
91.590177, 23.377572
90.983861, 24.225508
90.358248, 25.073174
89.713580, 25.920554
89.050106, 26.767629
88.368083, 27.614381
87.667774, 28.460790
86.949448, 29.306834
86.213382, 30.152492
85.459861, 30.997741
84.689174, 31.842554
83.901617, 32.686905
83.097494, 33.530767
82.277114, 34.374109
81.440791, 35.216900
80.588846, 36.059106
79.721607, 36.900691
78.839406, 37.741617
77.942580, 38.581843
77.031473, 39.421326
76.106433, 40.260020
75.167814, 41.097874
74.215974, 41.934838
73.251276, 42.770854
72.274088, 43.605863
71.284783, 44.439799
70.283737, 45.272595
69.271330, 46.104176
68.247948, 46.934464
67.213979, 47.763372
66.169816, 48.590811
65.115854, 49.416683
64.052492, 50.240880
62.980134, 51.063291
61.899185, 51.883792
60.810053, 52.702251
59.713150, 53.518526
58.608890, 54.332462
57.497689, 55.143891
56.379967, 55.952633
55.256145, 56.758490
54.126646, 57.561249
52.991896, 58.360677
51.852321, 59.156520
50.708351, 59.948501
49.560417, 60.736318
48.408951, 61.519638
47.254387, 62.298100
46.097161, 63.071303
44.937709, 63.838807
43.776470, 64.600127
42.613883, 65.354729
41.450391, 66.102017
40.286436, 66.841332
39.122463, 67.571942
37.958919, 68.293027
36.796253, 69.003672
35.634917, 69.702850
34.475365, 70.389405
33.318057, 71.062032
32.163453, 71.719252
31.012023, 72.359386
29.864239, 72.980517
28.720585, 73.580448
27.581551, 74.156653
26.447640, 74.706209
25.319368, 75.225723
24.197272, 75.711232
23.081908, 76.158081
21.973862, 76.560770
20.873754, 76.912759
19.782250, 77.206214
18.700073, 77.431683
17.628020, 77.577664
16.566983, 77.630046
15.517984, 77.571345
14.482210, 77.379683
13.461077, 77.027390
12.456310, 76.479070
11.470063, 75.688915
10.505092, 74.596940
9.565017, 73.123718
8.654706, 71.163140
7.780868, 68.572814
6.952939, 65.162683
6.184362, 60.685404
5.494290, 54.840368
4.909263, 47.320875
4.463259, 37.954725
4.192711, 26.957718
4.123870, 15.136648
4.258297, 3.693909
4.570370, 353.644247
5.019984, 345.425129
5.567468, 338.982220
6.181011, 334.037886
6.837526, 330.279628
7.520902, 327.437323
8.219982, 325.299316
8.926971, 323.705985
9.636331, 322.538333
10.344053, 321.707526
11.047169, 321.146750
11.743445, 320.805226
12.431163, 320.643920
13.108979, 320.632476
13.775827, 320.747017
14.430852, 320.968563
15.073353, 321.281872
15.702758, 321.674594
16.318589, 322.136631
16.920449, 322.659667
17.508007, 323.236802
18.080984, 323.862273
18.639147, 324.531241
19.182303, 325.239619
19.710291, 325.983943
20.222982, 326.761262
20.720274, 327.569054
21.202089, 328.405159
21.668371, 329.267723
22.119085, 330.155150
22.554217, 331.066068
22.973771, 331.999295
23.377769, 332.953816
23.766249, 333.928757
24.139266, 334.923373
24.496893, 335.937027
24.839217, 336.969181
25.166341, 338.019380
25.478383, 339.087250
25.775478, 340.172483
26.057773, 341.274834
26.325435, 342.394110
26.578640, 343.530172
26.817584, 344.682924
27.042476, 345.852311
27.253539, 347.038317
27.451014, 348.240958
27.635154, 349.460282
27.806230, 350.696365
27.964527, 351.949309
28.110346, 353.219238
28.244002, 354.506297
28.365827, 355.810651
28.476168, 357.132480
28.575389, 358.471979
28.663868, 359.829356
28.742000, 1.204827
28.810194, 2.598617
28.868877, 4.010957
28.918491, 5.442079
28.959492, 6.892219
28.992354, 8.361607
29.017566, 9.850472
29.035630, 11.359032
29.047065, 12.887496
29.052404, 14.436059
29.052195, 16.004897
29.046997, 17.594167
29.037386, 19.204000
29.023946, 20.834498
29.007277, 22.485730
28.987988, 24.157729
28.966696, 25.850486
28.944030, 27.563946
28.920623, 29.298004
28.897117, 31.052502
28.874157, 32.827220
28.852391, 34.621879
28.832468, 36.436132
28.815036, 38.269560
28.800740, 40.121672
28.790219, 41.991900
28.784106, 43.879600
28.783023, 45.784044
28.787579, 47.704426
28.798369, 49.639858
28.815968, 51.589371
28.840933, 53.551919
28.873797, 55.526379
28.915066, 57.511556
28.965219, 59.506188
29.024706, 61.508950
29.093939, 63.518461
29.173301, 65.533295
29.263133, 67.551981
29.363741, 69.573019
29.475388, 71.594888
29.598297, 73.616051
29.732650, 75.634972
29.878585, 77.650118
30.036196, 79.659976
30.205537, 81.663058
30.386618, 83.657910
30.579408, 85.643124
30.783833, 87.617342
30.999782, 89.579266
31.227104, 91.527660
31.465614, 93.461360
31.715090, 95.379277
31.975278, 97.280396
32.245893, 99.163786
32.526623, 101.028592
32.817129, 102.874046
33.117047, 104.699457
33.425995, 106.504217
33.743567, 108.287793
34.069345, 110.049731
34.402892, 111.789650
34.743761, 113.507236
35.091494, 115.202244
35.445623, 116.874490
35.805674, 118.523849
36.171170, 120.150249
36.541626, 121.753669
36.916560, 123.334132
37.295486, 124.891705
37.677921, 126.426491
38.063382, 127.938625
38.451392, 129.428275
38.841477, 130.895633
39.233166, 132.340914
39.625996, 133.764352
40.019511, 135.166200
40.413261, 136.546722
40.806806, 137.906194
41.199711, 139.244902
41.591554, 140.563136
41.981920, 141.861193
42.370404, 143.139372
42.756611, 144.397973
43.140158, 145.637295
43.520671, 146.857637
43.897787, 148.059293
44.271155, 149.242556
44.640435, 150.407712
45.005297, 151.555042
45.365426, 152.684821
45.720514, 153.797317
46.070269, 154.892791
46.414408, 155.971495
46.752662, 157.033675
47.084771, 158.079567
47.410492, 159.109399
47.729588, 160.123389
48.041839, 161.121748
48.347035, 162.104676
48.644979, 163.072366
48.935485, 164.025000
49.218380, 164.962752
49.493504, 165.885786
49.760707, 166.794259
50.019855, 167.688317
50.270822, 168.568098
50.513498, 169.433732
50.747782, 170.285340
50.973589, 171.123033
51.190842, 171.946918
51.399481, 172.757090
51.599454, 173.553638
51.790724, 174.336644
51.973266, 175.106181
52.147065, 175.862317
52.312122, 176.605111
52.468448, 177.334616
52.616065, 178.050881
52.755010, 178.753945
52.885331, 179.443844
53.007087, 180.120609
53.120351, 180.784263
53.225207, 181.434827
53.321751, 182.072315
53.410091, 182.696739
53.490346, 183.308107
53.562649, 183.906422
53.627143, 184.491686
53.683982, 185.063896
53.733333, 185.623050
53.775373, 186.169140
53.810292, 186.702162
53.838290, 187.222107
53.859576, 187.728967
53.874373, 188.222735
53.882912, 188.703404
53.885435, 189.170969
53.882196, 189.625427
53.873455, 190.066776
53.859484, 190.495020
53.840564, 190.910164
53.816984, 191.312219
53.789042, 191.701202
53.757044, 192.077134
53.721304, 192.440044
53.682142, 192.789967
53.639887, 193.126949
53.594872, 193.451041
53.547437, 193.762307
53.497927, 194.060819
53.446691, 194.346661
53.394083, 194.619930
53.340460, 194.880734
53.286181, 195.129194
53.231607, 195.365448
53.177101, 195.589645
53.123026, 195.801952
53.069743, 196.002550
53.017613, 196.191638
52.966996, 196.369431
52.918246, 196.536162
52.871716, 196.692081
52.827752, 196.837457
52.786696, 196.972576
52.748880, 197.097745
52.714631, 197.213285
52.684267, 197.319538
52.658095, 197.416865
52.636412, 197.505642
52.619502, 197.586264
52.607639, 197.659143
52.601082, 197.724707
52.600074, 197.783399
52.604845, 197.835677
52.615609, 197.882011
52.632561, 197.922887
52.655880, 197.958798
52.685727, 197.990251
52.722242, 198.017759
52.765548, 198.041844
52.815747, 198.063033
52.872921, 198.081856
52.937131, 198.098849
53.008417, 198.114546
53.086798, 198.129482
53.172271, 198.144189
53.264814, 198.159195
53.364382, 198.175025
53.470910, 198.192194
53.584310, 198.211210
53.704475, 198.232570
53.831279, 198.256763
53.964575, 198.284261
54.104195, 198.315525
54.249955, 198.351002
54.401651, 198.391120
54.559062, 198.436293
54.721951, 198.486916
54.890064, 198.543367
55.063131, 198.606004
55.240869, 198.675168
55.422980, 198.751178
55.609155, 198.834334
55.799070, 198.924917
55.992392, 199.023188
56.188778, 199.129387
56.387874, 199.243736
56.589318, 199.366436
56.792742, 199.497670
56.997769, 199.637602
57.204017, 199.786378
57.411098, 199.944126
57.618622, 200.110956
57.826193, 200.286964
58.033412, 200.472226
58.239881, 200.666805
58.445197, 200.870750
58.648959, 201.084095
58.850765, 201.306861
59.050213, 201.539055
59.246903, 201.780673
59.440438, 202.031702
59.630420, 202.292114
59.816458, 202.561874
59.998161, 202.840938
60.175144, 203.129253
60.347026, 203.426757
60.513429, 203.733381
60.673983, 204.049051
60.828321, 204.373684
60.976083, 204.707194
61.116916, 205.049489
61.250471, 205.400471
61.376408, 205.760040
61.494394, 206.128090
61.604102, 206.504515
61.705213, 206.889203
61.797416, 207.282040
61.880408, 207.682912
61.953893, 208.091700
62.017586, 208.508286
62.071207, 208.932549
62.114488, 209.364369
62.147166, 209.803623
62.168991, 210.250190
62.179718, 210.703945
62.179113, 211.164767
62.166952, 211.632533
62.143018, 212.107119
62.107105, 212.588404
62.059015, 213.076265
61.998562, 213.570581
61.925566, 214.071232
61.839859, 214.578098
61.741281, 215.091059
61.629683, 215.609997
61.504924, 216.134795
61.366873, 216.665336
61.215409, 217.201506
61.050422, 217.743190
60.871808, 218.290274
60.679476, 218.842647
60.473343, 219.400196
60.253335, 219.962812
60.019390, 220.530386
59.771452, 221.102809
59.509477, 221.679974
59.233430, 222.261775
58.943284, 222.848106
58.639024, 223.438861
58.320643, 224.033938
57.988142, 224.633231
57.641532, 225.236640
57.280835, 225.844060
56.906079, 226.455391
56.517304, 227.070529
56.114557, 227.689374
55.697894, 228.311824
55.267381, 228.937776
54.823093, 229.567130
54.365111, 230.199783
53.893528, 230.835631
53.408442, 231.474571
52.909964, 232.116498
52.398209, 232.761306
51.873303, 233.408889
51.335378, 234.059136
50.784576, 234.711937
50.221046, 235.367179
49.644945, 236.024746
49.056438, 236.684519
48.455698, 237.346376
47.842904, 238.010192
47.218244, 238.675835
46.581914, 239.343172
45.934114, 240.012063
45.275054, 240.682360
44.604951, 241.353911
43.924028, 242.026556
43.232513, 242.700125
42.530645, 243.374442
41.818665, 244.049317
41.096824, 244.724550
40.365377, 245.399928
39.624586, 246.075224
38.874719, 246.750193
38.116050, 247.424574
37.348860, 248.098084
36.573434, 248.770416
35.790063, 249.441239
34.999045, 250.110193
34.200682, 250.776883
33.395282, 251.440878
32.583159, 252.101704
31.764632, 252.758837
30.940025, 253.411700
30.109668, 254.059651
29.273896, 254.701975
28.433050, 255.337875
27.587477, 255.966453
26.737528, 256.586701
25.883563, 257.197477
25.025947, 257.797484
24.165051, 258.385243
23.301255, 258.959059
22.434947, 259.516979
21.566524, 260.056743
20.696396, 260.575716
19.824981, 261.070815
18.952716, 261.538402
18.080053, 261.974161
17.207466, 262.372928
16.335455, 262.728477
15.464554, 263.033235
14.595337, 263.277902
13.728436, 263.450938
12.864551, 263.537855
12.004478, 263.520235
11.149147, 263.374339
10.299666, 263.069082
9.457403, 262.563077
8.624100, 261.800163
7.802062, 260.702564
6.994457, 259.160175
6.205821, 257.013590
5.442937, 254.027201
4.716373, 249.848177
4.043203, 243.952684
3.451486, 235.614254
2.985807, 224.049102
2.706902, 209.093959
2.668427, 192.333393
2.874637, 176.771050
3.274668, 164.436064
3.803343, 155.464329
4.410539, 149.125155
5.064335, 144.654740
5.745382, 141.484495
6.441833, 139.228448
7.146191, 137.629069
7.853514, 136.512810
8.560412, 135.760403
9.264467, 135.288038
9.963886, 135.035507
10.657300, 134.958652
11.343625, 135.024468
12.021984, 135.207859
12.691645, 135.489444
13.351987, 135.854047
14.002471, 136.289635
14.642625, 136.786560
15.272025, 137.337010
15.890291, 137.934600
16.497076, 138.574072
17.092061, 139.251064
17.674955, 139.961936
18.245485, 140.703632
18.803401, 141.473576
19.348469, 142.269589
19.880472, 143.089820
20.399208, 143.932695
20.904490, 144.796874
21.396145, 145.681214
21.874014, 146.584743
22.337950, 147.506635
22.787821, 148.446191
23.223507, 149.402822
23.644901, 150.376038
24.051908, 151.365434
24.444448, 152.370681
24.822454, 153.391521
25.185870, 154.427756
25.534656, 155.479245
25.868784, 156.545896
26.188241, 157.627668
26.493029, 158.724562
26.783161, 159.836617
27.058669, 160.963913
27.319597, 162.106566
27.566006, 163.264723
27.797973, 164.438567
28.015589, 165.628308
28.218966, 166.834188
28.408228, 168.056477
28.583521, 169.295473
28.745006, 170.551499
28.892865, 171.824907
29.027296, 173.116070
29.148519, 174.425390
29.256775, 175.753290
29.352322, 177.100216
29.435445, 178.466638
29.506445, 179.853045
29.565650, 181.259947
29.613410, 182.687875
29.650099, 184.137376
29.676115, 185.609014
29.691883, 187.103366
29.697851, 188.621025
29.694498, 190.162592
29.682327, 191.728676
29.661870, 193.319891
29.633688, 194.936852
29.598369, 196.580172
29.556534, 198.250456
29.508830, 199.948298
29.455937, 201.674272
29.398564, 203.428931
29.337450, 205.212796
29.273364, 207.026350
29.207108, 208.870030
29.139507, 210.744218
29.071420, 212.649231
29.003730, 214.585312
28.937347, 216.552621
28.873204, 218.551220
28.812257, 220.581066
28.755479, 222.641999
28.703861, 224.733729
28.658407, 226.855829
28.620128, 229.007721
28.590041, 231.188672
28.569162, 233.397782
28.558501, 235.633981
28.559059, 237.896022
28.571818, 240.182482
28.597737, 242.491764
28.637748, 244.822095
28.692745, 247.171538
##END=
