##TITLE= Parameter file, TopSpin 4.3.0
##JCAMPDX= 5.0
##DATATYPE= Parameter Values
##ORIGIN= Bruker BioSpin GmbH
##OWNER= nmrsu
$$ 2024-02-06 13:45:23.432 +0000  nmrsu@4CE1161FJM
$$ C:/Bruker/TopSpin4.3.0/exp/stan/nmr/lists/wave/user/multisupp_aux_d8
$$ process C:\Bruker\TopSpin4.3.0\prog\mod\xwinshape.exe
##MINX= 0.00192600
##MAXX= 99.99986000
##MINY= 0.29147000
##MAXY= 359.70853000
##$SHAPE_ADDPHASE= 0
##$SHAPE_AMP= 99.99985964
##$SHAPE_BWFAC= 0
##$SHAPE_BWFAC50= 0
##$SHAPE_CALCBW= yes
##$SHAPE_CALCINTEG= yes
##$SHAPE_EXMODE= <Excitation>
##$SHAPE_EXPAND= <>
##$SHAPE_EXPANDCF= (0..143)
0 0 0 0 0 0 0 0 0 0 0 0 0 0 0 0 0 0 0 0 0 0 0 0 0 0 0 0 0 0 0 0 0 0 0 0
0 0 0 0 0 0 0 0 0 0 0 0 0 0 0 0 0 0 0 0 0 0 0 0 0 0 0 0 0 0 0 0 0 0 0 0
0 0 0 0 0 0 0 0 0 0 0 0 0 0 0 0 0 0 0 0 0 0 0 0 0 0 0 0 0 0 0 0 0 0 0 0
0 0 0 0 0 0 0 0 0 0 0 0 0 0 0 0 0 0 0 0 0 0 0 0 0 0 0 0 0 0 0 0 0 0 0 0
##$SHAPE_EXPFAC= 0
##$SHAPE_FRACEND= 0
##$SHAPE_FRACORG= 0
##$SHAPE_FRACSTART= 0
##$SHAPE_INTEGFAC= 0
##$SHAPE_KEEPRES= yes
##$SHAPE_LENGTH= 25000.000373
##$SHAPE_MAN= <M>
##$SHAPE_MODE= 2
##$SHAPE_MODFREQ= 0
##$SHAPE_MODPHASE= 0
##$SHAPE_MODSCALE= 0
##$SHAPE_MODSW= 0
##$SHAPE_MODSWDIR= -1
##$SHAPE_NPOINTS= 1250
##$SHAPE_OFFS= <1 2>
##$SHAPE_OFFSCOEFF= (0..95)
53.589752 0 100 -215.51747 0 100 0 0 0 0 0 0 0 0 0 0 0 0 0 0 0 0 0 0 0
0 0 0 0 0 0 0 0 0 0 0 0 0 0 0 0 0 0 0 0 0 0 0 0 0 0 0 0 0 0 0 0 0 0 0 0
0 0 0 0 0 0 0 0 0 0 0 0 0 0 0 0 0 0 0 0 0 0 0 0 0 0 0 0 0 0 0 0 0 0 0
##$SHAPE_PARAMETER= <>
##$SHAPE_REPHFAC= 0
##$SHAPE_RES= 0
##$SHAPE_SCALEFAC= 1.0000014
##$SHAPE_SCALETYPE= 0
##$SHAPE_SPOAL= 0
##$SHAPE_SPOFFS= 0
##$SHAPE_SPOPH= 0
##$SHAPE_TOTROT= 90
##$SHAPE_TYPE= <Excitation>
##$SHAPE_USER_DEF= <>
##$SHAPE_VERSION= 2.1
##$SHL_ADDPHASE= (0..15)
0 0 0 0 0 0 0 0 0 0 0 0 0 0 0 0
##$SHL_ALIGNOFFSET= (0..15)
0 0 0 0 0 0 0 0 0 0 0 0 0 0 0 0
##$SHL_AMP= (0..15)
100 0 0 0 0 0 0 0 0 0 0 0 0 0 0 0
##$SHL_AMPFAC= (0..15)
0 0 0 0 0 0 0 0 0 0 0 0 0 0 0 0
##$SHL_BETA= (0..15)
0 0 0 0 0 0 0 0 0 0 0 0 0 0 0 0
##$SHL_BWFAC= (0..15)
1.116 0 0 0 0 0 0 0 0 0 0 0 0 0 0 0
##$SHL_CALCBW= (0..15)
yes yes yes yes yes yes yes yes yes yes yes yes yes yes yes yes
##$SHL_CALCINTEG= (0..15)
yes yes yes yes yes yes yes yes yes yes yes yes yes yes yes yes
##$SHL_CENTERAMP= (0..15)
0 0 0 0 0 0 0 0 0 0 0 0 0 0 0 0
##$SHL_CYCNUM= (0..15)
0 0 0 0 0 0 0 0 0 0 0 0 0 0 0 0
##$SHL_DIPOLCPL= (0..15)
0 0 0 0 0 0 0 0 0 0 0 0 0 0 0 0
##$SHL_ENDAMP= (0..15)
0 0 0 0 0 0 0 0 0 0 0 0 0 0 0 0
##$SHL_EXMODE= (0..15)
<Excitation> <> <> <> <> <> <> <> <> <> <> <> <> <> <> <>
##$SHL_EXPAND= (0..15)
<> <> <> <> <> <> <> <> <> <> <> <> <> <> <> <>
##$SHL_EXPANDCF0= (0..143)
0 0 0 0 0 0 0 0 0 0 0 0 0 0 0 0 0 0 0 0 0 0 0 0 0 0 0 0 0 0 0 0 0 0 0 0
0 0 0 0 0 0 0 0 0 0 0 0 0 0 0 0 0 0 0 0 0 0 0 0 0 0 0 0 0 0 0 0 0 0 0 0
0 0 0 0 0 0 0 0 0 0 0 0 0 0 0 0 0 0 0 0 0 0 0 0 0 0 0 0 0 0 0 0 0 0 0 0
0 0 0 0 0 0 0 0 0 0 0 0 0 0 0 0 0 0 0 0 0 0 0 0 0 0 0 0 0 0 0 0 0 0 0 0
##$SHL_EXPANDCF1= (0..143)
0 0 0 0 0 0 0 0 0 0 0 0 0 0 0 0 0 0 0 0 0 0 0 0 0 0 0 0 0 0 0 0 0 0 0 0
0 0 0 0 0 0 0 0 0 0 0 0 0 0 0 0 0 0 0 0 0 0 0 0 0 0 0 0 0 0 0 0 0 0 0 0
0 0 0 0 0 0 0 0 0 0 0 0 0 0 0 0 0 0 0 0 0 0 0 0 0 0 0 0 0 0 0 0 0 0 0 0
0 0 0 0 0 0 0 0 0 0 0 0 0 0 0 0 0 0 0 0 0 0 0 0 0 0 0 0 0 0 0 0 0 0 0 0
##$SHL_EXPANDCF10= (0..143)
0 0 0 0 0 0 0 0 0 0 0 0 0 0 0 0 0 0 0 0 0 0 0 0 0 0 0 0 0 0 0 0 0 0 0 0
0 0 0 0 0 0 0 0 0 0 0 0 0 0 0 0 0 0 0 0 0 0 0 0 0 0 0 0 0 0 0 0 0 0 0 0
0 0 0 0 0 0 0 0 0 0 0 0 0 0 0 0 0 0 0 0 0 0 0 0 0 0 0 0 0 0 0 0 0 0 0 0
0 0 0 0 0 0 0 0 0 0 0 0 0 0 0 0 0 0 0 0 0 0 0 0 0 0 0 0 0 0 0 0 0 0 0 0
##$SHL_EXPANDCF11= (0..143)
0 0 0 0 0 0 0 0 0 0 0 0 0 0 0 0 0 0 0 0 0 0 0 0 0 0 0 0 0 0 0 0 0 0 0 0
0 0 0 0 0 0 0 0 0 0 0 0 0 0 0 0 0 0 0 0 0 0 0 0 0 0 0 0 0 0 0 0 0 0 0 0
0 0 0 0 0 0 0 0 0 0 0 0 0 0 0 0 0 0 0 0 0 0 0 0 0 0 0 0 0 0 0 0 0 0 0 0
0 0 0 0 0 0 0 0 0 0 0 0 0 0 0 0 0 0 0 0 0 0 0 0 0 0 0 0 0 0 0 0 0 0 0 0
##$SHL_EXPANDCF12= (0..143)
0 0 0 0 0 0 0 0 0 0 0 0 0 0 0 0 0 0 0 0 0 0 0 0 0 0 0 0 0 0 0 0 0 0 0 0
0 0 0 0 0 0 0 0 0 0 0 0 0 0 0 0 0 0 0 0 0 0 0 0 0 0 0 0 0 0 0 0 0 0 0 0
0 0 0 0 0 0 0 0 0 0 0 0 0 0 0 0 0 0 0 0 0 0 0 0 0 0 0 0 0 0 0 0 0 0 0 0
0 0 0 0 0 0 0 0 0 0 0 0 0 0 0 0 0 0 0 0 0 0 0 0 0 0 0 0 0 0 0 0 0 0 0 0
##$SHL_EXPANDCF13= (0..143)
0 0 0 0 0 0 0 0 0 0 0 0 0 0 0 0 0 0 0 0 0 0 0 0 0 0 0 0 0 0 0 0 0 0 0 0
0 0 0 0 0 0 0 0 0 0 0 0 0 0 0 0 0 0 0 0 0 0 0 0 0 0 0 0 0 0 0 0 0 0 0 0
0 0 0 0 0 0 0 0 0 0 0 0 0 0 0 0 0 0 0 0 0 0 0 0 0 0 0 0 0 0 0 0 0 0 0 0
0 0 0 0 0 0 0 0 0 0 0 0 0 0 0 0 0 0 0 0 0 0 0 0 0 0 0 0 0 0 0 0 0 0 0 0
##$SHL_EXPANDCF14= (0..143)
0 0 0 0 0 0 0 0 0 0 0 0 0 0 0 0 0 0 0 0 0 0 0 0 0 0 0 0 0 0 0 0 0 0 0 0
0 0 0 0 0 0 0 0 0 0 0 0 0 0 0 0 0 0 0 0 0 0 0 0 0 0 0 0 0 0 0 0 0 0 0 0
0 0 0 0 0 0 0 0 0 0 0 0 0 0 0 0 0 0 0 0 0 0 0 0 0 0 0 0 0 0 0 0 0 0 0 0
0 0 0 0 0 0 0 0 0 0 0 0 0 0 0 0 0 0 0 0 0 0 0 0 0 0 0 0 0 0 0 0 0 0 0 0
##$SHL_EXPANDCF15= (0..143)
0 0 0 0 0 0 0 0 0 0 0 0 0 0 0 0 0 0 0 0 0 0 0 0 0 0 0 0 0 0 0 0 0 0 0 0
0 0 0 0 0 0 0 0 0 0 0 0 0 0 0 0 0 0 0 0 0 0 0 0 0 0 0 0 0 0 0 0 0 0 0 0
0 0 0 0 0 0 0 0 0 0 0 0 0 0 0 0 0 0 0 0 0 0 0 0 0 0 0 0 0 0 0 0 0 0 0 0
0 0 0 0 0 0 0 0 0 0 0 0 0 0 0 0 0 0 0 0 0 0 0 0 0 0 0 0 0 0 0 0 0 0 0 0
##$SHL_EXPANDCF2= (0..143)
0 0 0 0 0 0 0 0 0 0 0 0 0 0 0 0 0 0 0 0 0 0 0 0 0 0 0 0 0 0 0 0 0 0 0 0
0 0 0 0 0 0 0 0 0 0 0 0 0 0 0 0 0 0 0 0 0 0 0 0 0 0 0 0 0 0 0 0 0 0 0 0
0 0 0 0 0 0 0 0 0 0 0 0 0 0 0 0 0 0 0 0 0 0 0 0 0 0 0 0 0 0 0 0 0 0 0 0
0 0 0 0 0 0 0 0 0 0 0 0 0 0 0 0 0 0 0 0 0 0 0 0 0 0 0 0 0 0 0 0 0 0 0 0
##$SHL_EXPANDCF3= (0..143)
0 0 0 0 0 0 0 0 0 0 0 0 0 0 0 0 0 0 0 0 0 0 0 0 0 0 0 0 0 0 0 0 0 0 0 0
0 0 0 0 0 0 0 0 0 0 0 0 0 0 0 0 0 0 0 0 0 0 0 0 0 0 0 0 0 0 0 0 0 0 0 0
0 0 0 0 0 0 0 0 0 0 0 0 0 0 0 0 0 0 0 0 0 0 0 0 0 0 0 0 0 0 0 0 0 0 0 0
0 0 0 0 0 0 0 0 0 0 0 0 0 0 0 0 0 0 0 0 0 0 0 0 0 0 0 0 0 0 0 0 0 0 0 0
##$SHL_EXPANDCF4= (0..143)
0 0 0 0 0 0 0 0 0 0 0 0 0 0 0 0 0 0 0 0 0 0 0 0 0 0 0 0 0 0 0 0 0 0 0 0
0 0 0 0 0 0 0 0 0 0 0 0 0 0 0 0 0 0 0 0 0 0 0 0 0 0 0 0 0 0 0 0 0 0 0 0
0 0 0 0 0 0 0 0 0 0 0 0 0 0 0 0 0 0 0 0 0 0 0 0 0 0 0 0 0 0 0 0 0 0 0 0
0 0 0 0 0 0 0 0 0 0 0 0 0 0 0 0 0 0 0 0 0 0 0 0 0 0 0 0 0 0 0 0 0 0 0 0
##$SHL_EXPANDCF5= (0..143)
0 0 0 0 0 0 0 0 0 0 0 0 0 0 0 0 0 0 0 0 0 0 0 0 0 0 0 0 0 0 0 0 0 0 0 0
0 0 0 0 0 0 0 0 0 0 0 0 0 0 0 0 0 0 0 0 0 0 0 0 0 0 0 0 0 0 0 0 0 0 0 0
0 0 0 0 0 0 0 0 0 0 0 0 0 0 0 0 0 0 0 0 0 0 0 0 0 0 0 0 0 0 0 0 0 0 0 0
0 0 0 0 0 0 0 0 0 0 0 0 0 0 0 0 0 0 0 0 0 0 0 0 0 0 0 0 0 0 0 0 0 0 0 0
##$SHL_EXPANDCF6= (0..143)
0 0 0 0 0 0 0 0 0 0 0 0 0 0 0 0 0 0 0 0 0 0 0 0 0 0 0 0 0 0 0 0 0 0 0 0
0 0 0 0 0 0 0 0 0 0 0 0 0 0 0 0 0 0 0 0 0 0 0 0 0 0 0 0 0 0 0 0 0 0 0 0
0 0 0 0 0 0 0 0 0 0 0 0 0 0 0 0 0 0 0 0 0 0 0 0 0 0 0 0 0 0 0 0 0 0 0 0
0 0 0 0 0 0 0 0 0 0 0 0 0 0 0 0 0 0 0 0 0 0 0 0 0 0 0 0 0 0 0 0 0 0 0 0
##$SHL_EXPANDCF7= (0..143)
0 0 0 0 0 0 0 0 0 0 0 0 0 0 0 0 0 0 0 0 0 0 0 0 0 0 0 0 0 0 0 0 0 0 0 0
0 0 0 0 0 0 0 0 0 0 0 0 0 0 0 0 0 0 0 0 0 0 0 0 0 0 0 0 0 0 0 0 0 0 0 0
0 0 0 0 0 0 0 0 0 0 0 0 0 0 0 0 0 0 0 0 0 0 0 0 0 0 0 0 0 0 0 0 0 0 0 0
0 0 0 0 0 0 0 0 0 0 0 0 0 0 0 0 0 0 0 0 0 0 0 0 0 0 0 0 0 0 0 0 0 0 0 0
##$SHL_EXPANDCF8= (0..143)
0 0 0 0 0 0 0 0 0 0 0 0 0 0 0 0 0 0 0 0 0 0 0 0 0 0 0 0 0 0 0 0 0 0 0 0
0 0 0 0 0 0 0 0 0 0 0 0 0 0 0 0 0 0 0 0 0 0 0 0 0 0 0 0 0 0 0 0 0 0 0 0
0 0 0 0 0 0 0 0 0 0 0 0 0 0 0 0 0 0 0 0 0 0 0 0 0 0 0 0 0 0 0 0 0 0 0 0
0 0 0 0 0 0 0 0 0 0 0 0 0 0 0 0 0 0 0 0 0 0 0 0 0 0 0 0 0 0 0 0 0 0 0 0
##$SHL_EXPANDCF9= (0..143)
0 0 0 0 0 0 0 0 0 0 0 0 0 0 0 0 0 0 0 0 0 0 0 0 0 0 0 0 0 0 0 0 0 0 0 0
0 0 0 0 0 0 0 0 0 0 0 0 0 0 0 0 0 0 0 0 0 0 0 0 0 0 0 0 0 0 0 0 0 0 0 0
0 0 0 0 0 0 0 0 0 0 0 0 0 0 0 0 0 0 0 0 0 0 0 0 0 0 0 0 0 0 0 0 0 0 0 0
0 0 0 0 0 0 0 0 0 0 0 0 0 0 0 0 0 0 0 0 0 0 0 0 0 0 0 0 0 0 0 0 0 0 0 0
##$SHL_EXPFAC= (0..15)
0 0 0 0 0 0 0 0 0 0 0 0 0 0 0 0
##$SHL_FRACEND= (0..15)
0 0 0 0 0 0 0 0 0 0 0 0 0 0 0 0
##$SHL_FRACORG= (0..15)
0 0 0 0 0 0 0 0 0 0 0 0 0 0 0 0
##$SHL_FRACSTART= (0..15)
0 0 0 0 0 0 0 0 0 0 0 0 0 0 0 0
##$SHL_FULLHALF= (0..15)
0 0 0 0 0 0 0 0 0 0 0 0 0 0 0 0
##$SHL_FUNCAMP= (0..15)
100 0 0 0 0 0 0 0 0 0 0 0 0 0 0 0
##$SHL_FUNCTION= (0..15)
<Rectangle> <> <> <> <> <> <> <> <> <> <> <> <> <> <> <>
##$SHL_GCO= (0..15)
<> <> <> <> <> <> <> <> <> <> <> <> <> <> <> <>
##$SHL_GCOCOEFFS0= (0..59)
0 0 0 0 0 0 0 0 0 0 0 0 0 0 0 0 0 0 0 0 0 0 0 0 0 0 0 0 0 0 0 0 0 0 0 0
0 0 0 0 0 0 0 0 0 0 0 0 0 0 0 0 0 0 0 0 0 0 0 0
##$SHL_GCOCOEFFS1= (0..59)
0 0 0 0 0 0 0 0 0 0 0 0 0 0 0 0 0 0 0 0 0 0 0 0 0 0 0 0 0 0 0 0 0 0 0 0
0 0 0 0 0 0 0 0 0 0 0 0 0 0 0 0 0 0 0 0 0 0 0 0
##$SHL_GCOCOEFFS10= (0..59)
0 0 0 0 0 0 0 0 0 0 0 0 0 0 0 0 0 0 0 0 0 0 0 0 0 0 0 0 0 0 0 0 0 0 0 0
0 0 0 0 0 0 0 0 0 0 0 0 0 0 0 0 0 0 0 0 0 0 0 0
##$SHL_GCOCOEFFS11= (0..59)
0 0 0 0 0 0 0 0 0 0 0 0 0 0 0 0 0 0 0 0 0 0 0 0 0 0 0 0 0 0 0 0 0 0 0 0
0 0 0 0 0 0 0 0 0 0 0 0 0 0 0 0 0 0 0 0 0 0 0 0
##$SHL_GCOCOEFFS12= (0..59)
0 0 0 0 0 0 0 0 0 0 0 0 0 0 0 0 0 0 0 0 0 0 0 0 0 0 0 0 0 0 0 0 0 0 0 0
0 0 0 0 0 0 0 0 0 0 0 0 0 0 0 0 0 0 0 0 0 0 0 0
##$SHL_GCOCOEFFS13= (0..59)
0 0 0 0 0 0 0 0 0 0 0 0 0 0 0 0 0 0 0 0 0 0 0 0 0 0 0 0 0 0 0 0 0 0 0 0
0 0 0 0 0 0 0 0 0 0 0 0 0 0 0 0 0 0 0 0 0 0 0 0
##$SHL_GCOCOEFFS14= (0..59)
0 0 0 0 0 0 0 0 0 0 0 0 0 0 0 0 0 0 0 0 0 0 0 0 0 0 0 0 0 0 0 0 0 0 0 0
0 0 0 0 0 0 0 0 0 0 0 0 0 0 0 0 0 0 0 0 0 0 0 0
##$SHL_GCOCOEFFS15= (0..59)
0 0 0 0 0 0 0 0 0 0 0 0 0 0 0 0 0 0 0 0 0 0 0 0 0 0 0 0 0 0 0 0 0 0 0 0
0 0 0 0 0 0 0 0 0 0 0 0 0 0 0 0 0 0 0 0 0 0 0 0
##$SHL_GCOCOEFFS2= (0..59)
0 0 0 0 0 0 0 0 0 0 0 0 0 0 0 0 0 0 0 0 0 0 0 0 0 0 0 0 0 0 0 0 0 0 0 0
0 0 0 0 0 0 0 0 0 0 0 0 0 0 0 0 0 0 0 0 0 0 0 0
##$SHL_GCOCOEFFS3= (0..59)
0 0 0 0 0 0 0 0 0 0 0 0 0 0 0 0 0 0 0 0 0 0 0 0 0 0 0 0 0 0 0 0 0 0 0 0
0 0 0 0 0 0 0 0 0 0 0 0 0 0 0 0 0 0 0 0 0 0 0 0
##$SHL_GCOCOEFFS4= (0..59)
0 0 0 0 0 0 0 0 0 0 0 0 0 0 0 0 0 0 0 0 0 0 0 0 0 0 0 0 0 0 0 0 0 0 0 0
0 0 0 0 0 0 0 0 0 0 0 0 0 0 0 0 0 0 0 0 0 0 0 0
##$SHL_GCOCOEFFS5= (0..59)
0 0 0 0 0 0 0 0 0 0 0 0 0 0 0 0 0 0 0 0 0 0 0 0 0 0 0 0 0 0 0 0 0 0 0 0
0 0 0 0 0 0 0 0 0 0 0 0 0 0 0 0 0 0 0 0 0 0 0 0
##$SHL_GCOCOEFFS6= (0..59)
0 0 0 0 0 0 0 0 0 0 0 0 0 0 0 0 0 0 0 0 0 0 0 0 0 0 0 0 0 0 0 0 0 0 0 0
0 0 0 0 0 0 0 0 0 0 0 0 0 0 0 0 0 0 0 0 0 0 0 0
##$SHL_GCOCOEFFS7= (0..59)
0 0 0 0 0 0 0 0 0 0 0 0 0 0 0 0 0 0 0 0 0 0 0 0 0 0 0 0 0 0 0 0 0 0 0 0
0 0 0 0 0 0 0 0 0 0 0 0 0 0 0 0 0 0 0 0 0 0 0 0
##$SHL_GCOCOEFFS8= (0..59)
0 0 0 0 0 0 0 0 0 0 0 0 0 0 0 0 0 0 0 0 0 0 0 0 0 0 0 0 0 0 0 0 0 0 0 0
0 0 0 0 0 0 0 0 0 0 0 0 0 0 0 0 0 0 0 0 0 0 0 0
##$SHL_GCOCOEFFS9= (0..59)
0 0 0 0 0 0 0 0 0 0 0 0 0 0 0 0 0 0 0 0 0 0 0 0 0 0 0 0 0 0 0 0 0 0 0 0
0 0 0 0 0 0 0 0 0 0 0 0 0 0 0 0 0 0 0 0 0 0 0 0
##$SHL_INTEGFAC= (0..15)
1 0 0 0 0 0 0 0 0 0 0 0 0 0 0 0
##$SHL_LB= (0..15)
0 0 0 0 0 0 0 0 0 0 0 0 0 0 0 0
##$SHL_LEFTLIMIT= (0..15)
0 0 0 0 0 0 0 0 0 0 0 0 0 0 0 0
##$SHL_LENGTH= (0..15)
25000.000373 0 0 0 0 0 0 0 0 0 0 0 0 0 0 0
##$SHL_MAN= (0..15)
<> <> <> <> <> <> <> <> <> <> <> <> <> <> <> <>
##$SHL_MEANAMP= (0..15)
0 0 0 0 0 0 0 0 0 0 0 0 0 0 0 0
##$SHL_MODAMP= (0..15)
0 0 0 0 0 0 0 0 0 0 0 0 0 0 0 0
##$SHL_MODE= (0..15)
0 0 0 0 0 0 0 0 0 0 0 0 0 0 0 0
##$SHL_MODFREQ= (0..15)
0 0 0 0 0 0 0 0 0 0 0 0 0 0 0 0
##$SHL_MODPHASE= (0..15)
0 0 0 0 0 0 0 0 0 0 0 0 0 0 0 0
##$SHL_MODSCALE= (0..15)
0 0 0 0 0 0 0 0 0 0 0 0 0 0 0 0
##$SHL_MODSW= (0..15)
0 0 0 0 0 0 0 0 0 0 0 0 0 0 0 0
##$SHL_MODSWDIR= (0..15)
-1 -1 -1 -1 -1 -1 -1 -1 -1 -1 -1 -1 -1 -1 -1 -1
##$SHL_MU= (0..15)
0 0 0 0 0 0 0 0 0 0 0 0 0 0 0 0
##$SHL_NPOINTS= (0..15)
1250 0 0 0 0 0 0 0 0 0 0 0 0 0 0 0
##$SHL_OFFS= (0..15)
<> <> <> <> <> <> <> <> <> <> <> <> <> <> <> <>
##$SHL_OFFSCOEFF0= (0..95)
0 0 0 0 0 0 0 0 0 0 0 0 0 0 0 0 0 0 0 0 0 0 0 0 0 0 0 0 0 0 0 0 0 0 0 0
0 0 0 0 0 0 0 0 0 0 0 0 0 0 0 0 0 0 0 0 0 0 0 0 0 0 0 0 0 0 0 0 0 0 0 0
0 0 0 0 0 0 0 0 0 0 0 0 0 0 0 0 0 0 0 0 0 0 0 0
##$SHL_OFFSCOEFF1= (0..95)
0 0 0 0 0 0 0 0 0 0 0 0 0 0 0 0 0 0 0 0 0 0 0 0 0 0 0 0 0 0 0 0 0 0 0 0
0 0 0 0 0 0 0 0 0 0 0 0 0 0 0 0 0 0 0 0 0 0 0 0 0 0 0 0 0 0 0 0 0 0 0 0
0 0 0 0 0 0 0 0 0 0 0 0 0 0 0 0 0 0 0 0 0 0 0 0
##$SHL_OFFSCOEFF10= (0..95)
0 0 0 0 0 0 0 0 0 0 0 0 0 0 0 0 0 0 0 0 0 0 0 0 0 0 0 0 0 0 0 0 0 0 0 0
0 0 0 0 0 0 0 0 0 0 0 0 0 0 0 0 0 0 0 0 0 0 0 0 0 0 0 0 0 0 0 0 0 0 0 0
0 0 0 0 0 0 0 0 0 0 0 0 0 0 0 0 0 0 0 0 0 0 0 0
##$SHL_OFFSCOEFF11= (0..95)
0 0 0 0 0 0 0 0 0 0 0 0 0 0 0 0 0 0 0 0 0 0 0 0 0 0 0 0 0 0 0 0 0 0 0 0
0 0 0 0 0 0 0 0 0 0 0 0 0 0 0 0 0 0 0 0 0 0 0 0 0 0 0 0 0 0 0 0 0 0 0 0
0 0 0 0 0 0 0 0 0 0 0 0 0 0 0 0 0 0 0 0 0 0 0 0
##$SHL_OFFSCOEFF12= (0..95)
0 0 0 0 0 0 0 0 0 0 0 0 0 0 0 0 0 0 0 0 0 0 0 0 0 0 0 0 0 0 0 0 0 0 0 0
0 0 0 0 0 0 0 0 0 0 0 0 0 0 0 0 0 0 0 0 0 0 0 0 0 0 0 0 0 0 0 0 0 0 0 0
0 0 0 0 0 0 0 0 0 0 0 0 0 0 0 0 0 0 0 0 0 0 0 0
##$SHL_OFFSCOEFF13= (0..95)
0 0 0 0 0 0 0 0 0 0 0 0 0 0 0 0 0 0 0 0 0 0 0 0 0 0 0 0 0 0 0 0 0 0 0 0
0 0 0 0 0 0 0 0 0 0 0 0 0 0 0 0 0 0 0 0 0 0 0 0 0 0 0 0 0 0 0 0 0 0 0 0
0 0 0 0 0 0 0 0 0 0 0 0 0 0 0 0 0 0 0 0 0 0 0 0
##$SHL_OFFSCOEFF14= (0..95)
0 0 0 0 0 0 0 0 0 0 0 0 0 0 0 0 0 0 0 0 0 0 0 0 0 0 0 0 0 0 0 0 0 0 0 0
0 0 0 0 0 0 0 0 0 0 0 0 0 0 0 0 0 0 0 0 0 0 0 0 0 0 0 0 0 0 0 0 0 0 0 0
0 0 0 0 0 0 0 0 0 0 0 0 0 0 0 0 0 0 0 0 0 0 0 0
##$SHL_OFFSCOEFF15= (0..95)
0 0 0 0 0 0 0 0 0 0 0 0 0 0 0 0 0 0 0 0 0 0 0 0 0 0 0 0 0 0 0 0 0 0 0 0
0 0 0 0 0 0 0 0 0 0 0 0 0 0 0 0 0 0 0 0 0 0 0 0 0 0 0 0 0 0 0 0 0 0 0 0
0 0 0 0 0 0 0 0 0 0 0 0 0 0 0 0 0 0 0 0 0 0 0 0
##$SHL_OFFSCOEFF2= (0..95)
0 0 0 0 0 0 0 0 0 0 0 0 0 0 0 0 0 0 0 0 0 0 0 0 0 0 0 0 0 0 0 0 0 0 0 0
0 0 0 0 0 0 0 0 0 0 0 0 0 0 0 0 0 0 0 0 0 0 0 0 0 0 0 0 0 0 0 0 0 0 0 0
0 0 0 0 0 0 0 0 0 0 0 0 0 0 0 0 0 0 0 0 0 0 0 0
##$SHL_OFFSCOEFF3= (0..95)
0 0 0 0 0 0 0 0 0 0 0 0 0 0 0 0 0 0 0 0 0 0 0 0 0 0 0 0 0 0 0 0 0 0 0 0
0 0 0 0 0 0 0 0 0 0 0 0 0 0 0 0 0 0 0 0 0 0 0 0 0 0 0 0 0 0 0 0 0 0 0 0
0 0 0 0 0 0 0 0 0 0 0 0 0 0 0 0 0 0 0 0 0 0 0 0
##$SHL_OFFSCOEFF4= (0..95)
0 0 0 0 0 0 0 0 0 0 0 0 0 0 0 0 0 0 0 0 0 0 0 0 0 0 0 0 0 0 0 0 0 0 0 0
0 0 0 0 0 0 0 0 0 0 0 0 0 0 0 0 0 0 0 0 0 0 0 0 0 0 0 0 0 0 0 0 0 0 0 0
0 0 0 0 0 0 0 0 0 0 0 0 0 0 0 0 0 0 0 0 0 0 0 0
##$SHL_OFFSCOEFF5= (0..95)
0 0 0 0 0 0 0 0 0 0 0 0 0 0 0 0 0 0 0 0 0 0 0 0 0 0 0 0 0 0 0 0 0 0 0 0
0 0 0 0 0 0 0 0 0 0 0 0 0 0 0 0 0 0 0 0 0 0 0 0 0 0 0 0 0 0 0 0 0 0 0 0
0 0 0 0 0 0 0 0 0 0 0 0 0 0 0 0 0 0 0 0 0 0 0 0
##$SHL_OFFSCOEFF6= (0..95)
0 0 0 0 0 0 0 0 0 0 0 0 0 0 0 0 0 0 0 0 0 0 0 0 0 0 0 0 0 0 0 0 0 0 0 0
0 0 0 0 0 0 0 0 0 0 0 0 0 0 0 0 0 0 0 0 0 0 0 0 0 0 0 0 0 0 0 0 0 0 0 0
0 0 0 0 0 0 0 0 0 0 0 0 0 0 0 0 0 0 0 0 0 0 0 0
##$SHL_OFFSCOEFF7= (0..95)
0 0 0 0 0 0 0 0 0 0 0 0 0 0 0 0 0 0 0 0 0 0 0 0 0 0 0 0 0 0 0 0 0 0 0 0
0 0 0 0 0 0 0 0 0 0 0 0 0 0 0 0 0 0 0 0 0 0 0 0 0 0 0 0 0 0 0 0 0 0 0 0
0 0 0 0 0 0 0 0 0 0 0 0 0 0 0 0 0 0 0 0 0 0 0 0
##$SHL_OFFSCOEFF8= (0..95)
0 0 0 0 0 0 0 0 0 0 0 0 0 0 0 0 0 0 0 0 0 0 0 0 0 0 0 0 0 0 0 0 0 0 0 0
0 0 0 0 0 0 0 0 0 0 0 0 0 0 0 0 0 0 0 0 0 0 0 0 0 0 0 0 0 0 0 0 0 0 0 0
0 0 0 0 0 0 0 0 0 0 0 0 0 0 0 0 0 0 0 0 0 0 0 0
##$SHL_OFFSCOEFF9= (0..95)
0 0 0 0 0 0 0 0 0 0 0 0 0 0 0 0 0 0 0 0 0 0 0 0 0 0 0 0 0 0 0 0 0 0 0 0
0 0 0 0 0 0 0 0 0 0 0 0 0 0 0 0 0 0 0 0 0 0 0 0 0 0 0 0 0 0 0 0 0 0 0 0
0 0 0 0 0 0 0 0 0 0 0 0 0 0 0 0 0 0 0 0 0 0 0 0
##$SHL_PHASE= (0..15)
0 0 0 0 0 0 0 0 0 0 0 0 0 0 0 0
##$SHL_PHASEFAC= (0..15)
0 0 0 0 0 0 0 0 0 0 0 0 0 0 0 0
##$SHL_POWERINDEX= (0..15)
0 0 0 0 0 0 0 0 0 0 0 0 0 0 0 0
##$SHL_QUADCOEFF= (0..15)
0 0 0 0 0 0 0 0 0 0 0 0 0 0 0 0
##$SHL_RIGHTLIMIT= (0..15)
0 0 0 0 0 0 0 0 0 0 0 0 0 0 0 0
##$SHL_SCALEFACTOR= (0..15)
1 1 1 1 1 1 1 1 1 1 1 1 1 1 1 1
##$SHL_SF= (0..15)
<> <> <> <> <> <> <> <> <> <> <> <> <> <> <> <>
##$SHL_SFCOEFFS0= (0..200)
0 0 0 0 0 0 0 0 0 0 0 0 0 0 0 0 0 0 0 0 0 0 0 0 0 0 0 0 0 0 0 0 0 0 0 0
0 0 0 0 0 0 0 0 0 0 0 0 0 0 0 0 0 0 0 0 0 0 0 0 0 0 0 0 0 0 0 0 0 0 0 0
0 0 0 0 0 0 0 0 0 0 0 0 0 0 0 0 0 0 0 0 0 0 0 0 0 0 0 0 0 0 0 0 0 0 0 0
0 0 0 0 0 0 0 0 0 0 0 0 0 0 0 0 0 0 0 0 0 0 0 0 0 0 0 0 0 0 0 0 0 0 0 0
0 0 0 0 0 0 0 0 0 0 0 0 0 0 0 0 0 0 0 0 0 0 0 0 0 0 0 0 0 0 0 0 0 0 0 0
0 0 0 0 0 0 0 0 0 0 0 0 0 0 0 0 0 0 0 0 0
##$SHL_SFCOEFFS1= (0..200)
0 0 0 0 0 0 0 0 0 0 0 0 0 0 0 0 0 0 0 0 0 0 0 0 0 0 0 0 0 0 0 0 0 0 0 0
0 0 0 0 0 0 0 0 0 0 0 0 0 0 0 0 0 0 0 0 0 0 0 0 0 0 0 0 0 0 0 0 0 0 0 0
0 0 0 0 0 0 0 0 0 0 0 0 0 0 0 0 0 0 0 0 0 0 0 0 0 0 0 0 0 0 0 0 0 0 0 0
0 0 0 0 0 0 0 0 0 0 0 0 0 0 0 0 0 0 0 0 0 0 0 0 0 0 0 0 0 0 0 0 0 0 0 0
0 0 0 0 0 0 0 0 0 0 0 0 0 0 0 0 0 0 0 0 0 0 0 0 0 0 0 0 0 0 0 0 0 0 0 0
0 0 0 0 0 0 0 0 0 0 0 0 0 0 0 0 0 0 0 0 0
##$SHL_SFCOEFFS10= (0..200)
0 0 0 0 0 0 0 0 0 0 0 0 0 0 0 0 0 0 0 0 0 0 0 0 0 0 0 0 0 0 0 0 0 0 0 0
0 0 0 0 0 0 0 0 0 0 0 0 0 0 0 0 0 0 0 0 0 0 0 0 0 0 0 0 0 0 0 0 0 0 0 0
0 0 0 0 0 0 0 0 0 0 0 0 0 0 0 0 0 0 0 0 0 0 0 0 0 0 0 0 0 0 0 0 0 0 0 0
0 0 0 0 0 0 0 0 0 0 0 0 0 0 0 0 0 0 0 0 0 0 0 0 0 0 0 0 0 0 0 0 0 0 0 0
0 0 0 0 0 0 0 0 0 0 0 0 0 0 0 0 0 0 0 0 0 0 0 0 0 0 0 0 0 0 0 0 0 0 0 0
0 0 0 0 0 0 0 0 0 0 0 0 0 0 0 0 0 0 0 0 0
##$SHL_SFCOEFFS11= (0..200)
0 0 0 0 0 0 0 0 0 0 0 0 0 0 0 0 0 0 0 0 0 0 0 0 0 0 0 0 0 0 0 0 0 0 0 0
0 0 0 0 0 0 0 0 0 0 0 0 0 0 0 0 0 0 0 0 0 0 0 0 0 0 0 0 0 0 0 0 0 0 0 0
0 0 0 0 0 0 0 0 0 0 0 0 0 0 0 0 0 0 0 0 0 0 0 0 0 0 0 0 0 0 0 0 0 0 0 0
0 0 0 0 0 0 0 0 0 0 0 0 0 0 0 0 0 0 0 0 0 0 0 0 0 0 0 0 0 0 0 0 0 0 0 0
0 0 0 0 0 0 0 0 0 0 0 0 0 0 0 0 0 0 0 0 0 0 0 0 0 0 0 0 0 0 0 0 0 0 0 0
0 0 0 0 0 0 0 0 0 0 0 0 0 0 0 0 0 0 0 0 0
##$SHL_SFCOEFFS12= (0..200)
0 0 0 0 0 0 0 0 0 0 0 0 0 0 0 0 0 0 0 0 0 0 0 0 0 0 0 0 0 0 0 0 0 0 0 0
0 0 0 0 0 0 0 0 0 0 0 0 0 0 0 0 0 0 0 0 0 0 0 0 0 0 0 0 0 0 0 0 0 0 0 0
0 0 0 0 0 0 0 0 0 0 0 0 0 0 0 0 0 0 0 0 0 0 0 0 0 0 0 0 0 0 0 0 0 0 0 0
0 0 0 0 0 0 0 0 0 0 0 0 0 0 0 0 0 0 0 0 0 0 0 0 0 0 0 0 0 0 0 0 0 0 0 0
0 0 0 0 0 0 0 0 0 0 0 0 0 0 0 0 0 0 0 0 0 0 0 0 0 0 0 0 0 0 0 0 0 0 0 0
0 0 0 0 0 0 0 0 0 0 0 0 0 0 0 0 0 0 0 0 0
##$SHL_SFCOEFFS13= (0..200)
0 0 0 0 0 0 0 0 0 0 0 0 0 0 0 0 0 0 0 0 0 0 0 0 0 0 0 0 0 0 0 0 0 0 0 0
0 0 0 0 0 0 0 0 0 0 0 0 0 0 0 0 0 0 0 0 0 0 0 0 0 0 0 0 0 0 0 0 0 0 0 0
0 0 0 0 0 0 0 0 0 0 0 0 0 0 0 0 0 0 0 0 0 0 0 0 0 0 0 0 0 0 0 0 0 0 0 0
0 0 0 0 0 0 0 0 0 0 0 0 0 0 0 0 0 0 0 0 0 0 0 0 0 0 0 0 0 0 0 0 0 0 0 0
0 0 0 0 0 0 0 0 0 0 0 0 0 0 0 0 0 0 0 0 0 0 0 0 0 0 0 0 0 0 0 0 0 0 0 0
0 0 0 0 0 0 0 0 0 0 0 0 0 0 0 0 0 0 0 0 0
##$SHL_SFCOEFFS14= (0..200)
0 0 0 0 0 0 0 0 0 0 0 0 0 0 0 0 0 0 0 0 0 0 0 0 0 0 0 0 0 0 0 0 0 0 0 0
0 0 0 0 0 0 0 0 0 0 0 0 0 0 0 0 0 0 0 0 0 0 0 0 0 0 0 0 0 0 0 0 0 0 0 0
0 0 0 0 0 0 0 0 0 0 0 0 0 0 0 0 0 0 0 0 0 0 0 0 0 0 0 0 0 0 0 0 0 0 0 0
0 0 0 0 0 0 0 0 0 0 0 0 0 0 0 0 0 0 0 0 0 0 0 0 0 0 0 0 0 0 0 0 0 0 0 0
0 0 0 0 0 0 0 0 0 0 0 0 0 0 0 0 0 0 0 0 0 0 0 0 0 0 0 0 0 0 0 0 0 0 0 0
0 0 0 0 0 0 0 0 0 0 0 0 0 0 0 0 0 0 0 0 0
##$SHL_SFCOEFFS15= (0..200)
0 0 0 0 0 0 0 0 0 0 0 0 0 0 0 0 0 0 0 0 0 0 0 0 0 0 0 0 0 0 0 0 0 0 0 0
0 0 0 0 0 0 0 0 0 0 0 0 0 0 0 0 0 0 0 0 0 0 0 0 0 0 0 0 0 0 0 0 0 0 0 0
0 0 0 0 0 0 0 0 0 0 0 0 0 0 0 0 0 0 0 0 0 0 0 0 0 0 0 0 0 0 0 0 0 0 0 0
0 0 0 0 0 0 0 0 0 0 0 0 0 0 0 0 0 0 0 0 0 0 0 0 0 0 0 0 0 0 0 0 0 0 0 0
0 0 0 0 0 0 0 0 0 0 0 0 0 0 0 0 0 0 0 0 0 0 0 0 0 0 0 0 0 0 0 0 0 0 0 0
0 0 0 0 0 0 0 0 0 0 0 0 0 0 0 0 0 0 0 0 0
##$SHL_SFCOEFFS2= (0..200)
0 0 0 0 0 0 0 0 0 0 0 0 0 0 0 0 0 0 0 0 0 0 0 0 0 0 0 0 0 0 0 0 0 0 0 0
0 0 0 0 0 0 0 0 0 0 0 0 0 0 0 0 0 0 0 0 0 0 0 0 0 0 0 0 0 0 0 0 0 0 0 0
0 0 0 0 0 0 0 0 0 0 0 0 0 0 0 0 0 0 0 0 0 0 0 0 0 0 0 0 0 0 0 0 0 0 0 0
0 0 0 0 0 0 0 0 0 0 0 0 0 0 0 0 0 0 0 0 0 0 0 0 0 0 0 0 0 0 0 0 0 0 0 0
0 0 0 0 0 0 0 0 0 0 0 0 0 0 0 0 0 0 0 0 0 0 0 0 0 0 0 0 0 0 0 0 0 0 0 0
0 0 0 0 0 0 0 0 0 0 0 0 0 0 0 0 0 0 0 0 0
##$SHL_SFCOEFFS3= (0..200)
0 0 0 0 0 0 0 0 0 0 0 0 0 0 0 0 0 0 0 0 0 0 0 0 0 0 0 0 0 0 0 0 0 0 0 0
0 0 0 0 0 0 0 0 0 0 0 0 0 0 0 0 0 0 0 0 0 0 0 0 0 0 0 0 0 0 0 0 0 0 0 0
0 0 0 0 0 0 0 0 0 0 0 0 0 0 0 0 0 0 0 0 0 0 0 0 0 0 0 0 0 0 0 0 0 0 0 0
0 0 0 0 0 0 0 0 0 0 0 0 0 0 0 0 0 0 0 0 0 0 0 0 0 0 0 0 0 0 0 0 0 0 0 0
0 0 0 0 0 0 0 0 0 0 0 0 0 0 0 0 0 0 0 0 0 0 0 0 0 0 0 0 0 0 0 0 0 0 0 0
0 0 0 0 0 0 0 0 0 0 0 0 0 0 0 0 0 0 0 0 0
##$SHL_SFCOEFFS4= (0..200)
0 0 0 0 0 0 0 0 0 0 0 0 0 0 0 0 0 0 0 0 0 0 0 0 0 0 0 0 0 0 0 0 0 0 0 0
0 0 0 0 0 0 0 0 0 0 0 0 0 0 0 0 0 0 0 0 0 0 0 0 0 0 0 0 0 0 0 0 0 0 0 0
0 0 0 0 0 0 0 0 0 0 0 0 0 0 0 0 0 0 0 0 0 0 0 0 0 0 0 0 0 0 0 0 0 0 0 0
0 0 0 0 0 0 0 0 0 0 0 0 0 0 0 0 0 0 0 0 0 0 0 0 0 0 0 0 0 0 0 0 0 0 0 0
0 0 0 0 0 0 0 0 0 0 0 0 0 0 0 0 0 0 0 0 0 0 0 0 0 0 0 0 0 0 0 0 0 0 0 0
0 0 0 0 0 0 0 0 0 0 0 0 0 0 0 0 0 0 0 0 0
##$SHL_SFCOEFFS5= (0..200)
0 0 0 0 0 0 0 0 0 0 0 0 0 0 0 0 0 0 0 0 0 0 0 0 0 0 0 0 0 0 0 0 0 0 0 0
0 0 0 0 0 0 0 0 0 0 0 0 0 0 0 0 0 0 0 0 0 0 0 0 0 0 0 0 0 0 0 0 0 0 0 0
0 0 0 0 0 0 0 0 0 0 0 0 0 0 0 0 0 0 0 0 0 0 0 0 0 0 0 0 0 0 0 0 0 0 0 0
0 0 0 0 0 0 0 0 0 0 0 0 0 0 0 0 0 0 0 0 0 0 0 0 0 0 0 0 0 0 0 0 0 0 0 0
0 0 0 0 0 0 0 0 0 0 0 0 0 0 0 0 0 0 0 0 0 0 0 0 0 0 0 0 0 0 0 0 0 0 0 0
0 0 0 0 0 0 0 0 0 0 0 0 0 0 0 0 0 0 0 0 0
##$SHL_SFCOEFFS6= (0..200)
0 0 0 0 0 0 0 0 0 0 0 0 0 0 0 0 0 0 0 0 0 0 0 0 0 0 0 0 0 0 0 0 0 0 0 0
0 0 0 0 0 0 0 0 0 0 0 0 0 0 0 0 0 0 0 0 0 0 0 0 0 0 0 0 0 0 0 0 0 0 0 0
0 0 0 0 0 0 0 0 0 0 0 0 0 0 0 0 0 0 0 0 0 0 0 0 0 0 0 0 0 0 0 0 0 0 0 0
0 0 0 0 0 0 0 0 0 0 0 0 0 0 0 0 0 0 0 0 0 0 0 0 0 0 0 0 0 0 0 0 0 0 0 0
0 0 0 0 0 0 0 0 0 0 0 0 0 0 0 0 0 0 0 0 0 0 0 0 0 0 0 0 0 0 0 0 0 0 0 0
0 0 0 0 0 0 0 0 0 0 0 0 0 0 0 0 0 0 0 0 0
##$SHL_SFCOEFFS7= (0..200)
0 0 0 0 0 0 0 0 0 0 0 0 0 0 0 0 0 0 0 0 0 0 0 0 0 0 0 0 0 0 0 0 0 0 0 0
0 0 0 0 0 0 0 0 0 0 0 0 0 0 0 0 0 0 0 0 0 0 0 0 0 0 0 0 0 0 0 0 0 0 0 0
0 0 0 0 0 0 0 0 0 0 0 0 0 0 0 0 0 0 0 0 0 0 0 0 0 0 0 0 0 0 0 0 0 0 0 0
0 0 0 0 0 0 0 0 0 0 0 0 0 0 0 0 0 0 0 0 0 0 0 0 0 0 0 0 0 0 0 0 0 0 0 0
0 0 0 0 0 0 0 0 0 0 0 0 0 0 0 0 0 0 0 0 0 0 0 0 0 0 0 0 0 0 0 0 0 0 0 0
0 0 0 0 0 0 0 0 0 0 0 0 0 0 0 0 0 0 0 0 0
##$SHL_SFCOEFFS8= (0..200)
0 0 0 0 0 0 0 0 0 0 0 0 0 0 0 0 0 0 0 0 0 0 0 0 0 0 0 0 0 0 0 0 0 0 0 0
0 0 0 0 0 0 0 0 0 0 0 0 0 0 0 0 0 0 0 0 0 0 0 0 0 0 0 0 0 0 0 0 0 0 0 0
0 0 0 0 0 0 0 0 0 0 0 0 0 0 0 0 0 0 0 0 0 0 0 0 0 0 0 0 0 0 0 0 0 0 0 0
0 0 0 0 0 0 0 0 0 0 0 0 0 0 0 0 0 0 0 0 0 0 0 0 0 0 0 0 0 0 0 0 0 0 0 0
0 0 0 0 0 0 0 0 0 0 0 0 0 0 0 0 0 0 0 0 0 0 0 0 0 0 0 0 0 0 0 0 0 0 0 0
0 0 0 0 0 0 0 0 0 0 0 0 0 0 0 0 0 0 0 0 0
##$SHL_SFCOEFFS9= (0..200)
0 0 0 0 0 0 0 0 0 0 0 0 0 0 0 0 0 0 0 0 0 0 0 0 0 0 0 0 0 0 0 0 0 0 0 0
0 0 0 0 0 0 0 0 0 0 0 0 0 0 0 0 0 0 0 0 0 0 0 0 0 0 0 0 0 0 0 0 0 0 0 0
0 0 0 0 0 0 0 0 0 0 0 0 0 0 0 0 0 0 0 0 0 0 0 0 0 0 0 0 0 0 0 0 0 0 0 0
0 0 0 0 0 0 0 0 0 0 0 0 0 0 0 0 0 0 0 0 0 0 0 0 0 0 0 0 0 0 0 0 0 0 0 0
0 0 0 0 0 0 0 0 0 0 0 0 0 0 0 0 0 0 0 0 0 0 0 0 0 0 0 0 0 0 0 0 0 0 0 0
0 0 0 0 0 0 0 0 0 0 0 0 0 0 0 0 0 0 0 0 0
##$SHL_SMOOTHED= (0..15)
0 0 0 0 0 0 0 0 0 0 0 0 0 0 0 0
##$SHL_SMOOTHING= (0..15)
0 0 0 0 0 0 0 0 0 0 0 0 0 0 0 0
##$SHL_SPOAL= (0..15)
0 0 0 0 0 0 0 0 0 0 0 0 0 0 0 0
##$SHL_SPOFFS= (0..15)
0 0 0 0 0 0 0 0 0 0 0 0 0 0 0 0
##$SHL_SPOPH= (0..15)
0 0 0 0 0 0 0 0 0 0 0 0 0 0 0 0
##$SHL_STARTAMP= (0..15)
0 0 0 0 0 0 0 0 0 0 0 0 0 0 0 0
##$SHL_SW= (0..15)
0 0 0 0 0 0 0 0 0 0 0 0 0 0 0 0
##$SHL_SWDIR= (0..15)
-1 -1 -1 -1 -1 -1 -1 -1 -1 -1 -1 -1 -1 -1 -1 -1
##$SHL_TANKAPPA= (0..15)
0 0 0 0 0 0 0 0 0 0 0 0 0 0 0 0
##$SHL_TOTROT= (0..15)
90 0 0 0 0 0 0 0 0 0 0 0 0 0 0 0
##$SHL_TRUNCLEV= (0..15)
0 0 0 0 0 0 0 0 0 0 0 0 0 0 0 0
##$SHL_TYPE= (0..15)
<Excitation> <> <> <> <> <> <> <> <> <> <> <> <> <> <> <>
##$SHL_WINDOWSIZE= (0..15)
0 0 0 0 0 0 0 0 0 0 0 0 0 0 0 0
##$SHL_ZETA= (0..15)
0 0 0 0 0 0 0 0 0 0 0 0 0 0 0 0
##NPOINTS= 1250
##XYPOINTS= (XY..XY)
42.250966, 175.954099
43.777370, 176.537039
45.291258, 177.119979
46.792199, 177.702918
48.279761, 178.285858
49.753521, 178.868798
51.213057, 179.451738
52.657952, 180.034678
54.087792, 180.617617
55.502169, 181.200557
56.900678, 181.783497
58.282920, 182.366437
59.648500, 182.949376
60.997026, 183.532316
62.328114, 184.115256
63.641383, 184.698196
64.936458, 185.281136
66.212967, 185.864075
67.470547, 186.447015
68.708838, 187.029955
69.927486, 187.612895
71.126142, 188.195835
72.304464, 188.778774
73.462114, 189.361714
74.598763, 189.944654
75.714084, 190.527594
76.807759, 191.110534
77.879476, 191.693473
78.928928, 192.276413
79.955814, 192.859353
80.959842, 193.442293
81.940725, 194.025233
82.898181, 194.608172
83.831937, 195.191112
84.741727, 195.774052
85.627290, 196.356992
86.488373, 196.939932
87.324729, 197.522871
88.136120, 198.105811
88.922314, 198.688751
89.683086, 199.271691
90.418218, 199.854630
91.127501, 200.437570
91.810731, 201.020510
92.467713, 201.603450
93.098259, 202.186390
93.702190, 202.769329
94.279332, 203.352269
94.829520, 203.935209
95.352598, 204.518149
95.848415, 205.101089
96.316830, 205.684028
96.757709, 206.266968
97.170925, 206.849908
97.556362, 207.432848
97.913908, 208.015788
98.243461, 208.598727
98.544927, 209.181667
98.818221, 209.764607
99.063263, 210.347547
99.279983, 210.930487
99.468321, 211.513426
99.628222, 212.096366
99.759639, 212.679306
99.862537, 213.262246
99.936884, 213.845186
99.982661, 214.428125
99.999853, 215.011065
99.988457, 215.594005
99.948474, 216.176945
99.879917, 216.759885
99.782806, 217.342824
99.657167, 217.925764
99.503038, 218.508704
99.320461, 219.091644
99.109490, 219.674583
98.870184, 220.257523
98.602612, 220.840463
98.306851, 221.423403
97.982985, 222.006343
97.631106, 222.589282
97.251315, 223.172222
96.843721, 223.755162
96.408440, 224.338102
95.945597, 224.921042
95.455324, 225.503981
94.937762, 226.086921
94.393057, 226.669861
93.821366, 227.252801
93.222853, 227.835741
92.597688, 228.418680
91.946050, 229.001620
91.268126, 229.584560
90.564109, 230.167500
89.834201, 230.750440
89.078610, 231.333379
88.297552, 231.916319
87.491250, 232.499259
86.659936, 233.082199
85.803847, 233.665139
84.923226, 234.248078
84.018328, 234.831018
83.089409, 235.413958
82.136735, 235.996898
81.160580, 236.579837
80.161221, 237.162777
79.138945, 237.745717
78.094044, 238.328657
77.026817, 238.911597
75.937568, 239.494536
74.826609, 240.077476
73.694259, 240.660416
72.540839, 241.243356
71.366681, 241.826296
70.172120, 242.409235
68.957498, 242.992175
67.723161, 243.575115
66.469462, 244.158055
65.196761, 244.740995
63.905420, 245.323934
62.595810, 245.906874
61.268304, 246.489814
59.923282, 247.072754
58.561128, 247.655694
57.182232, 248.238633
55.786989, 248.821573
54.375796, 249.404513
52.949058, 249.987453
51.507182, 250.570393
50.050581, 251.153332
48.579671, 251.736272
47.094872, 252.319212
45.596610, 252.902152
44.085311, 253.485091
42.561409, 254.068031
41.025340, 254.650971
39.477541, 255.233911
37.918456, 255.816851
36.348531, 256.399790
34.768214, 256.982730
33.177957, 257.565670
31.578214, 258.148610
29.969444, 258.731550
28.352106, 259.314489
26.726662, 259.897429
25.093578, 260.480369
23.453319, 261.063309
21.806355, 261.646249
20.153157, 262.229188
18.494198, 262.812128
16.829951, 263.395068
15.160892, 263.978008
13.487499, 264.560948
11.810251, 265.143887
10.129625, 265.726827
8.446104, 266.309767
6.760168, 266.892707
5.072300, 267.475647
3.382981, 268.058586
1.692695, 268.641526
0.001926, 269.224466
1.688845, 89.807406
3.379132, 90.390346
5.068453, 90.973285
6.756326, 91.556225
8.442267, 92.139165
10.125794, 92.722105
11.806426, 93.305044
13.483683, 93.887984
15.157085, 94.470924
16.826154, 95.053864
18.490413, 95.636804
20.149385, 96.219743
21.802597, 96.802683
23.449575, 97.385623
25.089850, 97.968563
26.722951, 98.551503
28.348413, 99.134442
29.965770, 99.717382
31.574560, 100.300322
33.174323, 100.883262
34.764603, 101.466202
36.344943, 102.049141
37.914892, 102.632081
39.474002, 103.215021
41.021827, 103.797961
42.557924, 104.380901
44.081854, 104.963840
45.593182, 105.546780
47.091475, 106.129720
48.576304, 106.712660
50.047247, 107.295600
51.503881, 107.878539
52.945791, 108.461479
54.372564, 109.044419
55.783792, 109.627359
57.179073, 110.210298
58.558006, 110.793238
59.920198, 111.376178
61.265260, 111.959118
62.592806, 112.542058
63.902458, 113.124997
65.193840, 113.707937
66.466585, 114.290877
67.720327, 114.873817
68.954708, 115.456757
70.169376, 116.039696
71.363983, 116.622636
72.538188, 117.205576
73.691655, 117.788516
74.824054, 118.371456
75.935062, 118.954395
77.024360, 119.537335
78.091638, 120.120275
79.136591, 120.703215
80.158918, 121.286155
81.158330, 121.869094
82.134538, 122.452034
83.087266, 123.034974
84.016239, 123.617914
84.921193, 124.200854
85.801868, 124.783793
86.658014, 125.366733
87.489385, 125.949673
88.295744, 126.532613
89.076859, 127.115552
89.832509, 127.698492
90.562476, 128.281432
91.266552, 128.864372
91.944536, 129.447312
92.596234, 130.030251
93.221459, 130.613191
93.820033, 131.196131
94.391785, 131.779071
94.936552, 132.362011
95.454176, 132.944950
95.944512, 133.527890
96.407417, 134.110830
96.842761, 134.693770
97.250418, 135.276710
97.630272, 135.859649
97.982215, 136.442589
98.306145, 137.025529
98.601971, 137.608469
98.869607, 138.191409
99.108977, 138.774348
99.320013, 139.357288
99.502654, 139.940228
99.656849, 140.523168
99.782552, 141.106108
99.879729, 141.689047
99.948350, 142.271987
99.988398, 142.854927
99.999860, 143.437867
99.982732, 144.020807
99.937021, 144.603746
99.862738, 145.186686
99.759906, 145.769626
99.628553, 146.352566
99.468718, 146.935505
99.280445, 147.518445
99.063788, 148.101385
98.818811, 148.684325
98.545582, 149.267265
98.244180, 149.850204
97.914690, 150.433144
97.557208, 151.016084
97.171835, 151.599024
96.758681, 152.181964
96.317865, 152.764903
95.849513, 153.347843
95.353758, 153.930783
94.830743, 154.513723
94.280616, 155.096663
93.703535, 155.679602
93.099665, 156.262542
92.469179, 156.845482
91.812257, 157.428422
91.129087, 158.011362
90.419863, 158.594301
89.684790, 159.177241
88.924076, 159.760181
88.137940, 160.343121
87.326606, 160.926061
86.490306, 161.509000
85.629279, 162.091940
84.743772, 162.674880
83.834037, 163.257820
82.900335, 163.840759
81.942932, 164.423699
80.962103, 165.006639
79.958127, 165.589579
78.931292, 166.172519
77.881892, 166.755458
76.810225, 167.338398
75.716600, 167.921338
74.601327, 168.504278
73.464727, 169.087218
72.307124, 169.670157
71.128849, 170.253097
69.930239, 170.836037
68.711637, 171.418977
67.473390, 172.001917
66.215853, 172.584856
64.939386, 173.167796
63.644354, 173.750736
62.331126, 174.333676
61.000078, 174.916616
59.651591, 175.499555
58.286050, 176.082495
56.903845, 176.665435
55.505372, 177.248375
54.091031, 177.831315
52.661226, 178.414254
51.216365, 178.997194
49.756862, 179.580134
48.283134, 180.163074
46.795602, 180.746013
45.294692, 181.328953
43.780833, 181.911893
42.254457, 182.494833
40.716000, 183.077773
39.165904, 183.660712
37.604610, 184.243652
36.032566, 184.826592
34.450220, 185.409532
32.858025, 185.992472
31.256436, 186.575411
29.645912, 187.158351
28.026912, 187.741291
26.399899, 188.324231
24.765339, 188.907171
23.123698, 189.490110
21.475447, 190.073050
19.821056, 190.655990
18.160999, 191.238930
16.495749, 191.821870
14.825783, 192.404809
13.151579, 192.987749
11.473615, 193.570689
9.792371, 194.153629
8.108327, 194.736569
6.421965, 195.319508
4.733767, 195.902448
3.044216, 196.485388
1.353795, 197.068328
0.337014, 17.651268
2.027726, 18.234207
3.717859, 18.817147
5.406928, 19.400087
7.094452, 19.983027
8.779948, 20.565966
10.462933, 21.148906
12.142928, 21.731846
13.819450, 22.314786
15.492022, 22.897726
17.160165, 23.480665
18.823402, 24.063605
20.481257, 24.646545
22.133257, 25.229485
23.778929, 25.812425
25.417804, 26.395364
27.049411, 26.978304
28.673285, 27.561244
30.288962, 28.144184
31.895980, 28.727124
33.493878, 29.310063
35.082202, 29.893003
36.660495, 30.475943
38.228308, 31.058883
39.785191, 31.641823
41.330700, 32.224762
42.864393, 32.807702
44.385832, 33.390642
45.894581, 33.973582
47.390210, 34.556522
48.872289, 35.139461
50.340397, 35.722401
51.794113, 36.305341
53.233021, 36.888281
54.656711, 37.471220
56.064775, 38.054160
57.456810, 38.637100
58.832419, 39.220040
60.191208, 39.802980
61.532790, 40.385919
62.856779, 40.968859
64.162799, 41.551799
65.450475, 42.134739
66.719439, 42.717679
67.969328, 43.300618
69.199786, 43.883558
70.410461, 44.466498
71.601005, 45.049438
72.771080, 45.632378
73.920350, 46.215317
75.048487, 46.798257
76.155168, 47.381197
77.240077, 47.964137
78.302904, 48.547077
79.343344, 49.130016
80.361102, 49.712956
81.355884, 50.295896
82.327408, 50.878836
83.275396, 51.461776
84.199575, 52.044715
85.099683, 52.627655
85.975461, 53.210595
86.826660, 53.793535
87.653036, 54.376475
88.454353, 54.959414
89.230381, 55.542354
89.980900, 56.125294
90.705693, 56.708234
91.404555, 57.291173
92.077285, 57.874113
92.723691, 58.457053
93.343588, 59.039993
93.936799, 59.622933
94.503154, 60.205872
95.042492, 60.788812
95.554658, 61.371752
96.039506, 61.954692
96.496897, 62.537632
96.926701, 63.120571
97.328794, 63.703511
97.703061, 64.286451
98.049396, 64.869391
98.367700, 65.452331
98.657881, 66.035270
98.919857, 66.618210
99.153553, 67.201150
99.358902, 67.784090
99.535845, 68.367030
99.684331, 68.949969
99.804319, 69.532909
99.895773, 70.115849
99.958669, 70.698789
99.992986, 71.281729
99.998717, 71.864668
99.975860, 72.447608
99.924420, 73.030548
99.844412, 73.613488
99.735860, 74.196427
99.598794, 74.779367
99.433254, 75.362307
99.239287, 75.945247
99.016949, 76.528187
98.766302, 77.111126
98.487419, 77.694066
98.180379, 78.277006
97.845271, 78.859946
97.482189, 79.442886
97.091238, 80.025825
96.672530, 80.608765
96.226184, 81.191705
95.752328, 81.774645
95.251097, 82.357585
94.722634, 82.940524
94.167092, 83.523464
93.584627, 84.106404
92.975408, 84.689344
92.339608, 85.272284
91.677409, 85.855223
90.989000, 86.438163
90.274579, 87.021103
89.534348, 87.604043
88.768521, 88.186983
87.977315, 88.769922
87.160958, 89.352862
86.319682, 89.935802
85.453728, 90.518742
84.563344, 91.101681
83.648783, 91.684621
82.710309, 92.267561
81.748188, 92.850501
80.762696, 93.433441
79.754115, 94.016380
78.722733, 94.599320
77.668845, 95.182260
76.592752, 95.765200
75.494762, 96.348140
74.375188, 96.931079
73.234352, 97.514019
72.072578, 98.096959
70.890200, 98.679899
69.687554, 99.262839
68.464986, 99.845778
67.222844, 100.428718
65.961484, 101.011658
64.681266, 101.594598
63.382556, 102.177538
62.065726, 102.760477
60.731151, 103.343417
59.379215, 103.926357
58.010302, 104.509297
56.624805, 105.092237
55.223119, 105.675176
53.805645, 106.258116
52.372789, 106.841056
50.924960, 107.423996
49.462572, 108.006936
47.986043, 108.589875
46.495795, 109.172815
44.992255, 109.755755
43.475851, 110.338695
41.947019, 110.921634
40.406194, 111.504574
38.853817, 112.087514
37.290332, 112.670454
35.716187, 113.253394
34.131830, 113.836333
32.537716, 114.419273
30.934299, 115.002213
29.322039, 115.585153
27.701395, 116.168093
26.072832, 116.751032
24.436815, 117.333972
22.793812, 117.916912
21.144292, 118.499852
19.488727, 119.082792
17.827591, 119.665731
16.161358, 120.248671
14.490504, 120.831611
12.815508, 121.414551
11.136848, 121.997491
9.455004, 122.580430
7.770457, 123.163370
6.083688, 123.746310
4.395180, 124.329250
2.705416, 124.912190
1.014878, 125.495129
0.675950, 306.078069
2.366585, 306.661009
4.056543, 307.243949
5.745341, 307.826888
7.432497, 308.409828
9.117528, 308.992768
10.799953, 309.575708
12.479289, 310.158648
14.155058, 310.741587
15.826781, 311.324527
17.493978, 311.907467
19.156174, 312.490407
20.812894, 313.073347
22.463663, 313.656286
24.108011, 314.239226
25.745466, 314.822166
27.375560, 315.405106
28.997828, 315.988046
30.611806, 316.570985
32.217033, 317.153925
33.813049, 317.736865
35.399397, 318.319805
36.975626, 318.902745
38.541284, 319.485684
40.095923, 320.068624
41.639099, 320.651564
43.170370, 321.234504
44.689300, 321.817444
46.195453, 322.400383
47.688400, 322.983323
49.167713, 323.566263
50.632969, 324.149203
52.083750, 324.732142
53.519641, 325.315082
54.940230, 325.898022
56.345113, 326.480962
57.733888, 327.063902
59.106156, 327.646841
60.461527, 328.229781
61.799613, 328.812721
63.120030, 329.395661
64.422402, 329.978601
65.706357, 330.561540
66.971526, 331.144480
68.217549, 331.727420
69.444069, 332.310360
70.650736, 332.893300
71.837204, 333.476239
73.003135, 334.059179
74.148195, 334.642119
75.272057, 335.225059
76.374399, 335.807999
77.454906, 336.390938
78.513269, 336.973878
79.549187, 337.556818
80.562362, 338.139758
81.552505, 338.722698
82.519333, 339.305637
83.462569, 339.888577
84.381944, 340.471517
85.277195, 341.054457
86.148066, 341.637397
86.994309, 342.220336
87.815680, 342.803276
88.611946, 343.386216
89.382878, 343.969156
90.128257, 344.552095
90.847869, 345.135035
91.541508, 345.717975
92.208976, 346.300915
92.850083, 346.883855
93.464645, 347.466794
94.052486, 348.049734
94.613438, 348.632674
95.147341, 349.215614
95.654042, 349.798554
96.133397, 350.381493
96.585268, 350.964433
97.009527, 351.547373
97.406051, 352.130313
97.774728, 352.713253
98.115451, 353.296192
98.428125, 353.879132
98.712659, 354.462072
98.968972, 355.045012
99.196990, 355.627952
99.396649, 356.210891
99.567891, 356.793831
99.710668, 357.376771
99.824939, 357.959711
99.910670, 358.542651
99.967838, 359.125590
99.996426, 359.708530
99.996426, 0.291470
99.967838, 0.874410
99.910670, 1.457349
99.824939, 2.040289
99.710668, 2.623229
99.567891, 3.206169
99.396649, 3.789109
99.196990, 4.372048
98.968972, 4.954988
98.712659, 5.537928
98.428125, 6.120868
98.115451, 6.703808
97.774728, 7.286747
97.406051, 7.869687
97.009527, 8.452627
96.585268, 9.035567
96.133397, 9.618507
95.654042, 10.201446
95.147341, 10.784386
94.613438, 11.367326
94.052486, 11.950266
93.464645, 12.533206
92.850083, 13.116145
92.208976, 13.699085
91.541508, 14.282025
90.847869, 14.864965
90.128257, 15.447905
89.382878, 16.030844
88.611946, 16.613784
87.815680, 17.196724
86.994309, 17.779664
86.148066, 18.362603
85.277195, 18.945543
84.381944, 19.528483
83.462569, 20.111423
82.519333, 20.694363
81.552505, 21.277302
80.562362, 21.860242
79.549187, 22.443182
78.513269, 23.026122
77.454906, 23.609062
76.374399, 24.192001
75.272057, 24.774941
74.148195, 25.357881
73.003135, 25.940821
71.837204, 26.523761
70.650736, 27.106700
69.444069, 27.689640
68.217549, 28.272580
66.971526, 28.855520
65.706357, 29.438460
64.422402, 30.021399
63.120030, 30.604339
61.799613, 31.187279
60.461527, 31.770219
59.106156, 32.353159
57.733888, 32.936098
56.345113, 33.519038
54.940230, 34.101978
53.519641, 34.684918
52.083750, 35.267858
50.632969, 35.850797
49.167713, 36.433737
47.688400, 37.016677
46.195453, 37.599617
44.689300, 38.182556
43.170370, 38.765496
41.639099, 39.348436
40.095923, 39.931376
38.541284, 40.514316
36.975626, 41.097255
35.399397, 41.680195
33.813049, 42.263135
32.217033, 42.846075
30.611806, 43.429015
28.997828, 44.011954
27.375560, 44.594894
25.745466, 45.177834
24.108011, 45.760774
22.463663, 46.343714
20.812894, 46.926653
19.156174, 47.509593
17.493978, 48.092533
15.826781, 48.675473
14.155058, 49.258413
12.479289, 49.841352
10.799953, 50.424292
9.117528, 51.007232
7.432497, 51.590172
5.745341, 52.173112
4.056543, 52.756051
2.366585, 53.338991
0.675950, 53.921931
1.014878, 234.504871
2.705416, 235.087810
4.395180, 235.670750
6.083688, 236.253690
7.770457, 236.836630
9.455004, 237.419570
11.136848, 238.002509
12.815508, 238.585449
14.490504, 239.168389
16.161358, 239.751329
17.827591, 240.334269
19.488727, 240.917208
21.144292, 241.500148
22.793812, 242.083088
24.436815, 242.666028
26.072832, 243.248968
27.701395, 243.831907
29.322039, 244.414847
30.934299, 244.997787
32.537716, 245.580727
34.131830, 246.163667
35.716187, 246.746606
37.290332, 247.329546
38.853817, 247.912486
40.406194, 248.495426
41.947019, 249.078366
43.475851, 249.661305
44.992255, 250.244245
46.495795, 250.827185
47.986043, 251.410125
49.462572, 251.993064
50.924960, 252.576004
52.372789, 253.158944
53.805645, 253.741884
55.223119, 254.324824
56.624805, 254.907763
58.010302, 255.490703
59.379215, 256.073643
60.731151, 256.656583
62.065726, 257.239523
63.382556, 257.822462
64.681266, 258.405402
65.961484, 258.988342
67.222844, 259.571282
68.464986, 260.154222
69.687554, 260.737161
70.890200, 261.320101
72.072578, 261.903041
73.234352, 262.485981
74.375188, 263.068921
75.494762, 263.651860
76.592752, 264.234800
77.668845, 264.817740
78.722733, 265.400680
79.754115, 265.983620
80.762696, 266.566559
81.748188, 267.149499
82.710309, 267.732439
83.648783, 268.315379
84.563344, 268.898319
85.453728, 269.481258
86.319682, 270.064198
87.160958, 270.647138
87.977315, 271.230078
88.768521, 271.813017
89.534348, 272.395957
90.274579, 272.978897
90.989000, 273.561837
91.677409, 274.144777
92.339608, 274.727716
92.975408, 275.310656
93.584627, 275.893596
94.167092, 276.476536
94.722634, 277.059476
95.251097, 277.642415
95.752328, 278.225355
96.226184, 278.808295
96.672530, 279.391235
97.091238, 279.974175
97.482189, 280.557114
97.845271, 281.140054
98.180379, 281.722994
98.487419, 282.305934
98.766302, 282.888874
99.016949, 283.471813
99.239287, 284.054753
99.433254, 284.637693
99.598794, 285.220633
99.735860, 285.803573
99.844412, 286.386512
99.924420, 286.969452
99.975860, 287.552392
99.998717, 288.135332
99.992986, 288.718271
99.958669, 289.301211
99.895773, 289.884151
99.804319, 290.467091
99.684331, 291.050031
99.535845, 291.632970
99.358902, 292.215910
99.153553, 292.798850
98.919857, 293.381790
98.657881, 293.964730
98.367700, 294.547669
98.049396, 295.130609
97.703061, 295.713549
97.328794, 296.296489
96.926701, 296.879429
96.496897, 297.462368
96.039506, 298.045308
95.554658, 298.628248
95.042492, 299.211188
94.503154, 299.794128
93.936799, 300.377067
93.343588, 300.960007
92.723691, 301.542947
92.077285, 302.125887
91.404555, 302.708827
90.705693, 303.291766
89.980900, 303.874706
89.230381, 304.457646
88.454353, 305.040586
87.653036, 305.623525
86.826660, 306.206465
85.975461, 306.789405
85.099683, 307.372345
84.199575, 307.955285
83.275396, 308.538224
82.327408, 309.121164
81.355884, 309.704104
80.361102, 310.287044
79.343344, 310.869984
78.302904, 311.452923
77.240077, 312.035863
76.155168, 312.618803
75.048487, 313.201743
73.920350, 313.784683
72.771080, 314.367622
71.601005, 314.950562
70.410461, 315.533502
69.199786, 316.116442
67.969328, 316.699382
66.719439, 317.282321
65.450475, 317.865261
64.162799, 318.448201
62.856779, 319.031141
61.532790, 319.614081
60.191208, 320.197020
58.832419, 320.779960
57.456810, 321.362900
56.064775, 321.945840
54.656711, 322.528780
53.233021, 323.111719
51.794113, 323.694659
50.340397, 324.277599
48.872289, 324.860539
47.390210, 325.443478
45.894581, 326.026418
44.385832, 326.609358
42.864393, 327.192298
41.330700, 327.775238
39.785191, 328.358177
38.228308, 328.941117
36.660495, 329.524057
35.082202, 330.106997
33.493878, 330.689937
31.895980, 331.272876
30.288962, 331.855816
28.673285, 332.438756
27.049411, 333.021696
25.417804, 333.604636
23.778929, 334.187575
22.133257, 334.770515
20.481257, 335.353455
18.823402, 335.936395
17.160165, 336.519335
15.492022, 337.102274
13.819450, 337.685214
12.142928, 338.268154
10.462933, 338.851094
8.779948, 339.434034
7.094452, 340.016973
5.406928, 340.599913
3.717859, 341.182853
2.027726, 341.765793
0.337014, 342.348732
1.353795, 162.931672
3.044216, 163.514612
4.733767, 164.097552
6.421965, 164.680492
8.108327, 165.263431
9.792371, 165.846371
11.473615, 166.429311
13.151579, 167.012251
14.825783, 167.595191
16.495749, 168.178130
18.160999, 168.761070
19.821056, 169.344010
21.475447, 169.926950
23.123698, 170.509890
24.765339, 171.092829
26.399899, 171.675769
28.026912, 172.258709
29.645912, 172.841649
31.256436, 173.424589
32.858025, 174.007528
34.450220, 174.590468
36.032566, 175.173408
37.604610, 175.756348
39.165904, 176.339288
40.716000, 176.922227
42.254457, 177.505167
43.780833, 178.088107
45.294692, 178.671047
46.795602, 179.253987
48.283134, 179.836926
49.756862, 180.419866
51.216365, 181.002806
52.661226, 181.585746
54.091031, 182.168685
55.505372, 182.751625
56.903845, 183.334565
58.286050, 183.917505
59.651591, 184.500445
61.000078, 185.083384
62.331126, 185.666324
63.644354, 186.249264
64.939386, 186.832204
66.215853, 187.415144
67.473390, 187.998083
68.711637, 188.581023
69.930239, 189.163963
71.128849, 189.746903
72.307124, 190.329843
73.464727, 190.912782
74.601327, 191.495722
75.716600, 192.078662
76.810225, 192.661602
77.881892, 193.244542
78.931292, 193.827481
79.958127, 194.410421
80.962103, 194.993361
81.942932, 195.576301
82.900335, 196.159241
83.834037, 196.742180
84.743772, 197.325120
85.629279, 197.908060
86.490306, 198.491000
87.326606, 199.073939
88.137940, 199.656879
88.924076, 200.239819
89.684790, 200.822759
90.419863, 201.405699
91.129087, 201.988638
91.812257, 202.571578
92.469179, 203.154518
93.099665, 203.737458
93.703535, 204.320398
94.280616, 204.903337
94.830743, 205.486277
95.353758, 206.069217
95.849513, 206.652157
96.317865, 207.235097
96.758681, 207.818036
97.171835, 208.400976
97.557208, 208.983916
97.914690, 209.566856
98.244180, 210.149796
98.545582, 210.732735
98.818811, 211.315675
99.063788, 211.898615
99.280445, 212.481555
99.468718, 213.064495
99.628553, 213.647434
99.759906, 214.230374
99.862738, 214.813314
99.937021, 215.396254
99.982732, 215.979193
99.999860, 216.562133
99.988398, 217.145073
99.948350, 217.728013
99.879729, 218.310953
99.782552, 218.893892
99.656849, 219.476832
99.502654, 220.059772
99.320013, 220.642712
99.108977, 221.225652
98.869607, 221.808591
98.601971, 222.391531
98.306145, 222.974471
97.982215, 223.557411
97.630272, 224.140351
97.250418, 224.723290
96.842761, 225.306230
96.407417, 225.889170
95.944512, 226.472110
95.454176, 227.055050
94.936552, 227.637989
94.391785, 228.220929
93.820033, 228.803869
93.221459, 229.386809
92.596234, 229.969749
91.944536, 230.552688
91.266552, 231.135628
90.562476, 231.718568
89.832509, 232.301508
89.076859, 232.884448
88.295744, 233.467387
87.489385, 234.050327
86.658014, 234.633267
85.801868, 235.216207
84.921193, 235.799146
84.016239, 236.382086
83.087266, 236.965026
82.134538, 237.547966
81.158330, 238.130906
80.158918, 238.713845
79.136591, 239.296785
78.091638, 239.879725
77.024360, 240.462665
75.935062, 241.045605
74.824054, 241.628544
73.691655, 242.211484
72.538188, 242.794424
71.363983, 243.377364
70.169376, 243.960304
68.954708, 244.543243
67.720327, 245.126183
66.466585, 245.709123
65.193840, 246.292063
63.902458, 246.875003
62.592806, 247.457942
61.265260, 248.040882
59.920198, 248.623822
58.558006, 249.206762
57.179073, 249.789702
55.783792, 250.372641
54.372564, 250.955581
52.945791, 251.538521
51.503881, 252.121461
50.047247, 252.704400
48.576304, 253.287340
47.091475, 253.870280
45.593182, 254.453220
44.081854, 255.036160
42.557924, 255.619099
41.021827, 256.202039
39.474002, 256.784979
37.914892, 257.367919
36.344943, 257.950859
34.764603, 258.533798
33.174323, 259.116738
31.574560, 259.699678
29.965770, 260.282618
28.348413, 260.865558
26.722951, 261.448497
25.089850, 262.031437
23.449575, 262.614377
21.802597, 263.197317
20.149385, 263.780257
18.490413, 264.363196
16.826154, 264.946136
15.157085, 265.529076
13.483683, 266.112016
11.806426, 266.694956
10.125794, 267.277895
8.442267, 267.860835
6.756326, 268.443775
5.068453, 269.026715
3.379132, 269.609654
1.688845, 270.192594
0.001926, 90.775534
1.692695, 91.358474
3.382981, 91.941414
5.072300, 92.524353
6.760168, 93.107293
8.446104, 93.690233
10.129625, 94.273173
11.810251, 94.856113
13.487499, 95.439052
15.160892, 96.021992
16.829951, 96.604932
18.494198, 97.187872
20.153157, 97.770812
21.806355, 98.353751
23.453319, 98.936691
25.093578, 99.519631
26.726662, 100.102571
28.352106, 100.685511
29.969444, 101.268450
31.578214, 101.851390
33.177957, 102.434330
34.768214, 103.017270
36.348531, 103.600210
37.918456, 104.183149
39.477541, 104.766089
41.025340, 105.349029
42.561409, 105.931969
44.085311, 106.514909
45.596610, 107.097848
47.094872, 107.680788
48.579671, 108.263728
50.050581, 108.846668
51.507182, 109.429607
52.949058, 110.012547
54.375796, 110.595487
55.786989, 111.178427
57.182232, 111.761367
58.561128, 112.344306
59.923282, 112.927246
61.268304, 113.510186
62.595810, 114.093126
63.905420, 114.676066
65.196761, 115.259005
66.469462, 115.841945
67.723161, 116.424885
68.957498, 117.007825
70.172120, 117.590765
71.366681, 118.173704
72.540839, 118.756644
73.694259, 119.339584
74.826609, 119.922524
75.937568, 120.505464
77.026817, 121.088403
78.094044, 121.671343
79.138945, 122.254283
80.161221, 122.837223
81.160580, 123.420163
82.136735, 124.003102
83.089409, 124.586042
84.018328, 125.168982
84.923226, 125.751922
85.803847, 126.334861
86.659936, 126.917801
87.491250, 127.500741
88.297552, 128.083681
89.078610, 128.666621
89.834201, 129.249560
90.564109, 129.832500
91.268126, 130.415440
91.946050, 130.998380
92.597688, 131.581320
93.222853, 132.164259
93.821366, 132.747199
94.393057, 133.330139
94.937762, 133.913079
95.455324, 134.496019
95.945597, 135.078958
96.408440, 135.661898
96.843721, 136.244838
97.251315, 136.827778
97.631106, 137.410718
97.982985, 137.993657
98.306851, 138.576597
98.602612, 139.159537
98.870184, 139.742477
99.109490, 140.325417
99.320461, 140.908356
99.503038, 141.491296
99.657167, 142.074236
99.782806, 142.657176
99.879917, 143.240115
99.948474, 143.823055
99.988457, 144.405995
99.999853, 144.988935
99.982661, 145.571875
99.936884, 146.154814
99.862537, 146.737754
99.759639, 147.320694
99.628222, 147.903634
99.468321, 148.486574
99.279983, 149.069513
99.063263, 149.652453
98.818221, 150.235393
98.544927, 150.818333
98.243461, 151.401273
97.913908, 151.984212
97.556362, 152.567152
97.170925, 153.150092
96.757709, 153.733032
96.316830, 154.315972
95.848415, 154.898911
95.352598, 155.481851
94.829520, 156.064791
94.279332, 156.647731
93.702190, 157.230671
93.098259, 157.813610
92.467713, 158.396550
91.810731, 158.979490
91.127501, 159.562430
90.418218, 160.145370
89.683086, 160.728309
88.922314, 161.311249
88.136120, 161.894189
87.324729, 162.477129
86.488373, 163.060068
85.627290, 163.643008
84.741727, 164.225948
83.831937, 164.808888
82.898181, 165.391828
81.940725, 165.974767
80.959842, 166.557707
79.955814, 167.140647
78.928928, 167.723587
77.879476, 168.306527
76.807759, 168.889466
75.714084, 169.472406
74.598763, 170.055346
73.462114, 170.638286
72.304464, 171.221226
71.126142, 171.804165
69.927486, 172.387105
68.708838, 172.970045
67.470547, 173.552985
66.212967, 174.135925
64.936458, 174.718864
63.641383, 175.301804
62.328114, 175.884744
60.997026, 176.467684
59.648500, 177.050624
58.282920, 177.633563
56.900678, 178.216503
55.502169, 178.799443
54.087792, 179.382383
52.657952, 179.965322
51.213057, 180.548262
49.753521, 181.131202
48.279761, 181.714142
46.792199, 182.297082
45.291258, 182.880021
43.777370, 183.462961
42.250966, 184.045901
##END=
