##TITLE= Parameter file, TopSpin 4.3.0
##JCAMPDX= 5.0
##DATATYPE= Parameter Values
##ORIGIN= Bruker BioSpin GmbH
##OWNER= nmrsu
$$ 2024-02-09 13:45:42.601 +0000  nmrsu@4CE1161FJM
$$ C:/Bruker/TopSpin4.3.0/exp/stan/nmr/lists/wave/user/multisupp_aux_d8
$$ process C:\Bruker\TopSpin4.3.0\prog\mod\xwinshape.exe
##MINX= 0.05539600
##MAXX= 99.99866700
##MINY= 0.28428100
##MAXY= 359.71571900
##$SHAPE_ADDPHASE= 0
##$SHAPE_AMP= 99.99866664
##$SHAPE_BWFAC= 0
##$SHAPE_BWFAC50= 0
##$SHAPE_CALCBW= yes
##$SHAPE_CALCINTEG= yes
##$SHAPE_EXMODE= <Excitation>
##$SHAPE_EXPAND= <>
##$SHAPE_EXPANDCF= (0..143)
0 0 0 0 0 0 0 0 0 0 0 0 0 0 0 0 0 0 0 0 0 0 0 0 0 0 0 0 0 0 0 0 0 0 0 0
0 0 0 0 0 0 0 0 0 0 0 0 0 0 0 0 0 0 0 0 0 0 0 0 0 0 0 0 0 0 0 0 0 0 0 0
0 0 0 0 0 0 0 0 0 0 0 0 0 0 0 0 0 0 0 0 0 0 0 0 0 0 0 0 0 0 0 0 0 0 0 0
0 0 0 0 0 0 0 0 0 0 0 0 0 0 0 0 0 0 0 0 0 0 0 0 0 0 0 0 0 0 0 0 0 0 0 0
##$SHAPE_EXPFAC= 0
##$SHAPE_FRACEND= 0
##$SHAPE_FRACORG= 0
##$SHAPE_FRACSTART= 0
##$SHAPE_INTEGFAC= 0
##$SHAPE_KEEPRES= yes
##$SHAPE_LENGTH= 25000.000373
##$SHAPE_MAN= <M>
##$SHAPE_MODE= 2
##$SHAPE_MODFREQ= 0
##$SHAPE_MODPHASE= 0
##$SHAPE_MODSCALE= 0
##$SHAPE_MODSW= 0
##$SHAPE_MODSWDIR= -1
##$SHAPE_NPOINTS= 1250
##$SHAPE_OFFS= <1 2>
##$SHAPE_OFFSCOEFF= (0..95)
56.120422 0 100 -214.05453 0 100 0 0 0 0 0 0 0 0 0 0 0 0 0 0 0 0 0 0 0
0 0 0 0 0 0 0 0 0 0 0 0 0 0 0 0 0 0 0 0 0 0 0 0 0 0 0 0 0 0 0 0 0 0 0 0
0 0 0 0 0 0 0 0 0 0 0 0 0 0 0 0 0 0 0 0 0 0 0 0 0 0 0 0 0 0 0 0 0 0 0
##$SHAPE_PARAMETER= <>
##$SHAPE_REPHFAC= 0
##$SHAPE_RES= 0
##$SHAPE_SCALEFAC= 1.00001333
##$SHAPE_SCALETYPE= 0
##$SHAPE_SPOAL= 0
##$SHAPE_SPOFFS= 0
##$SHAPE_SPOPH= 0
##$SHAPE_TOTROT= 90
##$SHAPE_TYPE= <Excitation>
##$SHAPE_USER_DEF= <>
##$SHAPE_VERSION= 2.1
##$SHL_ADDPHASE= (0..15)
0 0 0 0 0 0 0 0 0 0 0 0 0 0 0 0
##$SHL_ALIGNOFFSET= (0..15)
0 0 0 0 0 0 0 0 0 0 0 0 0 0 0 0
##$SHL_AMP= (0..15)
100 0 0 0 0 0 0 0 0 0 0 0 0 0 0 0
##$SHL_AMPFAC= (0..15)
0 0 0 0 0 0 0 0 0 0 0 0 0 0 0 0
##$SHL_BETA= (0..15)
0 0 0 0 0 0 0 0 0 0 0 0 0 0 0 0
##$SHL_BWFAC= (0..15)
1.116 0 0 0 0 0 0 0 0 0 0 0 0 0 0 0
##$SHL_CALCBW= (0..15)
yes yes yes yes yes yes yes yes yes yes yes yes yes yes yes yes
##$SHL_CALCINTEG= (0..15)
yes yes yes yes yes yes yes yes yes yes yes yes yes yes yes yes
##$SHL_CENTERAMP= (0..15)
0 0 0 0 0 0 0 0 0 0 0 0 0 0 0 0
##$SHL_CYCNUM= (0..15)
0 0 0 0 0 0 0 0 0 0 0 0 0 0 0 0
##$SHL_DIPOLCPL= (0..15)
0 0 0 0 0 0 0 0 0 0 0 0 0 0 0 0
##$SHL_ENDAMP= (0..15)
0 0 0 0 0 0 0 0 0 0 0 0 0 0 0 0
##$SHL_EXMODE= (0..15)
<Excitation> <> <> <> <> <> <> <> <> <> <> <> <> <> <> <>
##$SHL_EXPAND= (0..15)
<> <> <> <> <> <> <> <> <> <> <> <> <> <> <> <>
##$SHL_EXPANDCF0= (0..143)
0 0 0 0 0 0 0 0 0 0 0 0 0 0 0 0 0 0 0 0 0 0 0 0 0 0 0 0 0 0 0 0 0 0 0 0
0 0 0 0 0 0 0 0 0 0 0 0 0 0 0 0 0 0 0 0 0 0 0 0 0 0 0 0 0 0 0 0 0 0 0 0
0 0 0 0 0 0 0 0 0 0 0 0 0 0 0 0 0 0 0 0 0 0 0 0 0 0 0 0 0 0 0 0 0 0 0 0
0 0 0 0 0 0 0 0 0 0 0 0 0 0 0 0 0 0 0 0 0 0 0 0 0 0 0 0 0 0 0 0 0 0 0 0
##$SHL_EXPANDCF1= (0..143)
0 0 0 0 0 0 0 0 0 0 0 0 0 0 0 0 0 0 0 0 0 0 0 0 0 0 0 0 0 0 0 0 0 0 0 0
0 0 0 0 0 0 0 0 0 0 0 0 0 0 0 0 0 0 0 0 0 0 0 0 0 0 0 0 0 0 0 0 0 0 0 0
0 0 0 0 0 0 0 0 0 0 0 0 0 0 0 0 0 0 0 0 0 0 0 0 0 0 0 0 0 0 0 0 0 0 0 0
0 0 0 0 0 0 0 0 0 0 0 0 0 0 0 0 0 0 0 0 0 0 0 0 0 0 0 0 0 0 0 0 0 0 0 0
##$SHL_EXPANDCF10= (0..143)
0 0 0 0 0 0 0 0 0 0 0 0 0 0 0 0 0 0 0 0 0 0 0 0 0 0 0 0 0 0 0 0 0 0 0 0
0 0 0 0 0 0 0 0 0 0 0 0 0 0 0 0 0 0 0 0 0 0 0 0 0 0 0 0 0 0 0 0 0 0 0 0
0 0 0 0 0 0 0 0 0 0 0 0 0 0 0 0 0 0 0 0 0 0 0 0 0 0 0 0 0 0 0 0 0 0 0 0
0 0 0 0 0 0 0 0 0 0 0 0 0 0 0 0 0 0 0 0 0 0 0 0 0 0 0 0 0 0 0 0 0 0 0 0
##$SHL_EXPANDCF11= (0..143)
0 0 0 0 0 0 0 0 0 0 0 0 0 0 0 0 0 0 0 0 0 0 0 0 0 0 0 0 0 0 0 0 0 0 0 0
0 0 0 0 0 0 0 0 0 0 0 0 0 0 0 0 0 0 0 0 0 0 0 0 0 0 0 0 0 0 0 0 0 0 0 0
0 0 0 0 0 0 0 0 0 0 0 0 0 0 0 0 0 0 0 0 0 0 0 0 0 0 0 0 0 0 0 0 0 0 0 0
0 0 0 0 0 0 0 0 0 0 0 0 0 0 0 0 0 0 0 0 0 0 0 0 0 0 0 0 0 0 0 0 0 0 0 0
##$SHL_EXPANDCF12= (0..143)
0 0 0 0 0 0 0 0 0 0 0 0 0 0 0 0 0 0 0 0 0 0 0 0 0 0 0 0 0 0 0 0 0 0 0 0
0 0 0 0 0 0 0 0 0 0 0 0 0 0 0 0 0 0 0 0 0 0 0 0 0 0 0 0 0 0 0 0 0 0 0 0
0 0 0 0 0 0 0 0 0 0 0 0 0 0 0 0 0 0 0 0 0 0 0 0 0 0 0 0 0 0 0 0 0 0 0 0
0 0 0 0 0 0 0 0 0 0 0 0 0 0 0 0 0 0 0 0 0 0 0 0 0 0 0 0 0 0 0 0 0 0 0 0
##$SHL_EXPANDCF13= (0..143)
0 0 0 0 0 0 0 0 0 0 0 0 0 0 0 0 0 0 0 0 0 0 0 0 0 0 0 0 0 0 0 0 0 0 0 0
0 0 0 0 0 0 0 0 0 0 0 0 0 0 0 0 0 0 0 0 0 0 0 0 0 0 0 0 0 0 0 0 0 0 0 0
0 0 0 0 0 0 0 0 0 0 0 0 0 0 0 0 0 0 0 0 0 0 0 0 0 0 0 0 0 0 0 0 0 0 0 0
0 0 0 0 0 0 0 0 0 0 0 0 0 0 0 0 0 0 0 0 0 0 0 0 0 0 0 0 0 0 0 0 0 0 0 0
##$SHL_EXPANDCF14= (0..143)
0 0 0 0 0 0 0 0 0 0 0 0 0 0 0 0 0 0 0 0 0 0 0 0 0 0 0 0 0 0 0 0 0 0 0 0
0 0 0 0 0 0 0 0 0 0 0 0 0 0 0 0 0 0 0 0 0 0 0 0 0 0 0 0 0 0 0 0 0 0 0 0
0 0 0 0 0 0 0 0 0 0 0 0 0 0 0 0 0 0 0 0 0 0 0 0 0 0 0 0 0 0 0 0 0 0 0 0
0 0 0 0 0 0 0 0 0 0 0 0 0 0 0 0 0 0 0 0 0 0 0 0 0 0 0 0 0 0 0 0 0 0 0 0
##$SHL_EXPANDCF15= (0..143)
0 0 0 0 0 0 0 0 0 0 0 0 0 0 0 0 0 0 0 0 0 0 0 0 0 0 0 0 0 0 0 0 0 0 0 0
0 0 0 0 0 0 0 0 0 0 0 0 0 0 0 0 0 0 0 0 0 0 0 0 0 0 0 0 0 0 0 0 0 0 0 0
0 0 0 0 0 0 0 0 0 0 0 0 0 0 0 0 0 0 0 0 0 0 0 0 0 0 0 0 0 0 0 0 0 0 0 0
0 0 0 0 0 0 0 0 0 0 0 0 0 0 0 0 0 0 0 0 0 0 0 0 0 0 0 0 0 0 0 0 0 0 0 0
##$SHL_EXPANDCF2= (0..143)
0 0 0 0 0 0 0 0 0 0 0 0 0 0 0 0 0 0 0 0 0 0 0 0 0 0 0 0 0 0 0 0 0 0 0 0
0 0 0 0 0 0 0 0 0 0 0 0 0 0 0 0 0 0 0 0 0 0 0 0 0 0 0 0 0 0 0 0 0 0 0 0
0 0 0 0 0 0 0 0 0 0 0 0 0 0 0 0 0 0 0 0 0 0 0 0 0 0 0 0 0 0 0 0 0 0 0 0
0 0 0 0 0 0 0 0 0 0 0 0 0 0 0 0 0 0 0 0 0 0 0 0 0 0 0 0 0 0 0 0 0 0 0 0
##$SHL_EXPANDCF3= (0..143)
0 0 0 0 0 0 0 0 0 0 0 0 0 0 0 0 0 0 0 0 0 0 0 0 0 0 0 0 0 0 0 0 0 0 0 0
0 0 0 0 0 0 0 0 0 0 0 0 0 0 0 0 0 0 0 0 0 0 0 0 0 0 0 0 0 0 0 0 0 0 0 0
0 0 0 0 0 0 0 0 0 0 0 0 0 0 0 0 0 0 0 0 0 0 0 0 0 0 0 0 0 0 0 0 0 0 0 0
0 0 0 0 0 0 0 0 0 0 0 0 0 0 0 0 0 0 0 0 0 0 0 0 0 0 0 0 0 0 0 0 0 0 0 0
##$SHL_EXPANDCF4= (0..143)
0 0 0 0 0 0 0 0 0 0 0 0 0 0 0 0 0 0 0 0 0 0 0 0 0 0 0 0 0 0 0 0 0 0 0 0
0 0 0 0 0 0 0 0 0 0 0 0 0 0 0 0 0 0 0 0 0 0 0 0 0 0 0 0 0 0 0 0 0 0 0 0
0 0 0 0 0 0 0 0 0 0 0 0 0 0 0 0 0 0 0 0 0 0 0 0 0 0 0 0 0 0 0 0 0 0 0 0
0 0 0 0 0 0 0 0 0 0 0 0 0 0 0 0 0 0 0 0 0 0 0 0 0 0 0 0 0 0 0 0 0 0 0 0
##$SHL_EXPANDCF5= (0..143)
0 0 0 0 0 0 0 0 0 0 0 0 0 0 0 0 0 0 0 0 0 0 0 0 0 0 0 0 0 0 0 0 0 0 0 0
0 0 0 0 0 0 0 0 0 0 0 0 0 0 0 0 0 0 0 0 0 0 0 0 0 0 0 0 0 0 0 0 0 0 0 0
0 0 0 0 0 0 0 0 0 0 0 0 0 0 0 0 0 0 0 0 0 0 0 0 0 0 0 0 0 0 0 0 0 0 0 0
0 0 0 0 0 0 0 0 0 0 0 0 0 0 0 0 0 0 0 0 0 0 0 0 0 0 0 0 0 0 0 0 0 0 0 0
##$SHL_EXPANDCF6= (0..143)
0 0 0 0 0 0 0 0 0 0 0 0 0 0 0 0 0 0 0 0 0 0 0 0 0 0 0 0 0 0 0 0 0 0 0 0
0 0 0 0 0 0 0 0 0 0 0 0 0 0 0 0 0 0 0 0 0 0 0 0 0 0 0 0 0 0 0 0 0 0 0 0
0 0 0 0 0 0 0 0 0 0 0 0 0 0 0 0 0 0 0 0 0 0 0 0 0 0 0 0 0 0 0 0 0 0 0 0
0 0 0 0 0 0 0 0 0 0 0 0 0 0 0 0 0 0 0 0 0 0 0 0 0 0 0 0 0 0 0 0 0 0 0 0
##$SHL_EXPANDCF7= (0..143)
0 0 0 0 0 0 0 0 0 0 0 0 0 0 0 0 0 0 0 0 0 0 0 0 0 0 0 0 0 0 0 0 0 0 0 0
0 0 0 0 0 0 0 0 0 0 0 0 0 0 0 0 0 0 0 0 0 0 0 0 0 0 0 0 0 0 0 0 0 0 0 0
0 0 0 0 0 0 0 0 0 0 0 0 0 0 0 0 0 0 0 0 0 0 0 0 0 0 0 0 0 0 0 0 0 0 0 0
0 0 0 0 0 0 0 0 0 0 0 0 0 0 0 0 0 0 0 0 0 0 0 0 0 0 0 0 0 0 0 0 0 0 0 0
##$SHL_EXPANDCF8= (0..143)
0 0 0 0 0 0 0 0 0 0 0 0 0 0 0 0 0 0 0 0 0 0 0 0 0 0 0 0 0 0 0 0 0 0 0 0
0 0 0 0 0 0 0 0 0 0 0 0 0 0 0 0 0 0 0 0 0 0 0 0 0 0 0 0 0 0 0 0 0 0 0 0
0 0 0 0 0 0 0 0 0 0 0 0 0 0 0 0 0 0 0 0 0 0 0 0 0 0 0 0 0 0 0 0 0 0 0 0
0 0 0 0 0 0 0 0 0 0 0 0 0 0 0 0 0 0 0 0 0 0 0 0 0 0 0 0 0 0 0 0 0 0 0 0
##$SHL_EXPANDCF9= (0..143)
0 0 0 0 0 0 0 0 0 0 0 0 0 0 0 0 0 0 0 0 0 0 0 0 0 0 0 0 0 0 0 0 0 0 0 0
0 0 0 0 0 0 0 0 0 0 0 0 0 0 0 0 0 0 0 0 0 0 0 0 0 0 0 0 0 0 0 0 0 0 0 0
0 0 0 0 0 0 0 0 0 0 0 0 0 0 0 0 0 0 0 0 0 0 0 0 0 0 0 0 0 0 0 0 0 0 0 0
0 0 0 0 0 0 0 0 0 0 0 0 0 0 0 0 0 0 0 0 0 0 0 0 0 0 0 0 0 0 0 0 0 0 0 0
##$SHL_EXPFAC= (0..15)
0 0 0 0 0 0 0 0 0 0 0 0 0 0 0 0
##$SHL_FRACEND= (0..15)
0 0 0 0 0 0 0 0 0 0 0 0 0 0 0 0
##$SHL_FRACORG= (0..15)
0 0 0 0 0 0 0 0 0 0 0 0 0 0 0 0
##$SHL_FRACSTART= (0..15)
0 0 0 0 0 0 0 0 0 0 0 0 0 0 0 0
##$SHL_FULLHALF= (0..15)
0 0 0 0 0 0 0 0 0 0 0 0 0 0 0 0
##$SHL_FUNCAMP= (0..15)
100 0 0 0 0 0 0 0 0 0 0 0 0 0 0 0
##$SHL_FUNCTION= (0..15)
<Rectangle> <> <> <> <> <> <> <> <> <> <> <> <> <> <> <>
##$SHL_GCO= (0..15)
<> <> <> <> <> <> <> <> <> <> <> <> <> <> <> <>
##$SHL_GCOCOEFFS0= (0..59)
0 0 0 0 0 0 0 0 0 0 0 0 0 0 0 0 0 0 0 0 0 0 0 0 0 0 0 0 0 0 0 0 0 0 0 0
0 0 0 0 0 0 0 0 0 0 0 0 0 0 0 0 0 0 0 0 0 0 0 0
##$SHL_GCOCOEFFS1= (0..59)
0 0 0 0 0 0 0 0 0 0 0 0 0 0 0 0 0 0 0 0 0 0 0 0 0 0 0 0 0 0 0 0 0 0 0 0
0 0 0 0 0 0 0 0 0 0 0 0 0 0 0 0 0 0 0 0 0 0 0 0
##$SHL_GCOCOEFFS10= (0..59)
0 0 0 0 0 0 0 0 0 0 0 0 0 0 0 0 0 0 0 0 0 0 0 0 0 0 0 0 0 0 0 0 0 0 0 0
0 0 0 0 0 0 0 0 0 0 0 0 0 0 0 0 0 0 0 0 0 0 0 0
##$SHL_GCOCOEFFS11= (0..59)
0 0 0 0 0 0 0 0 0 0 0 0 0 0 0 0 0 0 0 0 0 0 0 0 0 0 0 0 0 0 0 0 0 0 0 0
0 0 0 0 0 0 0 0 0 0 0 0 0 0 0 0 0 0 0 0 0 0 0 0
##$SHL_GCOCOEFFS12= (0..59)
0 0 0 0 0 0 0 0 0 0 0 0 0 0 0 0 0 0 0 0 0 0 0 0 0 0 0 0 0 0 0 0 0 0 0 0
0 0 0 0 0 0 0 0 0 0 0 0 0 0 0 0 0 0 0 0 0 0 0 0
##$SHL_GCOCOEFFS13= (0..59)
0 0 0 0 0 0 0 0 0 0 0 0 0 0 0 0 0 0 0 0 0 0 0 0 0 0 0 0 0 0 0 0 0 0 0 0
0 0 0 0 0 0 0 0 0 0 0 0 0 0 0 0 0 0 0 0 0 0 0 0
##$SHL_GCOCOEFFS14= (0..59)
0 0 0 0 0 0 0 0 0 0 0 0 0 0 0 0 0 0 0 0 0 0 0 0 0 0 0 0 0 0 0 0 0 0 0 0
0 0 0 0 0 0 0 0 0 0 0 0 0 0 0 0 0 0 0 0 0 0 0 0
##$SHL_GCOCOEFFS15= (0..59)
0 0 0 0 0 0 0 0 0 0 0 0 0 0 0 0 0 0 0 0 0 0 0 0 0 0 0 0 0 0 0 0 0 0 0 0
0 0 0 0 0 0 0 0 0 0 0 0 0 0 0 0 0 0 0 0 0 0 0 0
##$SHL_GCOCOEFFS2= (0..59)
0 0 0 0 0 0 0 0 0 0 0 0 0 0 0 0 0 0 0 0 0 0 0 0 0 0 0 0 0 0 0 0 0 0 0 0
0 0 0 0 0 0 0 0 0 0 0 0 0 0 0 0 0 0 0 0 0 0 0 0
##$SHL_GCOCOEFFS3= (0..59)
0 0 0 0 0 0 0 0 0 0 0 0 0 0 0 0 0 0 0 0 0 0 0 0 0 0 0 0 0 0 0 0 0 0 0 0
0 0 0 0 0 0 0 0 0 0 0 0 0 0 0 0 0 0 0 0 0 0 0 0
##$SHL_GCOCOEFFS4= (0..59)
0 0 0 0 0 0 0 0 0 0 0 0 0 0 0 0 0 0 0 0 0 0 0 0 0 0 0 0 0 0 0 0 0 0 0 0
0 0 0 0 0 0 0 0 0 0 0 0 0 0 0 0 0 0 0 0 0 0 0 0
##$SHL_GCOCOEFFS5= (0..59)
0 0 0 0 0 0 0 0 0 0 0 0 0 0 0 0 0 0 0 0 0 0 0 0 0 0 0 0 0 0 0 0 0 0 0 0
0 0 0 0 0 0 0 0 0 0 0 0 0 0 0 0 0 0 0 0 0 0 0 0
##$SHL_GCOCOEFFS6= (0..59)
0 0 0 0 0 0 0 0 0 0 0 0 0 0 0 0 0 0 0 0 0 0 0 0 0 0 0 0 0 0 0 0 0 0 0 0
0 0 0 0 0 0 0 0 0 0 0 0 0 0 0 0 0 0 0 0 0 0 0 0
##$SHL_GCOCOEFFS7= (0..59)
0 0 0 0 0 0 0 0 0 0 0 0 0 0 0 0 0 0 0 0 0 0 0 0 0 0 0 0 0 0 0 0 0 0 0 0
0 0 0 0 0 0 0 0 0 0 0 0 0 0 0 0 0 0 0 0 0 0 0 0
##$SHL_GCOCOEFFS8= (0..59)
0 0 0 0 0 0 0 0 0 0 0 0 0 0 0 0 0 0 0 0 0 0 0 0 0 0 0 0 0 0 0 0 0 0 0 0
0 0 0 0 0 0 0 0 0 0 0 0 0 0 0 0 0 0 0 0 0 0 0 0
##$SHL_GCOCOEFFS9= (0..59)
0 0 0 0 0 0 0 0 0 0 0 0 0 0 0 0 0 0 0 0 0 0 0 0 0 0 0 0 0 0 0 0 0 0 0 0
0 0 0 0 0 0 0 0 0 0 0 0 0 0 0 0 0 0 0 0 0 0 0 0
##$SHL_INTEGFAC= (0..15)
1 0 0 0 0 0 0 0 0 0 0 0 0 0 0 0
##$SHL_LB= (0..15)
0 0 0 0 0 0 0 0 0 0 0 0 0 0 0 0
##$SHL_LEFTLIMIT= (0..15)
0 0 0 0 0 0 0 0 0 0 0 0 0 0 0 0
##$SHL_LENGTH= (0..15)
25000.000373 0 0 0 0 0 0 0 0 0 0 0 0 0 0 0
##$SHL_MAN= (0..15)
<> <> <> <> <> <> <> <> <> <> <> <> <> <> <> <>
##$SHL_MEANAMP= (0..15)
0 0 0 0 0 0 0 0 0 0 0 0 0 0 0 0
##$SHL_MODAMP= (0..15)
0 0 0 0 0 0 0 0 0 0 0 0 0 0 0 0
##$SHL_MODE= (0..15)
0 0 0 0 0 0 0 0 0 0 0 0 0 0 0 0
##$SHL_MODFREQ= (0..15)
0 0 0 0 0 0 0 0 0 0 0 0 0 0 0 0
##$SHL_MODPHASE= (0..15)
0 0 0 0 0 0 0 0 0 0 0 0 0 0 0 0
##$SHL_MODSCALE= (0..15)
0 0 0 0 0 0 0 0 0 0 0 0 0 0 0 0
##$SHL_MODSW= (0..15)
0 0 0 0 0 0 0 0 0 0 0 0 0 0 0 0
##$SHL_MODSWDIR= (0..15)
-1 -1 -1 -1 -1 -1 -1 -1 -1 -1 -1 -1 -1 -1 -1 -1
##$SHL_MU= (0..15)
0 0 0 0 0 0 0 0 0 0 0 0 0 0 0 0
##$SHL_NPOINTS= (0..15)
1250 0 0 0 0 0 0 0 0 0 0 0 0 0 0 0
##$SHL_OFFS= (0..15)
<> <> <> <> <> <> <> <> <> <> <> <> <> <> <> <>
##$SHL_OFFSCOEFF0= (0..95)
0 0 0 0 0 0 0 0 0 0 0 0 0 0 0 0 0 0 0 0 0 0 0 0 0 0 0 0 0 0 0 0 0 0 0 0
0 0 0 0 0 0 0 0 0 0 0 0 0 0 0 0 0 0 0 0 0 0 0 0 0 0 0 0 0 0 0 0 0 0 0 0
0 0 0 0 0 0 0 0 0 0 0 0 0 0 0 0 0 0 0 0 0 0 0 0
##$SHL_OFFSCOEFF1= (0..95)
0 0 0 0 0 0 0 0 0 0 0 0 0 0 0 0 0 0 0 0 0 0 0 0 0 0 0 0 0 0 0 0 0 0 0 0
0 0 0 0 0 0 0 0 0 0 0 0 0 0 0 0 0 0 0 0 0 0 0 0 0 0 0 0 0 0 0 0 0 0 0 0
0 0 0 0 0 0 0 0 0 0 0 0 0 0 0 0 0 0 0 0 0 0 0 0
##$SHL_OFFSCOEFF10= (0..95)
0 0 0 0 0 0 0 0 0 0 0 0 0 0 0 0 0 0 0 0 0 0 0 0 0 0 0 0 0 0 0 0 0 0 0 0
0 0 0 0 0 0 0 0 0 0 0 0 0 0 0 0 0 0 0 0 0 0 0 0 0 0 0 0 0 0 0 0 0 0 0 0
0 0 0 0 0 0 0 0 0 0 0 0 0 0 0 0 0 0 0 0 0 0 0 0
##$SHL_OFFSCOEFF11= (0..95)
0 0 0 0 0 0 0 0 0 0 0 0 0 0 0 0 0 0 0 0 0 0 0 0 0 0 0 0 0 0 0 0 0 0 0 0
0 0 0 0 0 0 0 0 0 0 0 0 0 0 0 0 0 0 0 0 0 0 0 0 0 0 0 0 0 0 0 0 0 0 0 0
0 0 0 0 0 0 0 0 0 0 0 0 0 0 0 0 0 0 0 0 0 0 0 0
##$SHL_OFFSCOEFF12= (0..95)
0 0 0 0 0 0 0 0 0 0 0 0 0 0 0 0 0 0 0 0 0 0 0 0 0 0 0 0 0 0 0 0 0 0 0 0
0 0 0 0 0 0 0 0 0 0 0 0 0 0 0 0 0 0 0 0 0 0 0 0 0 0 0 0 0 0 0 0 0 0 0 0
0 0 0 0 0 0 0 0 0 0 0 0 0 0 0 0 0 0 0 0 0 0 0 0
##$SHL_OFFSCOEFF13= (0..95)
0 0 0 0 0 0 0 0 0 0 0 0 0 0 0 0 0 0 0 0 0 0 0 0 0 0 0 0 0 0 0 0 0 0 0 0
0 0 0 0 0 0 0 0 0 0 0 0 0 0 0 0 0 0 0 0 0 0 0 0 0 0 0 0 0 0 0 0 0 0 0 0
0 0 0 0 0 0 0 0 0 0 0 0 0 0 0 0 0 0 0 0 0 0 0 0
##$SHL_OFFSCOEFF14= (0..95)
0 0 0 0 0 0 0 0 0 0 0 0 0 0 0 0 0 0 0 0 0 0 0 0 0 0 0 0 0 0 0 0 0 0 0 0
0 0 0 0 0 0 0 0 0 0 0 0 0 0 0 0 0 0 0 0 0 0 0 0 0 0 0 0 0 0 0 0 0 0 0 0
0 0 0 0 0 0 0 0 0 0 0 0 0 0 0 0 0 0 0 0 0 0 0 0
##$SHL_OFFSCOEFF15= (0..95)
0 0 0 0 0 0 0 0 0 0 0 0 0 0 0 0 0 0 0 0 0 0 0 0 0 0 0 0 0 0 0 0 0 0 0 0
0 0 0 0 0 0 0 0 0 0 0 0 0 0 0 0 0 0 0 0 0 0 0 0 0 0 0 0 0 0 0 0 0 0 0 0
0 0 0 0 0 0 0 0 0 0 0 0 0 0 0 0 0 0 0 0 0 0 0 0
##$SHL_OFFSCOEFF2= (0..95)
0 0 0 0 0 0 0 0 0 0 0 0 0 0 0 0 0 0 0 0 0 0 0 0 0 0 0 0 0 0 0 0 0 0 0 0
0 0 0 0 0 0 0 0 0 0 0 0 0 0 0 0 0 0 0 0 0 0 0 0 0 0 0 0 0 0 0 0 0 0 0 0
0 0 0 0 0 0 0 0 0 0 0 0 0 0 0 0 0 0 0 0 0 0 0 0
##$SHL_OFFSCOEFF3= (0..95)
0 0 0 0 0 0 0 0 0 0 0 0 0 0 0 0 0 0 0 0 0 0 0 0 0 0 0 0 0 0 0 0 0 0 0 0
0 0 0 0 0 0 0 0 0 0 0 0 0 0 0 0 0 0 0 0 0 0 0 0 0 0 0 0 0 0 0 0 0 0 0 0
0 0 0 0 0 0 0 0 0 0 0 0 0 0 0 0 0 0 0 0 0 0 0 0
##$SHL_OFFSCOEFF4= (0..95)
0 0 0 0 0 0 0 0 0 0 0 0 0 0 0 0 0 0 0 0 0 0 0 0 0 0 0 0 0 0 0 0 0 0 0 0
0 0 0 0 0 0 0 0 0 0 0 0 0 0 0 0 0 0 0 0 0 0 0 0 0 0 0 0 0 0 0 0 0 0 0 0
0 0 0 0 0 0 0 0 0 0 0 0 0 0 0 0 0 0 0 0 0 0 0 0
##$SHL_OFFSCOEFF5= (0..95)
0 0 0 0 0 0 0 0 0 0 0 0 0 0 0 0 0 0 0 0 0 0 0 0 0 0 0 0 0 0 0 0 0 0 0 0
0 0 0 0 0 0 0 0 0 0 0 0 0 0 0 0 0 0 0 0 0 0 0 0 0 0 0 0 0 0 0 0 0 0 0 0
0 0 0 0 0 0 0 0 0 0 0 0 0 0 0 0 0 0 0 0 0 0 0 0
##$SHL_OFFSCOEFF6= (0..95)
0 0 0 0 0 0 0 0 0 0 0 0 0 0 0 0 0 0 0 0 0 0 0 0 0 0 0 0 0 0 0 0 0 0 0 0
0 0 0 0 0 0 0 0 0 0 0 0 0 0 0 0 0 0 0 0 0 0 0 0 0 0 0 0 0 0 0 0 0 0 0 0
0 0 0 0 0 0 0 0 0 0 0 0 0 0 0 0 0 0 0 0 0 0 0 0
##$SHL_OFFSCOEFF7= (0..95)
0 0 0 0 0 0 0 0 0 0 0 0 0 0 0 0 0 0 0 0 0 0 0 0 0 0 0 0 0 0 0 0 0 0 0 0
0 0 0 0 0 0 0 0 0 0 0 0 0 0 0 0 0 0 0 0 0 0 0 0 0 0 0 0 0 0 0 0 0 0 0 0
0 0 0 0 0 0 0 0 0 0 0 0 0 0 0 0 0 0 0 0 0 0 0 0
##$SHL_OFFSCOEFF8= (0..95)
0 0 0 0 0 0 0 0 0 0 0 0 0 0 0 0 0 0 0 0 0 0 0 0 0 0 0 0 0 0 0 0 0 0 0 0
0 0 0 0 0 0 0 0 0 0 0 0 0 0 0 0 0 0 0 0 0 0 0 0 0 0 0 0 0 0 0 0 0 0 0 0
0 0 0 0 0 0 0 0 0 0 0 0 0 0 0 0 0 0 0 0 0 0 0 0
##$SHL_OFFSCOEFF9= (0..95)
0 0 0 0 0 0 0 0 0 0 0 0 0 0 0 0 0 0 0 0 0 0 0 0 0 0 0 0 0 0 0 0 0 0 0 0
0 0 0 0 0 0 0 0 0 0 0 0 0 0 0 0 0 0 0 0 0 0 0 0 0 0 0 0 0 0 0 0 0 0 0 0
0 0 0 0 0 0 0 0 0 0 0 0 0 0 0 0 0 0 0 0 0 0 0 0
##$SHL_PHASE= (0..15)
0 0 0 0 0 0 0 0 0 0 0 0 0 0 0 0
##$SHL_PHASEFAC= (0..15)
0 0 0 0 0 0 0 0 0 0 0 0 0 0 0 0
##$SHL_POWERINDEX= (0..15)
0 0 0 0 0 0 0 0 0 0 0 0 0 0 0 0
##$SHL_QUADCOEFF= (0..15)
0 0 0 0 0 0 0 0 0 0 0 0 0 0 0 0
##$SHL_RIGHTLIMIT= (0..15)
0 0 0 0 0 0 0 0 0 0 0 0 0 0 0 0
##$SHL_SCALEFACTOR= (0..15)
1 1 1 1 1 1 1 1 1 1 1 1 1 1 1 1
##$SHL_SF= (0..15)
<> <> <> <> <> <> <> <> <> <> <> <> <> <> <> <>
##$SHL_SFCOEFFS0= (0..200)
0 0 0 0 0 0 0 0 0 0 0 0 0 0 0 0 0 0 0 0 0 0 0 0 0 0 0 0 0 0 0 0 0 0 0 0
0 0 0 0 0 0 0 0 0 0 0 0 0 0 0 0 0 0 0 0 0 0 0 0 0 0 0 0 0 0 0 0 0 0 0 0
0 0 0 0 0 0 0 0 0 0 0 0 0 0 0 0 0 0 0 0 0 0 0 0 0 0 0 0 0 0 0 0 0 0 0 0
0 0 0 0 0 0 0 0 0 0 0 0 0 0 0 0 0 0 0 0 0 0 0 0 0 0 0 0 0 0 0 0 0 0 0 0
0 0 0 0 0 0 0 0 0 0 0 0 0 0 0 0 0 0 0 0 0 0 0 0 0 0 0 0 0 0 0 0 0 0 0 0
0 0 0 0 0 0 0 0 0 0 0 0 0 0 0 0 0 0 0 0 0
##$SHL_SFCOEFFS1= (0..200)
0 0 0 0 0 0 0 0 0 0 0 0 0 0 0 0 0 0 0 0 0 0 0 0 0 0 0 0 0 0 0 0 0 0 0 0
0 0 0 0 0 0 0 0 0 0 0 0 0 0 0 0 0 0 0 0 0 0 0 0 0 0 0 0 0 0 0 0 0 0 0 0
0 0 0 0 0 0 0 0 0 0 0 0 0 0 0 0 0 0 0 0 0 0 0 0 0 0 0 0 0 0 0 0 0 0 0 0
0 0 0 0 0 0 0 0 0 0 0 0 0 0 0 0 0 0 0 0 0 0 0 0 0 0 0 0 0 0 0 0 0 0 0 0
0 0 0 0 0 0 0 0 0 0 0 0 0 0 0 0 0 0 0 0 0 0 0 0 0 0 0 0 0 0 0 0 0 0 0 0
0 0 0 0 0 0 0 0 0 0 0 0 0 0 0 0 0 0 0 0 0
##$SHL_SFCOEFFS10= (0..200)
0 0 0 0 0 0 0 0 0 0 0 0 0 0 0 0 0 0 0 0 0 0 0 0 0 0 0 0 0 0 0 0 0 0 0 0
0 0 0 0 0 0 0 0 0 0 0 0 0 0 0 0 0 0 0 0 0 0 0 0 0 0 0 0 0 0 0 0 0 0 0 0
0 0 0 0 0 0 0 0 0 0 0 0 0 0 0 0 0 0 0 0 0 0 0 0 0 0 0 0 0 0 0 0 0 0 0 0
0 0 0 0 0 0 0 0 0 0 0 0 0 0 0 0 0 0 0 0 0 0 0 0 0 0 0 0 0 0 0 0 0 0 0 0
0 0 0 0 0 0 0 0 0 0 0 0 0 0 0 0 0 0 0 0 0 0 0 0 0 0 0 0 0 0 0 0 0 0 0 0
0 0 0 0 0 0 0 0 0 0 0 0 0 0 0 0 0 0 0 0 0
##$SHL_SFCOEFFS11= (0..200)
0 0 0 0 0 0 0 0 0 0 0 0 0 0 0 0 0 0 0 0 0 0 0 0 0 0 0 0 0 0 0 0 0 0 0 0
0 0 0 0 0 0 0 0 0 0 0 0 0 0 0 0 0 0 0 0 0 0 0 0 0 0 0 0 0 0 0 0 0 0 0 0
0 0 0 0 0 0 0 0 0 0 0 0 0 0 0 0 0 0 0 0 0 0 0 0 0 0 0 0 0 0 0 0 0 0 0 0
0 0 0 0 0 0 0 0 0 0 0 0 0 0 0 0 0 0 0 0 0 0 0 0 0 0 0 0 0 0 0 0 0 0 0 0
0 0 0 0 0 0 0 0 0 0 0 0 0 0 0 0 0 0 0 0 0 0 0 0 0 0 0 0 0 0 0 0 0 0 0 0
0 0 0 0 0 0 0 0 0 0 0 0 0 0 0 0 0 0 0 0 0
##$SHL_SFCOEFFS12= (0..200)
0 0 0 0 0 0 0 0 0 0 0 0 0 0 0 0 0 0 0 0 0 0 0 0 0 0 0 0 0 0 0 0 0 0 0 0
0 0 0 0 0 0 0 0 0 0 0 0 0 0 0 0 0 0 0 0 0 0 0 0 0 0 0 0 0 0 0 0 0 0 0 0
0 0 0 0 0 0 0 0 0 0 0 0 0 0 0 0 0 0 0 0 0 0 0 0 0 0 0 0 0 0 0 0 0 0 0 0
0 0 0 0 0 0 0 0 0 0 0 0 0 0 0 0 0 0 0 0 0 0 0 0 0 0 0 0 0 0 0 0 0 0 0 0
0 0 0 0 0 0 0 0 0 0 0 0 0 0 0 0 0 0 0 0 0 0 0 0 0 0 0 0 0 0 0 0 0 0 0 0
0 0 0 0 0 0 0 0 0 0 0 0 0 0 0 0 0 0 0 0 0
##$SHL_SFCOEFFS13= (0..200)
0 0 0 0 0 0 0 0 0 0 0 0 0 0 0 0 0 0 0 0 0 0 0 0 0 0 0 0 0 0 0 0 0 0 0 0
0 0 0 0 0 0 0 0 0 0 0 0 0 0 0 0 0 0 0 0 0 0 0 0 0 0 0 0 0 0 0 0 0 0 0 0
0 0 0 0 0 0 0 0 0 0 0 0 0 0 0 0 0 0 0 0 0 0 0 0 0 0 0 0 0 0 0 0 0 0 0 0
0 0 0 0 0 0 0 0 0 0 0 0 0 0 0 0 0 0 0 0 0 0 0 0 0 0 0 0 0 0 0 0 0 0 0 0
0 0 0 0 0 0 0 0 0 0 0 0 0 0 0 0 0 0 0 0 0 0 0 0 0 0 0 0 0 0 0 0 0 0 0 0
0 0 0 0 0 0 0 0 0 0 0 0 0 0 0 0 0 0 0 0 0
##$SHL_SFCOEFFS14= (0..200)
0 0 0 0 0 0 0 0 0 0 0 0 0 0 0 0 0 0 0 0 0 0 0 0 0 0 0 0 0 0 0 0 0 0 0 0
0 0 0 0 0 0 0 0 0 0 0 0 0 0 0 0 0 0 0 0 0 0 0 0 0 0 0 0 0 0 0 0 0 0 0 0
0 0 0 0 0 0 0 0 0 0 0 0 0 0 0 0 0 0 0 0 0 0 0 0 0 0 0 0 0 0 0 0 0 0 0 0
0 0 0 0 0 0 0 0 0 0 0 0 0 0 0 0 0 0 0 0 0 0 0 0 0 0 0 0 0 0 0 0 0 0 0 0
0 0 0 0 0 0 0 0 0 0 0 0 0 0 0 0 0 0 0 0 0 0 0 0 0 0 0 0 0 0 0 0 0 0 0 0
0 0 0 0 0 0 0 0 0 0 0 0 0 0 0 0 0 0 0 0 0
##$SHL_SFCOEFFS15= (0..200)
0 0 0 0 0 0 0 0 0 0 0 0 0 0 0 0 0 0 0 0 0 0 0 0 0 0 0 0 0 0 0 0 0 0 0 0
0 0 0 0 0 0 0 0 0 0 0 0 0 0 0 0 0 0 0 0 0 0 0 0 0 0 0 0 0 0 0 0 0 0 0 0
0 0 0 0 0 0 0 0 0 0 0 0 0 0 0 0 0 0 0 0 0 0 0 0 0 0 0 0 0 0 0 0 0 0 0 0
0 0 0 0 0 0 0 0 0 0 0 0 0 0 0 0 0 0 0 0 0 0 0 0 0 0 0 0 0 0 0 0 0 0 0 0
0 0 0 0 0 0 0 0 0 0 0 0 0 0 0 0 0 0 0 0 0 0 0 0 0 0 0 0 0 0 0 0 0 0 0 0
0 0 0 0 0 0 0 0 0 0 0 0 0 0 0 0 0 0 0 0 0
##$SHL_SFCOEFFS2= (0..200)
0 0 0 0 0 0 0 0 0 0 0 0 0 0 0 0 0 0 0 0 0 0 0 0 0 0 0 0 0 0 0 0 0 0 0 0
0 0 0 0 0 0 0 0 0 0 0 0 0 0 0 0 0 0 0 0 0 0 0 0 0 0 0 0 0 0 0 0 0 0 0 0
0 0 0 0 0 0 0 0 0 0 0 0 0 0 0 0 0 0 0 0 0 0 0 0 0 0 0 0 0 0 0 0 0 0 0 0
0 0 0 0 0 0 0 0 0 0 0 0 0 0 0 0 0 0 0 0 0 0 0 0 0 0 0 0 0 0 0 0 0 0 0 0
0 0 0 0 0 0 0 0 0 0 0 0 0 0 0 0 0 0 0 0 0 0 0 0 0 0 0 0 0 0 0 0 0 0 0 0
0 0 0 0 0 0 0 0 0 0 0 0 0 0 0 0 0 0 0 0 0
##$SHL_SFCOEFFS3= (0..200)
0 0 0 0 0 0 0 0 0 0 0 0 0 0 0 0 0 0 0 0 0 0 0 0 0 0 0 0 0 0 0 0 0 0 0 0
0 0 0 0 0 0 0 0 0 0 0 0 0 0 0 0 0 0 0 0 0 0 0 0 0 0 0 0 0 0 0 0 0 0 0 0
0 0 0 0 0 0 0 0 0 0 0 0 0 0 0 0 0 0 0 0 0 0 0 0 0 0 0 0 0 0 0 0 0 0 0 0
0 0 0 0 0 0 0 0 0 0 0 0 0 0 0 0 0 0 0 0 0 0 0 0 0 0 0 0 0 0 0 0 0 0 0 0
0 0 0 0 0 0 0 0 0 0 0 0 0 0 0 0 0 0 0 0 0 0 0 0 0 0 0 0 0 0 0 0 0 0 0 0
0 0 0 0 0 0 0 0 0 0 0 0 0 0 0 0 0 0 0 0 0
##$SHL_SFCOEFFS4= (0..200)
0 0 0 0 0 0 0 0 0 0 0 0 0 0 0 0 0 0 0 0 0 0 0 0 0 0 0 0 0 0 0 0 0 0 0 0
0 0 0 0 0 0 0 0 0 0 0 0 0 0 0 0 0 0 0 0 0 0 0 0 0 0 0 0 0 0 0 0 0 0 0 0
0 0 0 0 0 0 0 0 0 0 0 0 0 0 0 0 0 0 0 0 0 0 0 0 0 0 0 0 0 0 0 0 0 0 0 0
0 0 0 0 0 0 0 0 0 0 0 0 0 0 0 0 0 0 0 0 0 0 0 0 0 0 0 0 0 0 0 0 0 0 0 0
0 0 0 0 0 0 0 0 0 0 0 0 0 0 0 0 0 0 0 0 0 0 0 0 0 0 0 0 0 0 0 0 0 0 0 0
0 0 0 0 0 0 0 0 0 0 0 0 0 0 0 0 0 0 0 0 0
##$SHL_SFCOEFFS5= (0..200)
0 0 0 0 0 0 0 0 0 0 0 0 0 0 0 0 0 0 0 0 0 0 0 0 0 0 0 0 0 0 0 0 0 0 0 0
0 0 0 0 0 0 0 0 0 0 0 0 0 0 0 0 0 0 0 0 0 0 0 0 0 0 0 0 0 0 0 0 0 0 0 0
0 0 0 0 0 0 0 0 0 0 0 0 0 0 0 0 0 0 0 0 0 0 0 0 0 0 0 0 0 0 0 0 0 0 0 0
0 0 0 0 0 0 0 0 0 0 0 0 0 0 0 0 0 0 0 0 0 0 0 0 0 0 0 0 0 0 0 0 0 0 0 0
0 0 0 0 0 0 0 0 0 0 0 0 0 0 0 0 0 0 0 0 0 0 0 0 0 0 0 0 0 0 0 0 0 0 0 0
0 0 0 0 0 0 0 0 0 0 0 0 0 0 0 0 0 0 0 0 0
##$SHL_SFCOEFFS6= (0..200)
0 0 0 0 0 0 0 0 0 0 0 0 0 0 0 0 0 0 0 0 0 0 0 0 0 0 0 0 0 0 0 0 0 0 0 0
0 0 0 0 0 0 0 0 0 0 0 0 0 0 0 0 0 0 0 0 0 0 0 0 0 0 0 0 0 0 0 0 0 0 0 0
0 0 0 0 0 0 0 0 0 0 0 0 0 0 0 0 0 0 0 0 0 0 0 0 0 0 0 0 0 0 0 0 0 0 0 0
0 0 0 0 0 0 0 0 0 0 0 0 0 0 0 0 0 0 0 0 0 0 0 0 0 0 0 0 0 0 0 0 0 0 0 0
0 0 0 0 0 0 0 0 0 0 0 0 0 0 0 0 0 0 0 0 0 0 0 0 0 0 0 0 0 0 0 0 0 0 0 0
0 0 0 0 0 0 0 0 0 0 0 0 0 0 0 0 0 0 0 0 0
##$SHL_SFCOEFFS7= (0..200)
0 0 0 0 0 0 0 0 0 0 0 0 0 0 0 0 0 0 0 0 0 0 0 0 0 0 0 0 0 0 0 0 0 0 0 0
0 0 0 0 0 0 0 0 0 0 0 0 0 0 0 0 0 0 0 0 0 0 0 0 0 0 0 0 0 0 0 0 0 0 0 0
0 0 0 0 0 0 0 0 0 0 0 0 0 0 0 0 0 0 0 0 0 0 0 0 0 0 0 0 0 0 0 0 0 0 0 0
0 0 0 0 0 0 0 0 0 0 0 0 0 0 0 0 0 0 0 0 0 0 0 0 0 0 0 0 0 0 0 0 0 0 0 0
0 0 0 0 0 0 0 0 0 0 0 0 0 0 0 0 0 0 0 0 0 0 0 0 0 0 0 0 0 0 0 0 0 0 0 0
0 0 0 0 0 0 0 0 0 0 0 0 0 0 0 0 0 0 0 0 0
##$SHL_SFCOEFFS8= (0..200)
0 0 0 0 0 0 0 0 0 0 0 0 0 0 0 0 0 0 0 0 0 0 0 0 0 0 0 0 0 0 0 0 0 0 0 0
0 0 0 0 0 0 0 0 0 0 0 0 0 0 0 0 0 0 0 0 0 0 0 0 0 0 0 0 0 0 0 0 0 0 0 0
0 0 0 0 0 0 0 0 0 0 0 0 0 0 0 0 0 0 0 0 0 0 0 0 0 0 0 0 0 0 0 0 0 0 0 0
0 0 0 0 0 0 0 0 0 0 0 0 0 0 0 0 0 0 0 0 0 0 0 0 0 0 0 0 0 0 0 0 0 0 0 0
0 0 0 0 0 0 0 0 0 0 0 0 0 0 0 0 0 0 0 0 0 0 0 0 0 0 0 0 0 0 0 0 0 0 0 0
0 0 0 0 0 0 0 0 0 0 0 0 0 0 0 0 0 0 0 0 0
##$SHL_SFCOEFFS9= (0..200)
0 0 0 0 0 0 0 0 0 0 0 0 0 0 0 0 0 0 0 0 0 0 0 0 0 0 0 0 0 0 0 0 0 0 0 0
0 0 0 0 0 0 0 0 0 0 0 0 0 0 0 0 0 0 0 0 0 0 0 0 0 0 0 0 0 0 0 0 0 0 0 0
0 0 0 0 0 0 0 0 0 0 0 0 0 0 0 0 0 0 0 0 0 0 0 0 0 0 0 0 0 0 0 0 0 0 0 0
0 0 0 0 0 0 0 0 0 0 0 0 0 0 0 0 0 0 0 0 0 0 0 0 0 0 0 0 0 0 0 0 0 0 0 0
0 0 0 0 0 0 0 0 0 0 0 0 0 0 0 0 0 0 0 0 0 0 0 0 0 0 0 0 0 0 0 0 0 0 0 0
0 0 0 0 0 0 0 0 0 0 0 0 0 0 0 0 0 0 0 0 0
##$SHL_SMOOTHED= (0..15)
0 0 0 0 0 0 0 0 0 0 0 0 0 0 0 0
##$SHL_SMOOTHING= (0..15)
0 0 0 0 0 0 0 0 0 0 0 0 0 0 0 0
##$SHL_SPOAL= (0..15)
0 0 0 0 0 0 0 0 0 0 0 0 0 0 0 0
##$SHL_SPOFFS= (0..15)
0 0 0 0 0 0 0 0 0 0 0 0 0 0 0 0
##$SHL_SPOPH= (0..15)
0 0 0 0 0 0 0 0 0 0 0 0 0 0 0 0
##$SHL_STARTAMP= (0..15)
0 0 0 0 0 0 0 0 0 0 0 0 0 0 0 0
##$SHL_SW= (0..15)
0 0 0 0 0 0 0 0 0 0 0 0 0 0 0 0
##$SHL_SWDIR= (0..15)
-1 -1 -1 -1 -1 -1 -1 -1 -1 -1 -1 -1 -1 -1 -1 -1
##$SHL_TANKAPPA= (0..15)
0 0 0 0 0 0 0 0 0 0 0 0 0 0 0 0
##$SHL_TOTROT= (0..15)
90 0 0 0 0 0 0 0 0 0 0 0 0 0 0 0
##$SHL_TRUNCLEV= (0..15)
0 0 0 0 0 0 0 0 0 0 0 0 0 0 0 0
##$SHL_TYPE= (0..15)
<Excitation> <> <> <> <> <> <> <> <> <> <> <> <> <> <> <>
##$SHL_WINDOWSIZE= (0..15)
0 0 0 0 0 0 0 0 0 0 0 0 0 0 0 0
##$SHL_ZETA= (0..15)
0 0 0 0 0 0 0 0 0 0 0 0 0 0 0 0
##NPOINTS= 1250
##XYPOINTS= (XY..XY)
38.417711, 184.932533
39.979388, 185.501096
41.529545, 186.069659
43.067734, 186.638221
44.593512, 187.206784
46.106441, 187.775347
47.606083, 188.343910
49.092007, 188.912473
50.563784, 189.481035
52.020990, 190.049598
53.463206, 190.618161
54.890016, 191.186724
56.301009, 191.755287
57.695777, 192.323849
59.073920, 192.892412
60.435040, 193.460975
61.778744, 194.029538
63.104647, 194.598101
64.412364, 195.166663
65.701521, 195.735226
66.971744, 196.303789
68.222669, 196.872352
69.453935, 197.440915
70.665186, 198.009477
71.856074, 198.578040
73.026256, 199.146603
74.175394, 199.715166
75.303158, 200.283729
76.409222, 200.852291
77.493268, 201.420854
78.554983, 201.989417
79.594061, 202.557980
80.610203, 203.126543
81.603116, 203.695105
82.572514, 204.263668
83.518118, 204.832231
84.439654, 205.400794
85.336859, 205.969357
86.209472, 206.537919
87.057243, 207.106482
87.879927, 207.675045
88.677287, 208.243608
89.449094, 208.812171
90.195125, 209.380733
90.915164, 209.949296
91.609006, 210.517859
92.276448, 211.086422
92.917300, 211.654985
93.531377, 212.223547
94.118502, 212.792110
94.678504, 213.360673
95.211224, 213.929236
95.716508, 214.497799
96.194209, 215.066361
96.644191, 215.634924
97.066323, 216.203487
97.460484, 216.772050
97.826561, 217.340613
98.164448, 217.909175
98.474047, 218.477738
98.755270, 219.046301
99.008035, 219.614864
99.232269, 220.183427
99.427908, 220.751989
99.594896, 221.320552
99.733184, 221.889115
99.842732, 222.457678
99.923510, 223.026241
99.975493, 223.594803
99.998667, 224.163366
99.993024, 224.731929
99.958568, 225.300492
99.895307, 225.869055
99.803260, 226.437617
99.682453, 227.006180
99.532921, 227.574743
99.354707, 228.143306
99.147863, 228.711868
98.912448, 229.280431
98.648530, 229.848994
98.356186, 230.417557
98.035498, 230.986120
97.686560, 231.554682
97.309473, 232.123245
96.904344, 232.691808
96.471291, 233.260371
96.010439, 233.828934
95.521920, 234.397496
95.005875, 234.966059
94.462452, 235.534622
93.891809, 236.103185
93.294110, 236.671748
92.669526, 237.240310
92.018239, 237.808873
91.340435, 238.377436
90.636311, 238.945999
89.906068, 239.514562
89.149918, 240.083124
88.368077, 240.651687
87.560773, 241.220250
86.728236, 241.788813
85.870708, 242.357376
84.988434, 242.925938
84.081671, 243.494501
83.150677, 244.063064
82.195723, 244.631627
81.217083, 245.200190
80.215039, 245.768752
79.189880, 246.337315
78.141902, 246.905878
77.071405, 247.474441
75.978700, 248.043004
74.864100, 248.611566
73.727927, 249.180129
72.570508, 249.748692
71.392178, 250.317255
70.193274, 250.885818
68.974143, 251.454380
67.735137, 252.022943
66.476612, 252.591506
65.198930, 253.160069
63.902461, 253.728632
62.587577, 254.297194
61.254658, 254.865757
59.904087, 255.434320
58.536254, 256.002883
57.151553, 256.571446
55.750383, 257.140008
54.333148, 257.708571
52.900256, 258.277134
51.452120, 258.845697
49.989157, 259.414260
48.511790, 259.982822
47.020443, 260.551385
45.515546, 261.119948
43.997534, 261.688511
42.466843, 262.257074
40.923914, 262.825636
39.369193, 263.394199
37.803127, 263.962762
36.226167, 264.531325
34.638769, 265.099888
33.041389, 265.668450
31.434487, 266.237013
29.818527, 266.805576
28.193975, 267.374139
26.561298, 267.942702
24.920967, 268.511264
23.273455, 269.079827
21.619236, 269.648390
19.958787, 270.216953
18.292587, 270.785515
16.621116, 271.354078
14.944855, 271.922641
13.264287, 272.491204
11.579897, 273.059767
9.892170, 273.628329
8.201593, 274.196892
6.508652, 274.765455
4.813836, 275.334018
3.117633, 275.902581
1.420531, 276.471143
0.276980, 97.039706
1.974412, 97.608269
3.671274, 98.176832
5.367079, 98.745395
7.061336, 99.313957
8.753559, 99.882520
10.443260, 100.451083
12.129951, 101.019646
13.813147, 101.588209
15.492363, 102.156771
17.167114, 102.725334
18.836918, 103.293897
20.501294, 103.862460
22.159762, 104.431023
23.811844, 104.999585
25.457065, 105.568148
27.094950, 106.136711
28.725028, 106.705274
30.346827, 107.273837
31.959882, 107.842399
33.563728, 108.410962
35.157901, 108.979525
36.741943, 109.548088
38.315398, 110.116651
39.877811, 110.685213
41.428733, 111.253776
42.967717, 111.822339
44.494319, 112.390902
46.008099, 112.959465
47.508621, 113.528027
48.995454, 114.096590
50.468167, 114.665153
51.926338, 115.233716
53.369545, 115.802279
54.797373, 116.370841
56.209410, 116.939404
57.605250, 117.507967
58.984490, 118.076530
60.346732, 118.645093
61.691586, 119.213655
63.018661, 119.782218
64.327577, 120.350781
65.617957, 120.919344
66.889427, 121.487907
68.141623, 122.056469
69.374182, 122.625032
70.586750, 123.193595
71.778978, 123.762158
72.950522, 124.330721
74.101044, 124.899283
75.230212, 125.467846
76.337702, 126.036409
77.423195, 126.604972
78.486376, 127.173535
79.526941, 127.742097
80.544589, 128.310660
81.539027, 128.879223
82.509969, 129.447786
83.457134, 130.016348
84.380249, 130.584911
85.279049, 131.153474
86.153275, 131.722037
87.002675, 132.290600
87.827004, 132.859162
88.626024, 133.427725
89.399505, 133.996288
90.147225, 134.564851
90.868967, 135.133414
91.564525, 135.701976
92.233696, 136.270539
92.876290, 136.839102
93.492119, 137.407665
94.081008, 137.976228
94.642786, 138.544790
95.177291, 139.113353
95.684370, 139.681916
96.163876, 140.250479
96.615671, 140.819042
97.039624, 141.387604
97.435615, 141.956167
97.803528, 142.524730
98.143257, 143.093293
98.454706, 143.661856
98.737783, 144.230418
98.992407, 144.798981
99.218506, 145.367544
99.416013, 145.936107
99.584872, 146.504670
99.725035, 147.073232
99.836460, 147.641795
99.919116, 148.210358
99.972979, 148.778921
99.998033, 149.347484
99.994272, 149.916046
99.961695, 150.484609
99.900314, 151.053172
99.810145, 151.621735
99.691214, 152.190298
99.543555, 152.758860
99.367212, 153.327423
99.162235, 153.895986
98.928683, 154.464549
98.666623, 155.033112
98.376131, 155.601674
98.057291, 156.170237
97.710194, 156.738800
97.334940, 157.307363
96.931638, 157.875926
96.500404, 158.444488
96.041362, 159.013051
95.554644, 159.581614
95.040391, 160.150177
94.498751, 160.718740
93.929880, 161.287302
93.333941, 161.855865
92.711107, 162.424428
92.061557, 162.992991
91.385478, 163.561554
90.683065, 164.130116
89.954520, 164.698679
89.200054, 165.267242
88.419884, 165.835805
87.614234, 166.404368
86.783337, 166.972930
85.927432, 167.541493
85.046766, 168.110056
84.141593, 168.678619
83.212173, 169.247182
82.258774, 169.815744
81.281672, 170.384307
80.281146, 170.952870
79.257487, 171.521433
78.210989, 172.089995
77.141953, 172.658558
76.050687, 173.227121
74.937507, 173.795684
73.802732, 174.364247
72.646690, 174.932809
71.469713, 175.501372
70.272142, 176.069935
69.054321, 176.638498
67.816601, 177.207061
66.559338, 177.775623
65.282896, 178.344186
63.987641, 178.912749
62.673948, 179.481312
61.342194, 180.049875
59.992763, 180.618437
58.626045, 181.187000
57.242433, 181.755563
55.842326, 182.324126
54.426127, 182.892689
52.994244, 183.461251
51.547090, 184.029814
50.085083, 184.598377
48.608642, 185.166940
47.118194, 185.735503
45.614169, 186.304065
44.096999, 186.872628
42.567122, 187.441191
41.024979, 188.009754
39.471014, 188.578317
37.905674, 189.146879
36.329412, 189.715442
34.742681, 190.284005
33.145938, 190.852568
31.539644, 191.421131
29.924261, 191.989693
28.300255, 192.558256
26.668094, 193.126819
25.028248, 193.695382
23.381190, 194.263945
21.727395, 194.832507
20.067338, 195.401070
18.401499, 195.969633
16.730357, 196.538196
15.054393, 197.106759
13.374092, 197.675321
11.689937, 198.243884
10.002413, 198.812447
8.312007, 199.381010
6.619206, 199.949573
4.924497, 200.518135
3.228369, 201.086698
1.531311, 201.655261
0.166188, 22.223824
1.863640, 22.792387
3.560554, 23.360949
5.256443, 23.929512
6.950816, 24.498075
8.643187, 25.066638
10.333067, 25.635201
12.019970, 26.203763
13.703408, 26.772326
15.382898, 27.340889
17.057956, 27.909452
18.728097, 28.478015
20.392842, 29.046577
22.051711, 29.615140
23.704224, 30.183703
25.349908, 30.752266
26.988286, 31.320829
28.618887, 31.889391
30.241241, 32.457954
31.854881, 33.026517
33.459342, 33.595080
35.054160, 34.163642
36.638878, 34.732205
38.213037, 35.300768
39.776185, 35.869331
41.327870, 36.437894
42.867647, 37.006456
44.395070, 37.575019
45.909701, 38.143582
47.411102, 38.712145
48.898841, 39.280708
50.372489, 39.849270
51.831621, 40.417833
53.275817, 40.986396
54.704662, 41.554959
56.117742, 42.123522
57.514651, 42.692084
58.894987, 43.260647
60.258351, 43.829210
61.604351, 44.397773
62.932599, 44.966336
64.242712, 45.534898
65.534312, 46.103461
66.807028, 46.672024
68.060492, 47.240587
69.294344, 47.809150
70.508228, 48.377712
71.701794, 48.946275
72.874698, 49.514838
74.026602, 50.083401
75.157174, 50.651964
76.266089, 51.220526
77.353026, 51.789089
78.417674, 52.357652
79.459724, 52.926215
80.478877, 53.494778
81.474838, 54.063340
82.447322, 54.631903
83.396047, 55.200466
84.320740, 55.769029
85.221136, 56.337592
86.096973, 56.906154
86.948001, 57.474717
87.773973, 58.043280
88.574652, 58.611843
89.349807, 59.180406
90.099215, 59.748968
90.822659, 60.317531
91.519931, 60.886094
92.190831, 61.454657
92.835165, 62.023220
93.452747, 62.591782
94.043399, 63.160345
94.606951, 63.728908
95.143241, 64.297471
95.652115, 64.866034
96.133424, 65.434596
96.587032, 66.003159
97.012806, 66.571722
97.410625, 67.140285
97.780374, 67.708848
98.121946, 68.277410
98.435243, 68.845973
98.720175, 69.414536
98.976658, 69.983099
99.204621, 70.551662
99.403996, 71.120224
99.574726, 71.688787
99.716763, 72.257350
99.830065, 72.825913
99.914599, 73.394476
99.970342, 73.963038
99.997277, 74.531601
99.995396, 75.100164
99.964700, 75.668727
99.905198, 76.237289
99.816907, 76.805852
99.699853, 77.374415
99.554068, 77.942978
99.379595, 78.511541
99.176485, 79.080103
98.944796, 79.648666
98.684595, 80.217229
98.395956, 80.785792
98.078963, 81.354355
97.733707, 81.922917
97.360288, 82.491480
96.958813, 83.060043
96.529399, 83.628606
96.072167, 84.197169
95.587252, 84.765731
95.074791, 85.334294
94.534934, 85.902857
93.967835, 86.471420
93.373657, 87.039983
92.752573, 87.608545
92.104761, 88.177108
91.430408, 88.745671
90.729708, 89.314234
90.002862, 89.882797
89.250081, 90.451359
88.471582, 91.019922
87.667588, 91.588485
86.838332, 92.157048
85.984052, 92.725611
85.104994, 93.294173
84.201412, 93.862736
83.273567, 94.431299
82.321725, 94.999862
81.346160, 95.568425
80.347155, 96.136987
79.324997, 96.705550
78.279980, 97.274113
77.212405, 97.842676
76.122581, 98.411239
75.010821, 98.979801
73.877446, 99.548364
72.722782, 100.116927
71.547161, 100.685490
70.350924, 101.254053
69.134414, 101.822615
67.897981, 102.391178
66.641983, 102.959741
65.366782, 103.528304
64.072743, 104.096867
62.760242, 104.665429
61.429655, 105.233992
60.081366, 105.802555
58.715765, 106.371118
57.333243, 106.939681
55.934200, 107.508243
54.519039, 108.076806
53.088167, 108.645369
51.641997, 109.213932
50.180946, 109.782495
48.705435, 110.351057
47.215888, 110.919620
45.712736, 111.488183
44.196411, 112.056746
42.667349, 112.625309
41.125993, 113.193871
39.572786, 113.762434
38.008175, 114.330997
36.432612, 114.899560
34.846550, 115.468123
33.250447, 116.036685
31.644762, 116.605248
30.029958, 117.173811
28.406501, 117.742374
26.774858, 118.310936
25.135499, 118.879499
23.488897, 119.448062
21.835527, 120.016625
20.175864, 120.585188
18.510388, 121.153750
16.839577, 121.722313
15.163914, 122.290876
13.483881, 122.859439
11.799962, 123.428002
10.112644, 123.996564
8.422411, 124.565127
6.729751, 125.133690
5.035152, 125.702253
3.339102, 126.270816
1.642089, 126.839378
0.055396, 307.407941
1.752866, 307.976504
3.449830, 308.545067
5.145800, 309.113630
6.840288, 309.682192
8.532804, 310.250755
10.222862, 310.819318
11.909973, 311.387881
13.593653, 311.956444
15.273415, 312.525006
16.948777, 313.093569
18.619254, 313.662132
20.284366, 314.230695
21.943632, 314.799258
23.596575, 315.367820
25.242719, 315.936383
26.881588, 316.504946
28.512711, 317.073509
30.135618, 317.642072
31.749841, 318.210634
33.354915, 318.779197
34.950377, 319.347760
36.535767, 319.916323
38.110630, 320.484886
39.674510, 321.053448
41.226957, 321.622011
42.767524, 322.190574
44.295768, 322.759137
45.811246, 323.327700
47.313524, 323.896262
48.802168, 324.464825
50.276748, 325.033388
51.736841, 325.601951
53.182025, 326.170514
54.611884, 326.739076
56.026005, 327.307639
57.423982, 327.876202
58.805412, 328.444765
60.169896, 329.013328
61.517041, 329.581890
62.846459, 330.150453
64.157767, 330.719016
65.450587, 331.287579
66.724547, 331.856142
67.979279, 332.424704
69.214421, 332.993267
70.429619, 333.561830
71.624521, 334.130393
72.798784, 334.698956
73.952069, 335.267518
75.084044, 335.836081
76.194382, 336.404644
77.282763, 336.973207
78.348875, 337.541770
79.392409, 338.110332
80.413065, 338.678895
81.410549, 339.247458
82.384574, 339.816021
83.334858, 340.384583
84.261128, 340.953146
85.163117, 341.521709
86.040565, 342.090272
86.893220, 342.658835
87.720834, 343.227397
88.523171, 343.795960
89.299999, 344.364523
90.051094, 344.933086
90.776239, 345.501649
91.475226, 346.070211
92.147853, 346.638774
92.793926, 347.207337
93.413259, 347.775900
94.005675, 348.344463
94.571001, 348.913025
95.109075, 349.481588
95.619742, 350.050151
96.102855, 350.618714
96.558274, 351.187277
96.985869, 351.755839
97.385517, 352.324402
97.757101, 352.892965
98.100515, 353.461528
98.415660, 354.030091
98.702445, 354.598653
98.960788, 355.167216
99.190614, 355.735779
99.391857, 356.304342
99.564458, 356.872905
99.708369, 357.441467
99.823547, 358.010030
99.909960, 358.578593
99.967583, 359.147156
99.996398, 359.715719
99.996398, 0.284281
99.967583, 0.852844
99.909960, 1.421407
99.823547, 1.989970
99.708369, 2.558533
99.564458, 3.127095
99.391857, 3.695658
99.190614, 4.264221
98.960788, 4.832784
98.702445, 5.401347
98.415660, 5.969909
98.100515, 6.538472
97.757101, 7.107035
97.385517, 7.675598
96.985869, 8.244161
96.558274, 8.812723
96.102855, 9.381286
95.619742, 9.949849
95.109075, 10.518412
94.571001, 11.086975
94.005675, 11.655537
93.413259, 12.224100
92.793926, 12.792663
92.147853, 13.361226
91.475226, 13.929789
90.776239, 14.498351
90.051094, 15.066914
89.299999, 15.635477
88.523171, 16.204040
87.720834, 16.772603
86.893220, 17.341165
86.040565, 17.909728
85.163117, 18.478291
84.261128, 19.046854
83.334858, 19.615417
82.384574, 20.183979
81.410549, 20.752542
80.413065, 21.321105
79.392409, 21.889668
78.348875, 22.458230
77.282763, 23.026793
76.194382, 23.595356
75.084044, 24.163919
73.952069, 24.732482
72.798784, 25.301044
71.624521, 25.869607
70.429619, 26.438170
69.214421, 27.006733
67.979279, 27.575296
66.724547, 28.143858
65.450587, 28.712421
64.157767, 29.280984
62.846459, 29.849547
61.517041, 30.418110
60.169896, 30.986672
58.805412, 31.555235
57.423982, 32.123798
56.026005, 32.692361
54.611884, 33.260924
53.182025, 33.829486
51.736841, 34.398049
50.276748, 34.966612
48.802168, 35.535175
47.313524, 36.103738
45.811246, 36.672300
44.295768, 37.240863
42.767524, 37.809426
41.226957, 38.377989
39.674510, 38.946552
38.110630, 39.515114
36.535767, 40.083677
34.950377, 40.652240
33.354915, 41.220803
31.749841, 41.789366
30.135618, 42.357928
28.512711, 42.926491
26.881588, 43.495054
25.242719, 44.063617
23.596575, 44.632180
21.943632, 45.200742
20.284366, 45.769305
18.619254, 46.337868
16.948777, 46.906431
15.273415, 47.474994
13.593653, 48.043556
11.909973, 48.612119
10.222862, 49.180682
8.532804, 49.749245
6.840288, 50.317808
5.145800, 50.886370
3.449830, 51.454933
1.752866, 52.023496
0.055396, 52.592059
1.642089, 233.160622
3.339102, 233.729184
5.035152, 234.297747
6.729751, 234.866310
8.422411, 235.434873
10.112644, 236.003436
11.799962, 236.571998
13.483881, 237.140561
15.163914, 237.709124
16.839577, 238.277687
18.510388, 238.846250
20.175864, 239.414812
21.835527, 239.983375
23.488897, 240.551938
25.135499, 241.120501
26.774858, 241.689064
28.406501, 242.257626
30.029958, 242.826189
31.644762, 243.394752
33.250447, 243.963315
34.846550, 244.531877
36.432612, 245.100440
38.008175, 245.669003
39.572786, 246.237566
41.125993, 246.806129
42.667349, 247.374691
44.196411, 247.943254
45.712736, 248.511817
47.215888, 249.080380
48.705435, 249.648943
50.180946, 250.217505
51.641997, 250.786068
53.088167, 251.354631
54.519039, 251.923194
55.934200, 252.491757
57.333243, 253.060319
58.715765, 253.628882
60.081366, 254.197445
61.429655, 254.766008
62.760242, 255.334571
64.072743, 255.903133
65.366782, 256.471696
66.641983, 257.040259
67.897981, 257.608822
69.134414, 258.177385
70.350924, 258.745947
71.547161, 259.314510
72.722782, 259.883073
73.877446, 260.451636
75.010821, 261.020199
76.122581, 261.588761
77.212405, 262.157324
78.279980, 262.725887
79.324997, 263.294450
80.347155, 263.863013
81.346160, 264.431575
82.321725, 265.000138
83.273567, 265.568701
84.201412, 266.137264
85.104994, 266.705827
85.984052, 267.274389
86.838332, 267.842952
87.667588, 268.411515
88.471582, 268.980078
89.250081, 269.548641
90.002862, 270.117203
90.729708, 270.685766
91.430408, 271.254329
92.104761, 271.822892
92.752573, 272.391455
93.373657, 272.960017
93.967835, 273.528580
94.534934, 274.097143
95.074791, 274.665706
95.587252, 275.234269
96.072167, 275.802831
96.529399, 276.371394
96.958813, 276.939957
97.360288, 277.508520
97.733707, 278.077083
98.078963, 278.645645
98.395956, 279.214208
98.684595, 279.782771
98.944796, 280.351334
99.176485, 280.919897
99.379595, 281.488459
99.554068, 282.057022
99.699853, 282.625585
99.816907, 283.194148
99.905198, 283.762711
99.964700, 284.331273
99.995396, 284.899836
99.997277, 285.468399
99.970342, 286.036962
99.914599, 286.605524
99.830065, 287.174087
99.716763, 287.742650
99.574726, 288.311213
99.403996, 288.879776
99.204621, 289.448338
98.976658, 290.016901
98.720175, 290.585464
98.435243, 291.154027
98.121946, 291.722590
97.780374, 292.291152
97.410625, 292.859715
97.012806, 293.428278
96.587032, 293.996841
96.133424, 294.565404
95.652115, 295.133966
95.143241, 295.702529
94.606951, 296.271092
94.043399, 296.839655
93.452747, 297.408218
92.835165, 297.976780
92.190831, 298.545343
91.519931, 299.113906
90.822659, 299.682469
90.099215, 300.251032
89.349807, 300.819594
88.574652, 301.388157
87.773973, 301.956720
86.948001, 302.525283
86.096973, 303.093846
85.221136, 303.662408
84.320740, 304.230971
83.396047, 304.799534
82.447322, 305.368097
81.474838, 305.936660
80.478877, 306.505222
79.459724, 307.073785
78.417674, 307.642348
77.353026, 308.210911
76.266089, 308.779474
75.157174, 309.348036
74.026602, 309.916599
72.874698, 310.485162
71.701794, 311.053725
70.508228, 311.622288
69.294344, 312.190850
68.060492, 312.759413
66.807028, 313.327976
65.534312, 313.896539
64.242712, 314.465102
62.932599, 315.033664
61.604351, 315.602227
60.258351, 316.170790
58.894987, 316.739353
57.514651, 317.307916
56.117742, 317.876478
54.704662, 318.445041
53.275817, 319.013604
51.831621, 319.582167
50.372489, 320.150730
48.898841, 320.719292
47.411102, 321.287855
45.909701, 321.856418
44.395070, 322.424981
42.867647, 322.993544
41.327870, 323.562106
39.776185, 324.130669
38.213037, 324.699232
36.638878, 325.267795
35.054160, 325.836358
33.459342, 326.404920
31.854881, 326.973483
30.241241, 327.542046
28.618887, 328.110609
26.988286, 328.679171
25.349908, 329.247734
23.704224, 329.816297
22.051711, 330.384860
20.392842, 330.953423
18.728097, 331.521985
17.057956, 332.090548
15.382898, 332.659111
13.703408, 333.227674
12.019970, 333.796237
10.333067, 334.364799
8.643187, 334.933362
6.950816, 335.501925
5.256443, 336.070488
3.560554, 336.639051
1.863640, 337.207613
0.166188, 337.776176
1.531311, 158.344739
3.228369, 158.913302
4.924497, 159.481865
6.619206, 160.050427
8.312007, 160.618990
10.002413, 161.187553
11.689937, 161.756116
13.374092, 162.324679
15.054393, 162.893241
16.730357, 163.461804
18.401499, 164.030367
20.067338, 164.598930
21.727395, 165.167493
23.381190, 165.736055
25.028248, 166.304618
26.668094, 166.873181
28.300255, 167.441744
29.924261, 168.010307
31.539644, 168.578869
33.145938, 169.147432
34.742681, 169.715995
36.329412, 170.284558
37.905674, 170.853121
39.471014, 171.421683
41.024979, 171.990246
42.567122, 172.558809
44.096999, 173.127372
45.614169, 173.695935
47.118194, 174.264497
48.608642, 174.833060
50.085083, 175.401623
51.547090, 175.970186
52.994244, 176.538749
54.426127, 177.107311
55.842326, 177.675874
57.242433, 178.244437
58.626045, 178.813000
59.992763, 179.381563
61.342194, 179.950125
62.673948, 180.518688
63.987641, 181.087251
65.282896, 181.655814
66.559338, 182.224377
67.816601, 182.792939
69.054321, 183.361502
70.272142, 183.930065
71.469713, 184.498628
72.646690, 185.067191
73.802732, 185.635753
74.937507, 186.204316
76.050687, 186.772879
77.141953, 187.341442
78.210989, 187.910005
79.257487, 188.478567
80.281146, 189.047130
81.281672, 189.615693
82.258774, 190.184256
83.212173, 190.752818
84.141593, 191.321381
85.046766, 191.889944
85.927432, 192.458507
86.783337, 193.027070
87.614234, 193.595632
88.419884, 194.164195
89.200054, 194.732758
89.954520, 195.301321
90.683065, 195.869884
91.385478, 196.438446
92.061557, 197.007009
92.711107, 197.575572
93.333941, 198.144135
93.929880, 198.712698
94.498751, 199.281260
95.040391, 199.849823
95.554644, 200.418386
96.041362, 200.986949
96.500404, 201.555512
96.931638, 202.124074
97.334940, 202.692637
97.710194, 203.261200
98.057291, 203.829763
98.376131, 204.398326
98.666623, 204.966888
98.928683, 205.535451
99.162235, 206.104014
99.367212, 206.672577
99.543555, 207.241140
99.691214, 207.809702
99.810145, 208.378265
99.900314, 208.946828
99.961695, 209.515391
99.994272, 210.083954
99.998033, 210.652516
99.972979, 211.221079
99.919116, 211.789642
99.836460, 212.358205
99.725035, 212.926768
99.584872, 213.495330
99.416013, 214.063893
99.218506, 214.632456
98.992407, 215.201019
98.737783, 215.769582
98.454706, 216.338144
98.143257, 216.906707
97.803528, 217.475270
97.435615, 218.043833
97.039624, 218.612396
96.615671, 219.180958
96.163876, 219.749521
95.684370, 220.318084
95.177291, 220.886647
94.642786, 221.455210
94.081008, 222.023772
93.492119, 222.592335
92.876290, 223.160898
92.233696, 223.729461
91.564525, 224.298024
90.868967, 224.866586
90.147225, 225.435149
89.399505, 226.003712
88.626024, 226.572275
87.827004, 227.140838
87.002675, 227.709400
86.153275, 228.277963
85.279049, 228.846526
84.380249, 229.415089
83.457134, 229.983652
82.509969, 230.552214
81.539027, 231.120777
80.544589, 231.689340
79.526941, 232.257903
78.486376, 232.826465
77.423195, 233.395028
76.337702, 233.963591
75.230212, 234.532154
74.101044, 235.100717
72.950522, 235.669279
71.778978, 236.237842
70.586750, 236.806405
69.374182, 237.374968
68.141623, 237.943531
66.889427, 238.512093
65.617957, 239.080656
64.327577, 239.649219
63.018661, 240.217782
61.691586, 240.786345
60.346732, 241.354907
58.984490, 241.923470
57.605250, 242.492033
56.209410, 243.060596
54.797373, 243.629159
53.369545, 244.197721
51.926338, 244.766284
50.468167, 245.334847
48.995454, 245.903410
47.508621, 246.471973
46.008099, 247.040535
44.494319, 247.609098
42.967717, 248.177661
41.428733, 248.746224
39.877811, 249.314787
38.315398, 249.883349
36.741943, 250.451912
35.157901, 251.020475
33.563728, 251.589038
31.959882, 252.157601
30.346827, 252.726163
28.725028, 253.294726
27.094950, 253.863289
25.457065, 254.431852
23.811844, 255.000415
22.159762, 255.568977
20.501294, 256.137540
18.836918, 256.706103
17.167114, 257.274666
15.492363, 257.843229
13.813147, 258.411791
12.129951, 258.980354
10.443260, 259.548917
8.753559, 260.117480
7.061336, 260.686043
5.367079, 261.254605
3.671274, 261.823168
1.974412, 262.391731
0.276980, 262.960294
1.420531, 83.528857
3.117633, 84.097419
4.813836, 84.665982
6.508652, 85.234545
8.201593, 85.803108
9.892170, 86.371671
11.579897, 86.940233
13.264287, 87.508796
14.944855, 88.077359
16.621116, 88.645922
18.292587, 89.214485
19.958787, 89.783047
21.619236, 90.351610
23.273455, 90.920173
24.920967, 91.488736
26.561298, 92.057298
28.193975, 92.625861
29.818527, 93.194424
31.434487, 93.762987
33.041389, 94.331550
34.638769, 94.900112
36.226167, 95.468675
37.803127, 96.037238
39.369193, 96.605801
40.923914, 97.174364
42.466843, 97.742926
43.997534, 98.311489
45.515546, 98.880052
47.020443, 99.448615
48.511790, 100.017178
49.989157, 100.585740
51.452120, 101.154303
52.900256, 101.722866
54.333148, 102.291429
55.750383, 102.859992
57.151553, 103.428554
58.536254, 103.997117
59.904087, 104.565680
61.254658, 105.134243
62.587577, 105.702806
63.902461, 106.271368
65.198930, 106.839931
66.476612, 107.408494
67.735137, 107.977057
68.974143, 108.545620
70.193274, 109.114182
71.392178, 109.682745
72.570508, 110.251308
73.727927, 110.819871
74.864100, 111.388434
75.978700, 111.956996
77.071405, 112.525559
78.141902, 113.094122
79.189880, 113.662685
80.215039, 114.231248
81.217083, 114.799810
82.195723, 115.368373
83.150677, 115.936936
84.081671, 116.505499
84.988434, 117.074062
85.870708, 117.642624
86.728236, 118.211187
87.560773, 118.779750
88.368077, 119.348313
89.149918, 119.916876
89.906068, 120.485438
90.636311, 121.054001
91.340435, 121.622564
92.018239, 122.191127
92.669526, 122.759690
93.294110, 123.328252
93.891809, 123.896815
94.462452, 124.465378
95.005875, 125.033941
95.521920, 125.602504
96.010439, 126.171066
96.471291, 126.739629
96.904344, 127.308192
97.309473, 127.876755
97.686560, 128.445318
98.035498, 129.013880
98.356186, 129.582443
98.648530, 130.151006
98.912448, 130.719569
99.147863, 131.288132
99.354707, 131.856694
99.532921, 132.425257
99.682453, 132.993820
99.803260, 133.562383
99.895307, 134.130945
99.958568, 134.699508
99.993024, 135.268071
99.998667, 135.836634
99.975493, 136.405197
99.923510, 136.973759
99.842732, 137.542322
99.733184, 138.110885
99.594896, 138.679448
99.427908, 139.248011
99.232269, 139.816573
99.008035, 140.385136
98.755270, 140.953699
98.474047, 141.522262
98.164448, 142.090825
97.826561, 142.659387
97.460484, 143.227950
97.066323, 143.796513
96.644191, 144.365076
96.194209, 144.933639
95.716508, 145.502201
95.211224, 146.070764
94.678504, 146.639327
94.118502, 147.207890
93.531377, 147.776453
92.917300, 148.345015
92.276448, 148.913578
91.609006, 149.482141
90.915164, 150.050704
90.195125, 150.619267
89.449094, 151.187829
88.677287, 151.756392
87.879927, 152.324955
87.057243, 152.893518
86.209472, 153.462081
85.336859, 154.030643
84.439654, 154.599206
83.518118, 155.167769
82.572514, 155.736332
81.603116, 156.304895
80.610203, 156.873457
79.594061, 157.442020
78.554983, 158.010583
77.493268, 158.579146
76.409222, 159.147709
75.303158, 159.716271
74.175394, 160.284834
73.026256, 160.853397
71.856074, 161.421960
70.665186, 161.990523
69.453935, 162.559085
68.222669, 163.127648
66.971744, 163.696211
65.701521, 164.264774
64.412364, 164.833337
63.104647, 165.401899
61.778744, 165.970462
60.435040, 166.539025
59.073920, 167.107588
57.695777, 167.676151
56.301009, 168.244713
54.890016, 168.813276
53.463206, 169.381839
52.020990, 169.950402
50.563784, 170.518965
49.092007, 171.087527
47.606083, 171.656090
46.106441, 172.224653
44.593512, 172.793216
43.067734, 173.361779
41.529545, 173.930341
39.979388, 174.498904
38.417711, 175.067467
##END=
