##TITLE= Parameter file, TopSpin 4.3.0
##JCAMPDX= 5.0
##DATATYPE= Parameter Values
##ORIGIN= Bruker BioSpin GmbH
##OWNER= nmrsu
$$ 2024-02-05 17:30:50.405 +0000  nmrsu@4CE1161FJM
$$ C:/Bruker/TopSpin4.3.0/exp/stan/nmr/lists/wave/user/multisupp_aux_d8
$$ process C:\Bruker\TopSpin4.3.0\prog\mod\xwinshape.exe
##MINX= 100.00000000
##MAXX= 100.00000000
##MINY= 0.19480900
##MAXY= 359.80519100
##$SHAPE_ADDPHASE= 0
##$SHAPE_AMP= 100
##$SHAPE_BWFAC= 0
##$SHAPE_BWFAC50= 0
##$SHAPE_CALCBW= yes
##$SHAPE_CALCINTEG= yes
##$SHAPE_EXMODE= <Excitation>
##$SHAPE_EXPAND= <>
##$SHAPE_EXPANDCF= (0..143)
0 0 0 0 0 0 0 0 0 0 0 0 0 0 0 0 0 0 0 0 0 0 0 0 0 0 0 0 0 0 0 0 0 0 0 0
0 0 0 0 0 0 0 0 0 0 0 0 0 0 0 0 0 0 0 0 0 0 0 0 0 0 0 0 0 0 0 0 0 0 0 0
0 0 0 0 0 0 0 0 0 0 0 0 0 0 0 0 0 0 0 0 0 0 0 0 0 0 0 0 0 0 0 0 0 0 0 0
0 0 0 0 0 0 0 0 0 0 0 0 0 0 0 0 0 0 0 0 0 0 0 0 0 0 0 0 0 0 0 0 0 0 0 0
##$SHAPE_EXPFAC= 0
##$SHAPE_FRACEND= 0
##$SHAPE_FRACORG= 0
##$SHAPE_FRACSTART= 0
##$SHAPE_INTEGFAC= 0
##$SHAPE_KEEPRES= yes
##$SHAPE_LENGTH= 25000.000373
##$SHAPE_MAN= <M>
##$SHAPE_MODE= 1
##$SHAPE_MODFREQ= 0
##$SHAPE_MODPHASE= 0
##$SHAPE_MODSCALE= 0
##$SHAPE_MODSW= 0
##$SHAPE_MODSWDIR= -1
##$SHAPE_NPOINTS= 1250
##$SHAPE_OFFS= <1 1>
##$SHAPE_OFFSCOEFF= (0..95)
54.113739 0 100 0 0 0 0 0 0 0 0 0 0 0 0 0 0 0 0 0 0 0 0 0 0 0 0 0 0 0 0
0 0 0 0 0 0 0 0 0 0 0 0 0 0 0 0 0 0 0 0 0 0 0 0 0 0 0 0 0 0 0 0 0 0 0 0
0 0 0 0 0 0 0 0 0 0 0 0 0 0 0 0 0 0 0 0 0 0 0 0 0 0 0 0 0
##$SHAPE_PARAMETER= <>
##$SHAPE_REPHFAC= 0
##$SHAPE_RES= 0
##$SHAPE_SCALEFAC= 1
##$SHAPE_SCALETYPE= 0
##$SHAPE_SPOAL= 0
##$SHAPE_SPOFFS= 0
##$SHAPE_SPOPH= 0
##$SHAPE_TOTROT= 90
##$SHAPE_TYPE= <Excitation>
##$SHAPE_USER_DEF= <>
##$SHAPE_VERSION= 2.1
##$SHL_ADDPHASE= (0..15)
0 0 0 0 0 0 0 0 0 0 0 0 0 0 0 0
##$SHL_ALIGNOFFSET= (0..15)
0 0 0 0 0 0 0 0 0 0 0 0 0 0 0 0
##$SHL_AMP= (0..15)
100 0 0 0 0 0 0 0 0 0 0 0 0 0 0 0
##$SHL_AMPFAC= (0..15)
0 0 0 0 0 0 0 0 0 0 0 0 0 0 0 0
##$SHL_BETA= (0..15)
0 0 0 0 0 0 0 0 0 0 0 0 0 0 0 0
##$SHL_BWFAC= (0..15)
1.116 0 0 0 0 0 0 0 0 0 0 0 0 0 0 0
##$SHL_CALCBW= (0..15)
yes yes yes yes yes yes yes yes yes yes yes yes yes yes yes yes
##$SHL_CALCINTEG= (0..15)
yes yes yes yes yes yes yes yes yes yes yes yes yes yes yes yes
##$SHL_CENTERAMP= (0..15)
0 0 0 0 0 0 0 0 0 0 0 0 0 0 0 0
##$SHL_CYCNUM= (0..15)
0 0 0 0 0 0 0 0 0 0 0 0 0 0 0 0
##$SHL_DIPOLCPL= (0..15)
0 0 0 0 0 0 0 0 0 0 0 0 0 0 0 0
##$SHL_ENDAMP= (0..15)
0 0 0 0 0 0 0 0 0 0 0 0 0 0 0 0
##$SHL_EXMODE= (0..15)
<Excitation> <> <> <> <> <> <> <> <> <> <> <> <> <> <> <>
##$SHL_EXPAND= (0..15)
<> <> <> <> <> <> <> <> <> <> <> <> <> <> <> <>
##$SHL_EXPANDCF0= (0..143)
0 0 0 0 0 0 0 0 0 0 0 0 0 0 0 0 0 0 0 0 0 0 0 0 0 0 0 0 0 0 0 0 0 0 0 0
0 0 0 0 0 0 0 0 0 0 0 0 0 0 0 0 0 0 0 0 0 0 0 0 0 0 0 0 0 0 0 0 0 0 0 0
0 0 0 0 0 0 0 0 0 0 0 0 0 0 0 0 0 0 0 0 0 0 0 0 0 0 0 0 0 0 0 0 0 0 0 0
0 0 0 0 0 0 0 0 0 0 0 0 0 0 0 0 0 0 0 0 0 0 0 0 0 0 0 0 0 0 0 0 0 0 0 0
##$SHL_EXPANDCF1= (0..143)
0 0 0 0 0 0 0 0 0 0 0 0 0 0 0 0 0 0 0 0 0 0 0 0 0 0 0 0 0 0 0 0 0 0 0 0
0 0 0 0 0 0 0 0 0 0 0 0 0 0 0 0 0 0 0 0 0 0 0 0 0 0 0 0 0 0 0 0 0 0 0 0
0 0 0 0 0 0 0 0 0 0 0 0 0 0 0 0 0 0 0 0 0 0 0 0 0 0 0 0 0 0 0 0 0 0 0 0
0 0 0 0 0 0 0 0 0 0 0 0 0 0 0 0 0 0 0 0 0 0 0 0 0 0 0 0 0 0 0 0 0 0 0 0
##$SHL_EXPANDCF10= (0..143)
0 0 0 0 0 0 0 0 0 0 0 0 0 0 0 0 0 0 0 0 0 0 0 0 0 0 0 0 0 0 0 0 0 0 0 0
0 0 0 0 0 0 0 0 0 0 0 0 0 0 0 0 0 0 0 0 0 0 0 0 0 0 0 0 0 0 0 0 0 0 0 0
0 0 0 0 0 0 0 0 0 0 0 0 0 0 0 0 0 0 0 0 0 0 0 0 0 0 0 0 0 0 0 0 0 0 0 0
0 0 0 0 0 0 0 0 0 0 0 0 0 0 0 0 0 0 0 0 0 0 0 0 0 0 0 0 0 0 0 0 0 0 0 0
##$SHL_EXPANDCF11= (0..143)
0 0 0 0 0 0 0 0 0 0 0 0 0 0 0 0 0 0 0 0 0 0 0 0 0 0 0 0 0 0 0 0 0 0 0 0
0 0 0 0 0 0 0 0 0 0 0 0 0 0 0 0 0 0 0 0 0 0 0 0 0 0 0 0 0 0 0 0 0 0 0 0
0 0 0 0 0 0 0 0 0 0 0 0 0 0 0 0 0 0 0 0 0 0 0 0 0 0 0 0 0 0 0 0 0 0 0 0
0 0 0 0 0 0 0 0 0 0 0 0 0 0 0 0 0 0 0 0 0 0 0 0 0 0 0 0 0 0 0 0 0 0 0 0
##$SHL_EXPANDCF12= (0..143)
0 0 0 0 0 0 0 0 0 0 0 0 0 0 0 0 0 0 0 0 0 0 0 0 0 0 0 0 0 0 0 0 0 0 0 0
0 0 0 0 0 0 0 0 0 0 0 0 0 0 0 0 0 0 0 0 0 0 0 0 0 0 0 0 0 0 0 0 0 0 0 0
0 0 0 0 0 0 0 0 0 0 0 0 0 0 0 0 0 0 0 0 0 0 0 0 0 0 0 0 0 0 0 0 0 0 0 0
0 0 0 0 0 0 0 0 0 0 0 0 0 0 0 0 0 0 0 0 0 0 0 0 0 0 0 0 0 0 0 0 0 0 0 0
##$SHL_EXPANDCF13= (0..143)
0 0 0 0 0 0 0 0 0 0 0 0 0 0 0 0 0 0 0 0 0 0 0 0 0 0 0 0 0 0 0 0 0 0 0 0
0 0 0 0 0 0 0 0 0 0 0 0 0 0 0 0 0 0 0 0 0 0 0 0 0 0 0 0 0 0 0 0 0 0 0 0
0 0 0 0 0 0 0 0 0 0 0 0 0 0 0 0 0 0 0 0 0 0 0 0 0 0 0 0 0 0 0 0 0 0 0 0
0 0 0 0 0 0 0 0 0 0 0 0 0 0 0 0 0 0 0 0 0 0 0 0 0 0 0 0 0 0 0 0 0 0 0 0
##$SHL_EXPANDCF14= (0..143)
0 0 0 0 0 0 0 0 0 0 0 0 0 0 0 0 0 0 0 0 0 0 0 0 0 0 0 0 0 0 0 0 0 0 0 0
0 0 0 0 0 0 0 0 0 0 0 0 0 0 0 0 0 0 0 0 0 0 0 0 0 0 0 0 0 0 0 0 0 0 0 0
0 0 0 0 0 0 0 0 0 0 0 0 0 0 0 0 0 0 0 0 0 0 0 0 0 0 0 0 0 0 0 0 0 0 0 0
0 0 0 0 0 0 0 0 0 0 0 0 0 0 0 0 0 0 0 0 0 0 0 0 0 0 0 0 0 0 0 0 0 0 0 0
##$SHL_EXPANDCF15= (0..143)
0 0 0 0 0 0 0 0 0 0 0 0 0 0 0 0 0 0 0 0 0 0 0 0 0 0 0 0 0 0 0 0 0 0 0 0
0 0 0 0 0 0 0 0 0 0 0 0 0 0 0 0 0 0 0 0 0 0 0 0 0 0 0 0 0 0 0 0 0 0 0 0
0 0 0 0 0 0 0 0 0 0 0 0 0 0 0 0 0 0 0 0 0 0 0 0 0 0 0 0 0 0 0 0 0 0 0 0
0 0 0 0 0 0 0 0 0 0 0 0 0 0 0 0 0 0 0 0 0 0 0 0 0 0 0 0 0 0 0 0 0 0 0 0
##$SHL_EXPANDCF2= (0..143)
0 0 0 0 0 0 0 0 0 0 0 0 0 0 0 0 0 0 0 0 0 0 0 0 0 0 0 0 0 0 0 0 0 0 0 0
0 0 0 0 0 0 0 0 0 0 0 0 0 0 0 0 0 0 0 0 0 0 0 0 0 0 0 0 0 0 0 0 0 0 0 0
0 0 0 0 0 0 0 0 0 0 0 0 0 0 0 0 0 0 0 0 0 0 0 0 0 0 0 0 0 0 0 0 0 0 0 0
0 0 0 0 0 0 0 0 0 0 0 0 0 0 0 0 0 0 0 0 0 0 0 0 0 0 0 0 0 0 0 0 0 0 0 0
##$SHL_EXPANDCF3= (0..143)
0 0 0 0 0 0 0 0 0 0 0 0 0 0 0 0 0 0 0 0 0 0 0 0 0 0 0 0 0 0 0 0 0 0 0 0
0 0 0 0 0 0 0 0 0 0 0 0 0 0 0 0 0 0 0 0 0 0 0 0 0 0 0 0 0 0 0 0 0 0 0 0
0 0 0 0 0 0 0 0 0 0 0 0 0 0 0 0 0 0 0 0 0 0 0 0 0 0 0 0 0 0 0 0 0 0 0 0
0 0 0 0 0 0 0 0 0 0 0 0 0 0 0 0 0 0 0 0 0 0 0 0 0 0 0 0 0 0 0 0 0 0 0 0
##$SHL_EXPANDCF4= (0..143)
0 0 0 0 0 0 0 0 0 0 0 0 0 0 0 0 0 0 0 0 0 0 0 0 0 0 0 0 0 0 0 0 0 0 0 0
0 0 0 0 0 0 0 0 0 0 0 0 0 0 0 0 0 0 0 0 0 0 0 0 0 0 0 0 0 0 0 0 0 0 0 0
0 0 0 0 0 0 0 0 0 0 0 0 0 0 0 0 0 0 0 0 0 0 0 0 0 0 0 0 0 0 0 0 0 0 0 0
0 0 0 0 0 0 0 0 0 0 0 0 0 0 0 0 0 0 0 0 0 0 0 0 0 0 0 0 0 0 0 0 0 0 0 0
##$SHL_EXPANDCF5= (0..143)
0 0 0 0 0 0 0 0 0 0 0 0 0 0 0 0 0 0 0 0 0 0 0 0 0 0 0 0 0 0 0 0 0 0 0 0
0 0 0 0 0 0 0 0 0 0 0 0 0 0 0 0 0 0 0 0 0 0 0 0 0 0 0 0 0 0 0 0 0 0 0 0
0 0 0 0 0 0 0 0 0 0 0 0 0 0 0 0 0 0 0 0 0 0 0 0 0 0 0 0 0 0 0 0 0 0 0 0
0 0 0 0 0 0 0 0 0 0 0 0 0 0 0 0 0 0 0 0 0 0 0 0 0 0 0 0 0 0 0 0 0 0 0 0
##$SHL_EXPANDCF6= (0..143)
0 0 0 0 0 0 0 0 0 0 0 0 0 0 0 0 0 0 0 0 0 0 0 0 0 0 0 0 0 0 0 0 0 0 0 0
0 0 0 0 0 0 0 0 0 0 0 0 0 0 0 0 0 0 0 0 0 0 0 0 0 0 0 0 0 0 0 0 0 0 0 0
0 0 0 0 0 0 0 0 0 0 0 0 0 0 0 0 0 0 0 0 0 0 0 0 0 0 0 0 0 0 0 0 0 0 0 0
0 0 0 0 0 0 0 0 0 0 0 0 0 0 0 0 0 0 0 0 0 0 0 0 0 0 0 0 0 0 0 0 0 0 0 0
##$SHL_EXPANDCF7= (0..143)
0 0 0 0 0 0 0 0 0 0 0 0 0 0 0 0 0 0 0 0 0 0 0 0 0 0 0 0 0 0 0 0 0 0 0 0
0 0 0 0 0 0 0 0 0 0 0 0 0 0 0 0 0 0 0 0 0 0 0 0 0 0 0 0 0 0 0 0 0 0 0 0
0 0 0 0 0 0 0 0 0 0 0 0 0 0 0 0 0 0 0 0 0 0 0 0 0 0 0 0 0 0 0 0 0 0 0 0
0 0 0 0 0 0 0 0 0 0 0 0 0 0 0 0 0 0 0 0 0 0 0 0 0 0 0 0 0 0 0 0 0 0 0 0
##$SHL_EXPANDCF8= (0..143)
0 0 0 0 0 0 0 0 0 0 0 0 0 0 0 0 0 0 0 0 0 0 0 0 0 0 0 0 0 0 0 0 0 0 0 0
0 0 0 0 0 0 0 0 0 0 0 0 0 0 0 0 0 0 0 0 0 0 0 0 0 0 0 0 0 0 0 0 0 0 0 0
0 0 0 0 0 0 0 0 0 0 0 0 0 0 0 0 0 0 0 0 0 0 0 0 0 0 0 0 0 0 0 0 0 0 0 0
0 0 0 0 0 0 0 0 0 0 0 0 0 0 0 0 0 0 0 0 0 0 0 0 0 0 0 0 0 0 0 0 0 0 0 0
##$SHL_EXPANDCF9= (0..143)
0 0 0 0 0 0 0 0 0 0 0 0 0 0 0 0 0 0 0 0 0 0 0 0 0 0 0 0 0 0 0 0 0 0 0 0
0 0 0 0 0 0 0 0 0 0 0 0 0 0 0 0 0 0 0 0 0 0 0 0 0 0 0 0 0 0 0 0 0 0 0 0
0 0 0 0 0 0 0 0 0 0 0 0 0 0 0 0 0 0 0 0 0 0 0 0 0 0 0 0 0 0 0 0 0 0 0 0
0 0 0 0 0 0 0 0 0 0 0 0 0 0 0 0 0 0 0 0 0 0 0 0 0 0 0 0 0 0 0 0 0 0 0 0
##$SHL_EXPFAC= (0..15)
0 0 0 0 0 0 0 0 0 0 0 0 0 0 0 0
##$SHL_FRACEND= (0..15)
0 0 0 0 0 0 0 0 0 0 0 0 0 0 0 0
##$SHL_FRACORG= (0..15)
0 0 0 0 0 0 0 0 0 0 0 0 0 0 0 0
##$SHL_FRACSTART= (0..15)
0 0 0 0 0 0 0 0 0 0 0 0 0 0 0 0
##$SHL_FULLHALF= (0..15)
0 0 0 0 0 0 0 0 0 0 0 0 0 0 0 0
##$SHL_FUNCAMP= (0..15)
100 0 0 0 0 0 0 0 0 0 0 0 0 0 0 0
##$SHL_FUNCTION= (0..15)
<Rectangle> <> <> <> <> <> <> <> <> <> <> <> <> <> <> <>
##$SHL_GCO= (0..15)
<> <> <> <> <> <> <> <> <> <> <> <> <> <> <> <>
##$SHL_GCOCOEFFS0= (0..59)
0 0 0 0 0 0 0 0 0 0 0 0 0 0 0 0 0 0 0 0 0 0 0 0 0 0 0 0 0 0 0 0 0 0 0 0
0 0 0 0 0 0 0 0 0 0 0 0 0 0 0 0 0 0 0 0 0 0 0 0
##$SHL_GCOCOEFFS1= (0..59)
0 0 0 0 0 0 0 0 0 0 0 0 0 0 0 0 0 0 0 0 0 0 0 0 0 0 0 0 0 0 0 0 0 0 0 0
0 0 0 0 0 0 0 0 0 0 0 0 0 0 0 0 0 0 0 0 0 0 0 0
##$SHL_GCOCOEFFS10= (0..59)
0 0 0 0 0 0 0 0 0 0 0 0 0 0 0 0 0 0 0 0 0 0 0 0 0 0 0 0 0 0 0 0 0 0 0 0
0 0 0 0 0 0 0 0 0 0 0 0 0 0 0 0 0 0 0 0 0 0 0 0
##$SHL_GCOCOEFFS11= (0..59)
0 0 0 0 0 0 0 0 0 0 0 0 0 0 0 0 0 0 0 0 0 0 0 0 0 0 0 0 0 0 0 0 0 0 0 0
0 0 0 0 0 0 0 0 0 0 0 0 0 0 0 0 0 0 0 0 0 0 0 0
##$SHL_GCOCOEFFS12= (0..59)
0 0 0 0 0 0 0 0 0 0 0 0 0 0 0 0 0 0 0 0 0 0 0 0 0 0 0 0 0 0 0 0 0 0 0 0
0 0 0 0 0 0 0 0 0 0 0 0 0 0 0 0 0 0 0 0 0 0 0 0
##$SHL_GCOCOEFFS13= (0..59)
0 0 0 0 0 0 0 0 0 0 0 0 0 0 0 0 0 0 0 0 0 0 0 0 0 0 0 0 0 0 0 0 0 0 0 0
0 0 0 0 0 0 0 0 0 0 0 0 0 0 0 0 0 0 0 0 0 0 0 0
##$SHL_GCOCOEFFS14= (0..59)
0 0 0 0 0 0 0 0 0 0 0 0 0 0 0 0 0 0 0 0 0 0 0 0 0 0 0 0 0 0 0 0 0 0 0 0
0 0 0 0 0 0 0 0 0 0 0 0 0 0 0 0 0 0 0 0 0 0 0 0
##$SHL_GCOCOEFFS15= (0..59)
0 0 0 0 0 0 0 0 0 0 0 0 0 0 0 0 0 0 0 0 0 0 0 0 0 0 0 0 0 0 0 0 0 0 0 0
0 0 0 0 0 0 0 0 0 0 0 0 0 0 0 0 0 0 0 0 0 0 0 0
##$SHL_GCOCOEFFS2= (0..59)
0 0 0 0 0 0 0 0 0 0 0 0 0 0 0 0 0 0 0 0 0 0 0 0 0 0 0 0 0 0 0 0 0 0 0 0
0 0 0 0 0 0 0 0 0 0 0 0 0 0 0 0 0 0 0 0 0 0 0 0
##$SHL_GCOCOEFFS3= (0..59)
0 0 0 0 0 0 0 0 0 0 0 0 0 0 0 0 0 0 0 0 0 0 0 0 0 0 0 0 0 0 0 0 0 0 0 0
0 0 0 0 0 0 0 0 0 0 0 0 0 0 0 0 0 0 0 0 0 0 0 0
##$SHL_GCOCOEFFS4= (0..59)
0 0 0 0 0 0 0 0 0 0 0 0 0 0 0 0 0 0 0 0 0 0 0 0 0 0 0 0 0 0 0 0 0 0 0 0
0 0 0 0 0 0 0 0 0 0 0 0 0 0 0 0 0 0 0 0 0 0 0 0
##$SHL_GCOCOEFFS5= (0..59)
0 0 0 0 0 0 0 0 0 0 0 0 0 0 0 0 0 0 0 0 0 0 0 0 0 0 0 0 0 0 0 0 0 0 0 0
0 0 0 0 0 0 0 0 0 0 0 0 0 0 0 0 0 0 0 0 0 0 0 0
##$SHL_GCOCOEFFS6= (0..59)
0 0 0 0 0 0 0 0 0 0 0 0 0 0 0 0 0 0 0 0 0 0 0 0 0 0 0 0 0 0 0 0 0 0 0 0
0 0 0 0 0 0 0 0 0 0 0 0 0 0 0 0 0 0 0 0 0 0 0 0
##$SHL_GCOCOEFFS7= (0..59)
0 0 0 0 0 0 0 0 0 0 0 0 0 0 0 0 0 0 0 0 0 0 0 0 0 0 0 0 0 0 0 0 0 0 0 0
0 0 0 0 0 0 0 0 0 0 0 0 0 0 0 0 0 0 0 0 0 0 0 0
##$SHL_GCOCOEFFS8= (0..59)
0 0 0 0 0 0 0 0 0 0 0 0 0 0 0 0 0 0 0 0 0 0 0 0 0 0 0 0 0 0 0 0 0 0 0 0
0 0 0 0 0 0 0 0 0 0 0 0 0 0 0 0 0 0 0 0 0 0 0 0
##$SHL_GCOCOEFFS9= (0..59)
0 0 0 0 0 0 0 0 0 0 0 0 0 0 0 0 0 0 0 0 0 0 0 0 0 0 0 0 0 0 0 0 0 0 0 0
0 0 0 0 0 0 0 0 0 0 0 0 0 0 0 0 0 0 0 0 0 0 0 0
##$SHL_INTEGFAC= (0..15)
1 0 0 0 0 0 0 0 0 0 0 0 0 0 0 0
##$SHL_LB= (0..15)
0 0 0 0 0 0 0 0 0 0 0 0 0 0 0 0
##$SHL_LEFTLIMIT= (0..15)
0 0 0 0 0 0 0 0 0 0 0 0 0 0 0 0
##$SHL_LENGTH= (0..15)
25000.000373 0 0 0 0 0 0 0 0 0 0 0 0 0 0 0
##$SHL_MAN= (0..15)
<> <> <> <> <> <> <> <> <> <> <> <> <> <> <> <>
##$SHL_MEANAMP= (0..15)
0 0 0 0 0 0 0 0 0 0 0 0 0 0 0 0
##$SHL_MODAMP= (0..15)
0 0 0 0 0 0 0 0 0 0 0 0 0 0 0 0
##$SHL_MODE= (0..15)
0 0 0 0 0 0 0 0 0 0 0 0 0 0 0 0
##$SHL_MODFREQ= (0..15)
0 0 0 0 0 0 0 0 0 0 0 0 0 0 0 0
##$SHL_MODPHASE= (0..15)
0 0 0 0 0 0 0 0 0 0 0 0 0 0 0 0
##$SHL_MODSCALE= (0..15)
0 0 0 0 0 0 0 0 0 0 0 0 0 0 0 0
##$SHL_MODSW= (0..15)
0 0 0 0 0 0 0 0 0 0 0 0 0 0 0 0
##$SHL_MODSWDIR= (0..15)
-1 -1 -1 -1 -1 -1 -1 -1 -1 -1 -1 -1 -1 -1 -1 -1
##$SHL_MU= (0..15)
0 0 0 0 0 0 0 0 0 0 0 0 0 0 0 0
##$SHL_NPOINTS= (0..15)
1250 0 0 0 0 0 0 0 0 0 0 0 0 0 0 0
##$SHL_OFFS= (0..15)
<> <> <> <> <> <> <> <> <> <> <> <> <> <> <> <>
##$SHL_OFFSCOEFF0= (0..95)
0 0 0 0 0 0 0 0 0 0 0 0 0 0 0 0 0 0 0 0 0 0 0 0 0 0 0 0 0 0 0 0 0 0 0 0
0 0 0 0 0 0 0 0 0 0 0 0 0 0 0 0 0 0 0 0 0 0 0 0 0 0 0 0 0 0 0 0 0 0 0 0
0 0 0 0 0 0 0 0 0 0 0 0 0 0 0 0 0 0 0 0 0 0 0 0
##$SHL_OFFSCOEFF1= (0..95)
0 0 0 0 0 0 0 0 0 0 0 0 0 0 0 0 0 0 0 0 0 0 0 0 0 0 0 0 0 0 0 0 0 0 0 0
0 0 0 0 0 0 0 0 0 0 0 0 0 0 0 0 0 0 0 0 0 0 0 0 0 0 0 0 0 0 0 0 0 0 0 0
0 0 0 0 0 0 0 0 0 0 0 0 0 0 0 0 0 0 0 0 0 0 0 0
##$SHL_OFFSCOEFF10= (0..95)
0 0 0 0 0 0 0 0 0 0 0 0 0 0 0 0 0 0 0 0 0 0 0 0 0 0 0 0 0 0 0 0 0 0 0 0
0 0 0 0 0 0 0 0 0 0 0 0 0 0 0 0 0 0 0 0 0 0 0 0 0 0 0 0 0 0 0 0 0 0 0 0
0 0 0 0 0 0 0 0 0 0 0 0 0 0 0 0 0 0 0 0 0 0 0 0
##$SHL_OFFSCOEFF11= (0..95)
0 0 0 0 0 0 0 0 0 0 0 0 0 0 0 0 0 0 0 0 0 0 0 0 0 0 0 0 0 0 0 0 0 0 0 0
0 0 0 0 0 0 0 0 0 0 0 0 0 0 0 0 0 0 0 0 0 0 0 0 0 0 0 0 0 0 0 0 0 0 0 0
0 0 0 0 0 0 0 0 0 0 0 0 0 0 0 0 0 0 0 0 0 0 0 0
##$SHL_OFFSCOEFF12= (0..95)
0 0 0 0 0 0 0 0 0 0 0 0 0 0 0 0 0 0 0 0 0 0 0 0 0 0 0 0 0 0 0 0 0 0 0 0
0 0 0 0 0 0 0 0 0 0 0 0 0 0 0 0 0 0 0 0 0 0 0 0 0 0 0 0 0 0 0 0 0 0 0 0
0 0 0 0 0 0 0 0 0 0 0 0 0 0 0 0 0 0 0 0 0 0 0 0
##$SHL_OFFSCOEFF13= (0..95)
0 0 0 0 0 0 0 0 0 0 0 0 0 0 0 0 0 0 0 0 0 0 0 0 0 0 0 0 0 0 0 0 0 0 0 0
0 0 0 0 0 0 0 0 0 0 0 0 0 0 0 0 0 0 0 0 0 0 0 0 0 0 0 0 0 0 0 0 0 0 0 0
0 0 0 0 0 0 0 0 0 0 0 0 0 0 0 0 0 0 0 0 0 0 0 0
##$SHL_OFFSCOEFF14= (0..95)
0 0 0 0 0 0 0 0 0 0 0 0 0 0 0 0 0 0 0 0 0 0 0 0 0 0 0 0 0 0 0 0 0 0 0 0
0 0 0 0 0 0 0 0 0 0 0 0 0 0 0 0 0 0 0 0 0 0 0 0 0 0 0 0 0 0 0 0 0 0 0 0
0 0 0 0 0 0 0 0 0 0 0 0 0 0 0 0 0 0 0 0 0 0 0 0
##$SHL_OFFSCOEFF15= (0..95)
0 0 0 0 0 0 0 0 0 0 0 0 0 0 0 0 0 0 0 0 0 0 0 0 0 0 0 0 0 0 0 0 0 0 0 0
0 0 0 0 0 0 0 0 0 0 0 0 0 0 0 0 0 0 0 0 0 0 0 0 0 0 0 0 0 0 0 0 0 0 0 0
0 0 0 0 0 0 0 0 0 0 0 0 0 0 0 0 0 0 0 0 0 0 0 0
##$SHL_OFFSCOEFF2= (0..95)
0 0 0 0 0 0 0 0 0 0 0 0 0 0 0 0 0 0 0 0 0 0 0 0 0 0 0 0 0 0 0 0 0 0 0 0
0 0 0 0 0 0 0 0 0 0 0 0 0 0 0 0 0 0 0 0 0 0 0 0 0 0 0 0 0 0 0 0 0 0 0 0
0 0 0 0 0 0 0 0 0 0 0 0 0 0 0 0 0 0 0 0 0 0 0 0
##$SHL_OFFSCOEFF3= (0..95)
0 0 0 0 0 0 0 0 0 0 0 0 0 0 0 0 0 0 0 0 0 0 0 0 0 0 0 0 0 0 0 0 0 0 0 0
0 0 0 0 0 0 0 0 0 0 0 0 0 0 0 0 0 0 0 0 0 0 0 0 0 0 0 0 0 0 0 0 0 0 0 0
0 0 0 0 0 0 0 0 0 0 0 0 0 0 0 0 0 0 0 0 0 0 0 0
##$SHL_OFFSCOEFF4= (0..95)
0 0 0 0 0 0 0 0 0 0 0 0 0 0 0 0 0 0 0 0 0 0 0 0 0 0 0 0 0 0 0 0 0 0 0 0
0 0 0 0 0 0 0 0 0 0 0 0 0 0 0 0 0 0 0 0 0 0 0 0 0 0 0 0 0 0 0 0 0 0 0 0
0 0 0 0 0 0 0 0 0 0 0 0 0 0 0 0 0 0 0 0 0 0 0 0
##$SHL_OFFSCOEFF5= (0..95)
0 0 0 0 0 0 0 0 0 0 0 0 0 0 0 0 0 0 0 0 0 0 0 0 0 0 0 0 0 0 0 0 0 0 0 0
0 0 0 0 0 0 0 0 0 0 0 0 0 0 0 0 0 0 0 0 0 0 0 0 0 0 0 0 0 0 0 0 0 0 0 0
0 0 0 0 0 0 0 0 0 0 0 0 0 0 0 0 0 0 0 0 0 0 0 0
##$SHL_OFFSCOEFF6= (0..95)
0 0 0 0 0 0 0 0 0 0 0 0 0 0 0 0 0 0 0 0 0 0 0 0 0 0 0 0 0 0 0 0 0 0 0 0
0 0 0 0 0 0 0 0 0 0 0 0 0 0 0 0 0 0 0 0 0 0 0 0 0 0 0 0 0 0 0 0 0 0 0 0
0 0 0 0 0 0 0 0 0 0 0 0 0 0 0 0 0 0 0 0 0 0 0 0
##$SHL_OFFSCOEFF7= (0..95)
0 0 0 0 0 0 0 0 0 0 0 0 0 0 0 0 0 0 0 0 0 0 0 0 0 0 0 0 0 0 0 0 0 0 0 0
0 0 0 0 0 0 0 0 0 0 0 0 0 0 0 0 0 0 0 0 0 0 0 0 0 0 0 0 0 0 0 0 0 0 0 0
0 0 0 0 0 0 0 0 0 0 0 0 0 0 0 0 0 0 0 0 0 0 0 0
##$SHL_OFFSCOEFF8= (0..95)
0 0 0 0 0 0 0 0 0 0 0 0 0 0 0 0 0 0 0 0 0 0 0 0 0 0 0 0 0 0 0 0 0 0 0 0
0 0 0 0 0 0 0 0 0 0 0 0 0 0 0 0 0 0 0 0 0 0 0 0 0 0 0 0 0 0 0 0 0 0 0 0
0 0 0 0 0 0 0 0 0 0 0 0 0 0 0 0 0 0 0 0 0 0 0 0
##$SHL_OFFSCOEFF9= (0..95)
0 0 0 0 0 0 0 0 0 0 0 0 0 0 0 0 0 0 0 0 0 0 0 0 0 0 0 0 0 0 0 0 0 0 0 0
0 0 0 0 0 0 0 0 0 0 0 0 0 0 0 0 0 0 0 0 0 0 0 0 0 0 0 0 0 0 0 0 0 0 0 0
0 0 0 0 0 0 0 0 0 0 0 0 0 0 0 0 0 0 0 0 0 0 0 0
##$SHL_PHASE= (0..15)
0 0 0 0 0 0 0 0 0 0 0 0 0 0 0 0
##$SHL_PHASEFAC= (0..15)
0 0 0 0 0 0 0 0 0 0 0 0 0 0 0 0
##$SHL_POWERINDEX= (0..15)
0 0 0 0 0 0 0 0 0 0 0 0 0 0 0 0
##$SHL_QUADCOEFF= (0..15)
0 0 0 0 0 0 0 0 0 0 0 0 0 0 0 0
##$SHL_RIGHTLIMIT= (0..15)
0 0 0 0 0 0 0 0 0 0 0 0 0 0 0 0
##$SHL_SCALEFACTOR= (0..15)
1 1 1 1 1 1 1 1 1 1 1 1 1 1 1 1
##$SHL_SF= (0..15)
<> <> <> <> <> <> <> <> <> <> <> <> <> <> <> <>
##$SHL_SFCOEFFS0= (0..200)
0 0 0 0 0 0 0 0 0 0 0 0 0 0 0 0 0 0 0 0 0 0 0 0 0 0 0 0 0 0 0 0 0 0 0 0
0 0 0 0 0 0 0 0 0 0 0 0 0 0 0 0 0 0 0 0 0 0 0 0 0 0 0 0 0 0 0 0 0 0 0 0
0 0 0 0 0 0 0 0 0 0 0 0 0 0 0 0 0 0 0 0 0 0 0 0 0 0 0 0 0 0 0 0 0 0 0 0
0 0 0 0 0 0 0 0 0 0 0 0 0 0 0 0 0 0 0 0 0 0 0 0 0 0 0 0 0 0 0 0 0 0 0 0
0 0 0 0 0 0 0 0 0 0 0 0 0 0 0 0 0 0 0 0 0 0 0 0 0 0 0 0 0 0 0 0 0 0 0 0
0 0 0 0 0 0 0 0 0 0 0 0 0 0 0 0 0 0 0 0 0
##$SHL_SFCOEFFS1= (0..200)
0 0 0 0 0 0 0 0 0 0 0 0 0 0 0 0 0 0 0 0 0 0 0 0 0 0 0 0 0 0 0 0 0 0 0 0
0 0 0 0 0 0 0 0 0 0 0 0 0 0 0 0 0 0 0 0 0 0 0 0 0 0 0 0 0 0 0 0 0 0 0 0
0 0 0 0 0 0 0 0 0 0 0 0 0 0 0 0 0 0 0 0 0 0 0 0 0 0 0 0 0 0 0 0 0 0 0 0
0 0 0 0 0 0 0 0 0 0 0 0 0 0 0 0 0 0 0 0 0 0 0 0 0 0 0 0 0 0 0 0 0 0 0 0
0 0 0 0 0 0 0 0 0 0 0 0 0 0 0 0 0 0 0 0 0 0 0 0 0 0 0 0 0 0 0 0 0 0 0 0
0 0 0 0 0 0 0 0 0 0 0 0 0 0 0 0 0 0 0 0 0
##$SHL_SFCOEFFS10= (0..200)
0 0 0 0 0 0 0 0 0 0 0 0 0 0 0 0 0 0 0 0 0 0 0 0 0 0 0 0 0 0 0 0 0 0 0 0
0 0 0 0 0 0 0 0 0 0 0 0 0 0 0 0 0 0 0 0 0 0 0 0 0 0 0 0 0 0 0 0 0 0 0 0
0 0 0 0 0 0 0 0 0 0 0 0 0 0 0 0 0 0 0 0 0 0 0 0 0 0 0 0 0 0 0 0 0 0 0 0
0 0 0 0 0 0 0 0 0 0 0 0 0 0 0 0 0 0 0 0 0 0 0 0 0 0 0 0 0 0 0 0 0 0 0 0
0 0 0 0 0 0 0 0 0 0 0 0 0 0 0 0 0 0 0 0 0 0 0 0 0 0 0 0 0 0 0 0 0 0 0 0
0 0 0 0 0 0 0 0 0 0 0 0 0 0 0 0 0 0 0 0 0
##$SHL_SFCOEFFS11= (0..200)
0 0 0 0 0 0 0 0 0 0 0 0 0 0 0 0 0 0 0 0 0 0 0 0 0 0 0 0 0 0 0 0 0 0 0 0
0 0 0 0 0 0 0 0 0 0 0 0 0 0 0 0 0 0 0 0 0 0 0 0 0 0 0 0 0 0 0 0 0 0 0 0
0 0 0 0 0 0 0 0 0 0 0 0 0 0 0 0 0 0 0 0 0 0 0 0 0 0 0 0 0 0 0 0 0 0 0 0
0 0 0 0 0 0 0 0 0 0 0 0 0 0 0 0 0 0 0 0 0 0 0 0 0 0 0 0 0 0 0 0 0 0 0 0
0 0 0 0 0 0 0 0 0 0 0 0 0 0 0 0 0 0 0 0 0 0 0 0 0 0 0 0 0 0 0 0 0 0 0 0
0 0 0 0 0 0 0 0 0 0 0 0 0 0 0 0 0 0 0 0 0
##$SHL_SFCOEFFS12= (0..200)
0 0 0 0 0 0 0 0 0 0 0 0 0 0 0 0 0 0 0 0 0 0 0 0 0 0 0 0 0 0 0 0 0 0 0 0
0 0 0 0 0 0 0 0 0 0 0 0 0 0 0 0 0 0 0 0 0 0 0 0 0 0 0 0 0 0 0 0 0 0 0 0
0 0 0 0 0 0 0 0 0 0 0 0 0 0 0 0 0 0 0 0 0 0 0 0 0 0 0 0 0 0 0 0 0 0 0 0
0 0 0 0 0 0 0 0 0 0 0 0 0 0 0 0 0 0 0 0 0 0 0 0 0 0 0 0 0 0 0 0 0 0 0 0
0 0 0 0 0 0 0 0 0 0 0 0 0 0 0 0 0 0 0 0 0 0 0 0 0 0 0 0 0 0 0 0 0 0 0 0
0 0 0 0 0 0 0 0 0 0 0 0 0 0 0 0 0 0 0 0 0
##$SHL_SFCOEFFS13= (0..200)
0 0 0 0 0 0 0 0 0 0 0 0 0 0 0 0 0 0 0 0 0 0 0 0 0 0 0 0 0 0 0 0 0 0 0 0
0 0 0 0 0 0 0 0 0 0 0 0 0 0 0 0 0 0 0 0 0 0 0 0 0 0 0 0 0 0 0 0 0 0 0 0
0 0 0 0 0 0 0 0 0 0 0 0 0 0 0 0 0 0 0 0 0 0 0 0 0 0 0 0 0 0 0 0 0 0 0 0
0 0 0 0 0 0 0 0 0 0 0 0 0 0 0 0 0 0 0 0 0 0 0 0 0 0 0 0 0 0 0 0 0 0 0 0
0 0 0 0 0 0 0 0 0 0 0 0 0 0 0 0 0 0 0 0 0 0 0 0 0 0 0 0 0 0 0 0 0 0 0 0
0 0 0 0 0 0 0 0 0 0 0 0 0 0 0 0 0 0 0 0 0
##$SHL_SFCOEFFS14= (0..200)
0 0 0 0 0 0 0 0 0 0 0 0 0 0 0 0 0 0 0 0 0 0 0 0 0 0 0 0 0 0 0 0 0 0 0 0
0 0 0 0 0 0 0 0 0 0 0 0 0 0 0 0 0 0 0 0 0 0 0 0 0 0 0 0 0 0 0 0 0 0 0 0
0 0 0 0 0 0 0 0 0 0 0 0 0 0 0 0 0 0 0 0 0 0 0 0 0 0 0 0 0 0 0 0 0 0 0 0
0 0 0 0 0 0 0 0 0 0 0 0 0 0 0 0 0 0 0 0 0 0 0 0 0 0 0 0 0 0 0 0 0 0 0 0
0 0 0 0 0 0 0 0 0 0 0 0 0 0 0 0 0 0 0 0 0 0 0 0 0 0 0 0 0 0 0 0 0 0 0 0
0 0 0 0 0 0 0 0 0 0 0 0 0 0 0 0 0 0 0 0 0
##$SHL_SFCOEFFS15= (0..200)
0 0 0 0 0 0 0 0 0 0 0 0 0 0 0 0 0 0 0 0 0 0 0 0 0 0 0 0 0 0 0 0 0 0 0 0
0 0 0 0 0 0 0 0 0 0 0 0 0 0 0 0 0 0 0 0 0 0 0 0 0 0 0 0 0 0 0 0 0 0 0 0
0 0 0 0 0 0 0 0 0 0 0 0 0 0 0 0 0 0 0 0 0 0 0 0 0 0 0 0 0 0 0 0 0 0 0 0
0 0 0 0 0 0 0 0 0 0 0 0 0 0 0 0 0 0 0 0 0 0 0 0 0 0 0 0 0 0 0 0 0 0 0 0
0 0 0 0 0 0 0 0 0 0 0 0 0 0 0 0 0 0 0 0 0 0 0 0 0 0 0 0 0 0 0 0 0 0 0 0
0 0 0 0 0 0 0 0 0 0 0 0 0 0 0 0 0 0 0 0 0
##$SHL_SFCOEFFS2= (0..200)
0 0 0 0 0 0 0 0 0 0 0 0 0 0 0 0 0 0 0 0 0 0 0 0 0 0 0 0 0 0 0 0 0 0 0 0
0 0 0 0 0 0 0 0 0 0 0 0 0 0 0 0 0 0 0 0 0 0 0 0 0 0 0 0 0 0 0 0 0 0 0 0
0 0 0 0 0 0 0 0 0 0 0 0 0 0 0 0 0 0 0 0 0 0 0 0 0 0 0 0 0 0 0 0 0 0 0 0
0 0 0 0 0 0 0 0 0 0 0 0 0 0 0 0 0 0 0 0 0 0 0 0 0 0 0 0 0 0 0 0 0 0 0 0
0 0 0 0 0 0 0 0 0 0 0 0 0 0 0 0 0 0 0 0 0 0 0 0 0 0 0 0 0 0 0 0 0 0 0 0
0 0 0 0 0 0 0 0 0 0 0 0 0 0 0 0 0 0 0 0 0
##$SHL_SFCOEFFS3= (0..200)
0 0 0 0 0 0 0 0 0 0 0 0 0 0 0 0 0 0 0 0 0 0 0 0 0 0 0 0 0 0 0 0 0 0 0 0
0 0 0 0 0 0 0 0 0 0 0 0 0 0 0 0 0 0 0 0 0 0 0 0 0 0 0 0 0 0 0 0 0 0 0 0
0 0 0 0 0 0 0 0 0 0 0 0 0 0 0 0 0 0 0 0 0 0 0 0 0 0 0 0 0 0 0 0 0 0 0 0
0 0 0 0 0 0 0 0 0 0 0 0 0 0 0 0 0 0 0 0 0 0 0 0 0 0 0 0 0 0 0 0 0 0 0 0
0 0 0 0 0 0 0 0 0 0 0 0 0 0 0 0 0 0 0 0 0 0 0 0 0 0 0 0 0 0 0 0 0 0 0 0
0 0 0 0 0 0 0 0 0 0 0 0 0 0 0 0 0 0 0 0 0
##$SHL_SFCOEFFS4= (0..200)
0 0 0 0 0 0 0 0 0 0 0 0 0 0 0 0 0 0 0 0 0 0 0 0 0 0 0 0 0 0 0 0 0 0 0 0
0 0 0 0 0 0 0 0 0 0 0 0 0 0 0 0 0 0 0 0 0 0 0 0 0 0 0 0 0 0 0 0 0 0 0 0
0 0 0 0 0 0 0 0 0 0 0 0 0 0 0 0 0 0 0 0 0 0 0 0 0 0 0 0 0 0 0 0 0 0 0 0
0 0 0 0 0 0 0 0 0 0 0 0 0 0 0 0 0 0 0 0 0 0 0 0 0 0 0 0 0 0 0 0 0 0 0 0
0 0 0 0 0 0 0 0 0 0 0 0 0 0 0 0 0 0 0 0 0 0 0 0 0 0 0 0 0 0 0 0 0 0 0 0
0 0 0 0 0 0 0 0 0 0 0 0 0 0 0 0 0 0 0 0 0
##$SHL_SFCOEFFS5= (0..200)
0 0 0 0 0 0 0 0 0 0 0 0 0 0 0 0 0 0 0 0 0 0 0 0 0 0 0 0 0 0 0 0 0 0 0 0
0 0 0 0 0 0 0 0 0 0 0 0 0 0 0 0 0 0 0 0 0 0 0 0 0 0 0 0 0 0 0 0 0 0 0 0
0 0 0 0 0 0 0 0 0 0 0 0 0 0 0 0 0 0 0 0 0 0 0 0 0 0 0 0 0 0 0 0 0 0 0 0
0 0 0 0 0 0 0 0 0 0 0 0 0 0 0 0 0 0 0 0 0 0 0 0 0 0 0 0 0 0 0 0 0 0 0 0
0 0 0 0 0 0 0 0 0 0 0 0 0 0 0 0 0 0 0 0 0 0 0 0 0 0 0 0 0 0 0 0 0 0 0 0
0 0 0 0 0 0 0 0 0 0 0 0 0 0 0 0 0 0 0 0 0
##$SHL_SFCOEFFS6= (0..200)
0 0 0 0 0 0 0 0 0 0 0 0 0 0 0 0 0 0 0 0 0 0 0 0 0 0 0 0 0 0 0 0 0 0 0 0
0 0 0 0 0 0 0 0 0 0 0 0 0 0 0 0 0 0 0 0 0 0 0 0 0 0 0 0 0 0 0 0 0 0 0 0
0 0 0 0 0 0 0 0 0 0 0 0 0 0 0 0 0 0 0 0 0 0 0 0 0 0 0 0 0 0 0 0 0 0 0 0
0 0 0 0 0 0 0 0 0 0 0 0 0 0 0 0 0 0 0 0 0 0 0 0 0 0 0 0 0 0 0 0 0 0 0 0
0 0 0 0 0 0 0 0 0 0 0 0 0 0 0 0 0 0 0 0 0 0 0 0 0 0 0 0 0 0 0 0 0 0 0 0
0 0 0 0 0 0 0 0 0 0 0 0 0 0 0 0 0 0 0 0 0
##$SHL_SFCOEFFS7= (0..200)
0 0 0 0 0 0 0 0 0 0 0 0 0 0 0 0 0 0 0 0 0 0 0 0 0 0 0 0 0 0 0 0 0 0 0 0
0 0 0 0 0 0 0 0 0 0 0 0 0 0 0 0 0 0 0 0 0 0 0 0 0 0 0 0 0 0 0 0 0 0 0 0
0 0 0 0 0 0 0 0 0 0 0 0 0 0 0 0 0 0 0 0 0 0 0 0 0 0 0 0 0 0 0 0 0 0 0 0
0 0 0 0 0 0 0 0 0 0 0 0 0 0 0 0 0 0 0 0 0 0 0 0 0 0 0 0 0 0 0 0 0 0 0 0
0 0 0 0 0 0 0 0 0 0 0 0 0 0 0 0 0 0 0 0 0 0 0 0 0 0 0 0 0 0 0 0 0 0 0 0
0 0 0 0 0 0 0 0 0 0 0 0 0 0 0 0 0 0 0 0 0
##$SHL_SFCOEFFS8= (0..200)
0 0 0 0 0 0 0 0 0 0 0 0 0 0 0 0 0 0 0 0 0 0 0 0 0 0 0 0 0 0 0 0 0 0 0 0
0 0 0 0 0 0 0 0 0 0 0 0 0 0 0 0 0 0 0 0 0 0 0 0 0 0 0 0 0 0 0 0 0 0 0 0
0 0 0 0 0 0 0 0 0 0 0 0 0 0 0 0 0 0 0 0 0 0 0 0 0 0 0 0 0 0 0 0 0 0 0 0
0 0 0 0 0 0 0 0 0 0 0 0 0 0 0 0 0 0 0 0 0 0 0 0 0 0 0 0 0 0 0 0 0 0 0 0
0 0 0 0 0 0 0 0 0 0 0 0 0 0 0 0 0 0 0 0 0 0 0 0 0 0 0 0 0 0 0 0 0 0 0 0
0 0 0 0 0 0 0 0 0 0 0 0 0 0 0 0 0 0 0 0 0
##$SHL_SFCOEFFS9= (0..200)
0 0 0 0 0 0 0 0 0 0 0 0 0 0 0 0 0 0 0 0 0 0 0 0 0 0 0 0 0 0 0 0 0 0 0 0
0 0 0 0 0 0 0 0 0 0 0 0 0 0 0 0 0 0 0 0 0 0 0 0 0 0 0 0 0 0 0 0 0 0 0 0
0 0 0 0 0 0 0 0 0 0 0 0 0 0 0 0 0 0 0 0 0 0 0 0 0 0 0 0 0 0 0 0 0 0 0 0
0 0 0 0 0 0 0 0 0 0 0 0 0 0 0 0 0 0 0 0 0 0 0 0 0 0 0 0 0 0 0 0 0 0 0 0
0 0 0 0 0 0 0 0 0 0 0 0 0 0 0 0 0 0 0 0 0 0 0 0 0 0 0 0 0 0 0 0 0 0 0 0
0 0 0 0 0 0 0 0 0 0 0 0 0 0 0 0 0 0 0 0 0
##$SHL_SMOOTHED= (0..15)
0 0 0 0 0 0 0 0 0 0 0 0 0 0 0 0
##$SHL_SMOOTHING= (0..15)
0 0 0 0 0 0 0 0 0 0 0 0 0 0 0 0
##$SHL_SPOAL= (0..15)
0 0 0 0 0 0 0 0 0 0 0 0 0 0 0 0
##$SHL_SPOFFS= (0..15)
0 0 0 0 0 0 0 0 0 0 0 0 0 0 0 0
##$SHL_SPOPH= (0..15)
0 0 0 0 0 0 0 0 0 0 0 0 0 0 0 0
##$SHL_STARTAMP= (0..15)
0 0 0 0 0 0 0 0 0 0 0 0 0 0 0 0
##$SHL_SW= (0..15)
0 0 0 0 0 0 0 0 0 0 0 0 0 0 0 0
##$SHL_SWDIR= (0..15)
-1 -1 -1 -1 -1 -1 -1 -1 -1 -1 -1 -1 -1 -1 -1 -1
##$SHL_TANKAPPA= (0..15)
0 0 0 0 0 0 0 0 0 0 0 0 0 0 0 0
##$SHL_TOTROT= (0..15)
90 0 0 0 0 0 0 0 0 0 0 0 0 0 0 0
##$SHL_TRUNCLEV= (0..15)
0 0 0 0 0 0 0 0 0 0 0 0 0 0 0 0
##$SHL_TYPE= (0..15)
<Excitation> <> <> <> <> <> <> <> <> <> <> <> <> <> <> <>
##$SHL_WINDOWSIZE= (0..15)
0 0 0 0 0 0 0 0 0 0 0 0 0 0 0 0
##$SHL_ZETA= (0..15)
0 0 0 0 0 0 0 0 0 0 0 0 0 0 0 0
##NPOINTS= 1250
##XYPOINTS= (XY..XY)
100.000000, 243.317020
100.000000, 242.927401
100.000000, 242.537782
100.000000, 242.148163
100.000000, 241.758544
100.000000, 241.368925
100.000000, 240.979306
100.000000, 240.589687
100.000000, 240.200068
100.000000, 239.810449
100.000000, 239.420830
100.000000, 239.031211
100.000000, 238.641593
100.000000, 238.251974
100.000000, 237.862355
100.000000, 237.472736
100.000000, 237.083117
100.000000, 236.693498
100.000000, 236.303879
100.000000, 235.914260
100.000000, 235.524641
100.000000, 235.135022
100.000000, 234.745403
100.000000, 234.355784
100.000000, 233.966165
100.000000, 233.576547
100.000000, 233.186928
100.000000, 232.797309
100.000000, 232.407690
100.000000, 232.018071
100.000000, 231.628452
100.000000, 231.238833
100.000000, 230.849214
100.000000, 230.459595
100.000000, 230.069976
100.000000, 229.680357
100.000000, 229.290738
100.000000, 228.901119
100.000000, 228.511500
100.000000, 228.121882
100.000000, 227.732263
100.000000, 227.342644
100.000000, 226.953025
100.000000, 226.563406
100.000000, 226.173787
100.000000, 225.784168
100.000000, 225.394549
100.000000, 225.004930
100.000000, 224.615311
100.000000, 224.225692
100.000000, 223.836073
100.000000, 223.446454
100.000000, 223.056835
100.000000, 222.667217
100.000000, 222.277598
100.000000, 221.887979
100.000000, 221.498360
100.000000, 221.108741
100.000000, 220.719122
100.000000, 220.329503
100.000000, 219.939884
100.000000, 219.550265
100.000000, 219.160646
100.000000, 218.771027
100.000000, 218.381408
100.000000, 217.991789
100.000000, 217.602171
100.000000, 217.212552
100.000000, 216.822933
100.000000, 216.433314
100.000000, 216.043695
100.000000, 215.654076
100.000000, 215.264457
100.000000, 214.874838
100.000000, 214.485219
100.000000, 214.095600
100.000000, 213.705981
100.000000, 213.316362
100.000000, 212.926743
100.000000, 212.537124
100.000000, 212.147506
100.000000, 211.757887
100.000000, 211.368268
100.000000, 210.978649
100.000000, 210.589030
100.000000, 210.199411
100.000000, 209.809792
100.000000, 209.420173
100.000000, 209.030554
100.000000, 208.640935
100.000000, 208.251316
100.000000, 207.861697
100.000000, 207.472078
100.000000, 207.082459
100.000000, 206.692841
100.000000, 206.303222
100.000000, 205.913603
100.000000, 205.523984
100.000000, 205.134365
100.000000, 204.744746
100.000000, 204.355127
100.000000, 203.965508
100.000000, 203.575889
100.000000, 203.186270
100.000000, 202.796651
100.000000, 202.407032
100.000000, 202.017413
100.000000, 201.627795
100.000000, 201.238176
100.000000, 200.848557
100.000000, 200.458938
100.000000, 200.069319
100.000000, 199.679700
100.000000, 199.290081
100.000000, 198.900462
100.000000, 198.510843
100.000000, 198.121224
100.000000, 197.731605
100.000000, 197.341986
100.000000, 196.952367
100.000000, 196.562748
100.000000, 196.173130
100.000000, 195.783511
100.000000, 195.393892
100.000000, 195.004273
100.000000, 194.614654
100.000000, 194.225035
100.000000, 193.835416
100.000000, 193.445797
100.000000, 193.056178
100.000000, 192.666559
100.000000, 192.276940
100.000000, 191.887321
100.000000, 191.497702
100.000000, 191.108084
100.000000, 190.718465
100.000000, 190.328846
100.000000, 189.939227
100.000000, 189.549608
100.000000, 189.159989
100.000000, 188.770370
100.000000, 188.380751
100.000000, 187.991132
100.000000, 187.601513
100.000000, 187.211894
100.000000, 186.822275
100.000000, 186.432656
100.000000, 186.043037
100.000000, 185.653419
100.000000, 185.263800
100.000000, 184.874181
100.000000, 184.484562
100.000000, 184.094943
100.000000, 183.705324
100.000000, 183.315705
100.000000, 182.926086
100.000000, 182.536467
100.000000, 182.146848
100.000000, 181.757229
100.000000, 181.367610
100.000000, 180.977991
100.000000, 180.588372
100.000000, 180.198754
100.000000, 179.809135
100.000000, 179.419516
100.000000, 179.029897
100.000000, 178.640278
100.000000, 178.250659
100.000000, 177.861040
100.000000, 177.471421
100.000000, 177.081802
100.000000, 176.692183
100.000000, 176.302564
100.000000, 175.912945
100.000000, 175.523326
100.000000, 175.133708
100.000000, 174.744089
100.000000, 174.354470
100.000000, 173.964851
100.000000, 173.575232
100.000000, 173.185613
100.000000, 172.795994
100.000000, 172.406375
100.000000, 172.016756
100.000000, 171.627137
100.000000, 171.237518
100.000000, 170.847899
100.000000, 170.458280
100.000000, 170.068661
100.000000, 169.679043
100.000000, 169.289424
100.000000, 168.899805
100.000000, 168.510186
100.000000, 168.120567
100.000000, 167.730948
100.000000, 167.341329
100.000000, 166.951710
100.000000, 166.562091
100.000000, 166.172472
100.000000, 165.782853
100.000000, 165.393234
100.000000, 165.003615
100.000000, 164.613996
100.000000, 164.224378
100.000000, 163.834759
100.000000, 163.445140
100.000000, 163.055521
100.000000, 162.665902
100.000000, 162.276283
100.000000, 161.886664
100.000000, 161.497045
100.000000, 161.107426
100.000000, 160.717807
100.000000, 160.328188
100.000000, 159.938569
100.000000, 159.548950
100.000000, 159.159332
100.000000, 158.769713
100.000000, 158.380094
100.000000, 157.990475
100.000000, 157.600856
100.000000, 157.211237
100.000000, 156.821618
100.000000, 156.431999
100.000000, 156.042380
100.000000, 155.652761
100.000000, 155.263142
100.000000, 154.873523
100.000000, 154.483904
100.000000, 154.094285
100.000000, 153.704667
100.000000, 153.315048
100.000000, 152.925429
100.000000, 152.535810
100.000000, 152.146191
100.000000, 151.756572
100.000000, 151.366953
100.000000, 150.977334
100.000000, 150.587715
100.000000, 150.198096
100.000000, 149.808477
100.000000, 149.418858
100.000000, 149.029239
100.000000, 148.639621
100.000000, 148.250002
100.000000, 147.860383
100.000000, 147.470764
100.000000, 147.081145
100.000000, 146.691526
100.000000, 146.301907
100.000000, 145.912288
100.000000, 145.522669
100.000000, 145.133050
100.000000, 144.743431
100.000000, 144.353812
100.000000, 143.964193
100.000000, 143.574574
100.000000, 143.184956
100.000000, 142.795337
100.000000, 142.405718
100.000000, 142.016099
100.000000, 141.626480
100.000000, 141.236861
100.000000, 140.847242
100.000000, 140.457623
100.000000, 140.068004
100.000000, 139.678385
100.000000, 139.288766
100.000000, 138.899147
100.000000, 138.509528
100.000000, 138.119909
100.000000, 137.730291
100.000000, 137.340672
100.000000, 136.951053
100.000000, 136.561434
100.000000, 136.171815
100.000000, 135.782196
100.000000, 135.392577
100.000000, 135.002958
100.000000, 134.613339
100.000000, 134.223720
100.000000, 133.834101
100.000000, 133.444482
100.000000, 133.054863
100.000000, 132.665245
100.000000, 132.275626
100.000000, 131.886007
100.000000, 131.496388
100.000000, 131.106769
100.000000, 130.717150
100.000000, 130.327531
100.000000, 129.937912
100.000000, 129.548293
100.000000, 129.158674
100.000000, 128.769055
100.000000, 128.379436
100.000000, 127.989817
100.000000, 127.600198
100.000000, 127.210580
100.000000, 126.820961
100.000000, 126.431342
100.000000, 126.041723
100.000000, 125.652104
100.000000, 125.262485
100.000000, 124.872866
100.000000, 124.483247
100.000000, 124.093628
100.000000, 123.704009
100.000000, 123.314390
100.000000, 122.924771
100.000000, 122.535152
100.000000, 122.145533
100.000000, 121.755915
100.000000, 121.366296
100.000000, 120.976677
100.000000, 120.587058
100.000000, 120.197439
100.000000, 119.807820
100.000000, 119.418201
100.000000, 119.028582
100.000000, 118.638963
100.000000, 118.249344
100.000000, 117.859725
100.000000, 117.470106
100.000000, 117.080487
100.000000, 116.690869
100.000000, 116.301250
100.000000, 115.911631
100.000000, 115.522012
100.000000, 115.132393
100.000000, 114.742774
100.000000, 114.353155
100.000000, 113.963536
100.000000, 113.573917
100.000000, 113.184298
100.000000, 112.794679
100.000000, 112.405060
100.000000, 112.015441
100.000000, 111.625822
100.000000, 111.236204
100.000000, 110.846585
100.000000, 110.456966
100.000000, 110.067347
100.000000, 109.677728
100.000000, 109.288109
100.000000, 108.898490
100.000000, 108.508871
100.000000, 108.119252
100.000000, 107.729633
100.000000, 107.340014
100.000000, 106.950395
100.000000, 106.560776
100.000000, 106.171158
100.000000, 105.781539
100.000000, 105.391920
100.000000, 105.002301
100.000000, 104.612682
100.000000, 104.223063
100.000000, 103.833444
100.000000, 103.443825
100.000000, 103.054206
100.000000, 102.664587
100.000000, 102.274968
100.000000, 101.885349
100.000000, 101.495730
100.000000, 101.106111
100.000000, 100.716493
100.000000, 100.326874
100.000000, 99.937255
100.000000, 99.547636
100.000000, 99.158017
100.000000, 98.768398
100.000000, 98.378779
100.000000, 97.989160
100.000000, 97.599541
100.000000, 97.209922
100.000000, 96.820303
100.000000, 96.430684
100.000000, 96.041065
100.000000, 95.651446
100.000000, 95.261828
100.000000, 94.872209
100.000000, 94.482590
100.000000, 94.092971
100.000000, 93.703352
100.000000, 93.313733
100.000000, 92.924114
100.000000, 92.534495
100.000000, 92.144876
100.000000, 91.755257
100.000000, 91.365638
100.000000, 90.976019
100.000000, 90.586400
100.000000, 90.196782
100.000000, 89.807163
100.000000, 89.417544
100.000000, 89.027925
100.000000, 88.638306
100.000000, 88.248687
100.000000, 87.859068
100.000000, 87.469449
100.000000, 87.079830
100.000000, 86.690211
100.000000, 86.300592
100.000000, 85.910973
100.000000, 85.521354
100.000000, 85.131735
100.000000, 84.742117
100.000000, 84.352498
100.000000, 83.962879
100.000000, 83.573260
100.000000, 83.183641
100.000000, 82.794022
100.000000, 82.404403
100.000000, 82.014784
100.000000, 81.625165
100.000000, 81.235546
100.000000, 80.845927
100.000000, 80.456308
100.000000, 80.066689
100.000000, 79.677070
100.000000, 79.287452
100.000000, 78.897833
100.000000, 78.508214
100.000000, 78.118595
100.000000, 77.728976
100.000000, 77.339357
100.000000, 76.949738
100.000000, 76.560119
100.000000, 76.170500
100.000000, 75.780881
100.000000, 75.391262
100.000000, 75.001643
100.000000, 74.612024
100.000000, 74.222406
100.000000, 73.832787
100.000000, 73.443168
100.000000, 73.053549
100.000000, 72.663930
100.000000, 72.274311
100.000000, 71.884692
100.000000, 71.495073
100.000000, 71.105454
100.000000, 70.715835
100.000000, 70.326216
100.000000, 69.936597
100.000000, 69.546978
100.000000, 69.157359
100.000000, 68.767741
100.000000, 68.378122
100.000000, 67.988503
100.000000, 67.598884
100.000000, 67.209265
100.000000, 66.819646
100.000000, 66.430027
100.000000, 66.040408
100.000000, 65.650789
100.000000, 65.261170
100.000000, 64.871551
100.000000, 64.481932
100.000000, 64.092313
100.000000, 63.702695
100.000000, 63.313076
100.000000, 62.923457
100.000000, 62.533838
100.000000, 62.144219
100.000000, 61.754600
100.000000, 61.364981
100.000000, 60.975362
100.000000, 60.585743
100.000000, 60.196124
100.000000, 59.806505
100.000000, 59.416886
100.000000, 59.027267
100.000000, 58.637648
100.000000, 58.248030
100.000000, 57.858411
100.000000, 57.468792
100.000000, 57.079173
100.000000, 56.689554
100.000000, 56.299935
100.000000, 55.910316
100.000000, 55.520697
100.000000, 55.131078
100.000000, 54.741459
100.000000, 54.351840
100.000000, 53.962221
100.000000, 53.572602
100.000000, 53.182983
100.000000, 52.793365
100.000000, 52.403746
100.000000, 52.014127
100.000000, 51.624508
100.000000, 51.234889
100.000000, 50.845270
100.000000, 50.455651
100.000000, 50.066032
100.000000, 49.676413
100.000000, 49.286794
100.000000, 48.897175
100.000000, 48.507556
100.000000, 48.117937
100.000000, 47.728319
100.000000, 47.338700
100.000000, 46.949081
100.000000, 46.559462
100.000000, 46.169843
100.000000, 45.780224
100.000000, 45.390605
100.000000, 45.000986
100.000000, 44.611367
100.000000, 44.221748
100.000000, 43.832129
100.000000, 43.442510
100.000000, 43.052891
100.000000, 42.663272
100.000000, 42.273654
100.000000, 41.884035
100.000000, 41.494416
100.000000, 41.104797
100.000000, 40.715178
100.000000, 40.325559
100.000000, 39.935940
100.000000, 39.546321
100.000000, 39.156702
100.000000, 38.767083
100.000000, 38.377464
100.000000, 37.987845
100.000000, 37.598226
100.000000, 37.208607
100.000000, 36.818989
100.000000, 36.429370
100.000000, 36.039751
100.000000, 35.650132
100.000000, 35.260513
100.000000, 34.870894
100.000000, 34.481275
100.000000, 34.091656
100.000000, 33.702037
100.000000, 33.312418
100.000000, 32.922799
100.000000, 32.533180
100.000000, 32.143561
100.000000, 31.753943
100.000000, 31.364324
100.000000, 30.974705
100.000000, 30.585086
100.000000, 30.195467
100.000000, 29.805848
100.000000, 29.416229
100.000000, 29.026610
100.000000, 28.636991
100.000000, 28.247372
100.000000, 27.857753
100.000000, 27.468134
100.000000, 27.078515
100.000000, 26.688896
100.000000, 26.299278
100.000000, 25.909659
100.000000, 25.520040
100.000000, 25.130421
100.000000, 24.740802
100.000000, 24.351183
100.000000, 23.961564
100.000000, 23.571945
100.000000, 23.182326
100.000000, 22.792707
100.000000, 22.403088
100.000000, 22.013469
100.000000, 21.623850
100.000000, 21.234232
100.000000, 20.844613
100.000000, 20.454994
100.000000, 20.065375
100.000000, 19.675756
100.000000, 19.286137
100.000000, 18.896518
100.000000, 18.506899
100.000000, 18.117280
100.000000, 17.727661
100.000000, 17.338042
100.000000, 16.948423
100.000000, 16.558804
100.000000, 16.169185
100.000000, 15.779567
100.000000, 15.389948
100.000000, 15.000329
100.000000, 14.610710
100.000000, 14.221091
100.000000, 13.831472
100.000000, 13.441853
100.000000, 13.052234
100.000000, 12.662615
100.000000, 12.272996
100.000000, 11.883377
100.000000, 11.493758
100.000000, 11.104139
100.000000, 10.714520
100.000000, 10.324902
100.000000, 9.935283
100.000000, 9.545664
100.000000, 9.156045
100.000000, 8.766426
100.000000, 8.376807
100.000000, 7.987188
100.000000, 7.597569
100.000000, 7.207950
100.000000, 6.818331
100.000000, 6.428712
100.000000, 6.039093
100.000000, 5.649474
100.000000, 5.259856
100.000000, 4.870237
100.000000, 4.480618
100.000000, 4.090999
100.000000, 3.701380
100.000000, 3.311761
100.000000, 2.922142
100.000000, 2.532523
100.000000, 2.142904
100.000000, 1.753285
100.000000, 1.363666
100.000000, 0.974047
100.000000, 0.584428
100.000000, 0.194809
100.000000, 359.805191
100.000000, 359.415572
100.000000, 359.025953
100.000000, 358.636334
100.000000, 358.246715
100.000000, 357.857096
100.000000, 357.467477
100.000000, 357.077858
100.000000, 356.688239
100.000000, 356.298620
100.000000, 355.909001
100.000000, 355.519382
100.000000, 355.129763
100.000000, 354.740144
100.000000, 354.350526
100.000000, 353.960907
100.000000, 353.571288
100.000000, 353.181669
100.000000, 352.792050
100.000000, 352.402431
100.000000, 352.012812
100.000000, 351.623193
100.000000, 351.233574
100.000000, 350.843955
100.000000, 350.454336
100.000000, 350.064717
100.000000, 349.675098
100.000000, 349.285480
100.000000, 348.895861
100.000000, 348.506242
100.000000, 348.116623
100.000000, 347.727004
100.000000, 347.337385
100.000000, 346.947766
100.000000, 346.558147
100.000000, 346.168528
100.000000, 345.778909
100.000000, 345.389290
100.000000, 344.999671
100.000000, 344.610052
100.000000, 344.220433
100.000000, 343.830815
100.000000, 343.441196
100.000000, 343.051577
100.000000, 342.661958
100.000000, 342.272339
100.000000, 341.882720
100.000000, 341.493101
100.000000, 341.103482
100.000000, 340.713863
100.000000, 340.324244
100.000000, 339.934625
100.000000, 339.545006
100.000000, 339.155387
100.000000, 338.765768
100.000000, 338.376150
100.000000, 337.986531
100.000000, 337.596912
100.000000, 337.207293
100.000000, 336.817674
100.000000, 336.428055
100.000000, 336.038436
100.000000, 335.648817
100.000000, 335.259198
100.000000, 334.869579
100.000000, 334.479960
100.000000, 334.090341
100.000000, 333.700722
100.000000, 333.311104
100.000000, 332.921485
100.000000, 332.531866
100.000000, 332.142247
100.000000, 331.752628
100.000000, 331.363009
100.000000, 330.973390
100.000000, 330.583771
100.000000, 330.194152
100.000000, 329.804533
100.000000, 329.414914
100.000000, 329.025295
100.000000, 328.635676
100.000000, 328.246057
100.000000, 327.856439
100.000000, 327.466820
100.000000, 327.077201
100.000000, 326.687582
100.000000, 326.297963
100.000000, 325.908344
100.000000, 325.518725
100.000000, 325.129106
100.000000, 324.739487
100.000000, 324.349868
100.000000, 323.960249
100.000000, 323.570630
100.000000, 323.181011
100.000000, 322.791393
100.000000, 322.401774
100.000000, 322.012155
100.000000, 321.622536
100.000000, 321.232917
100.000000, 320.843298
100.000000, 320.453679
100.000000, 320.064060
100.000000, 319.674441
100.000000, 319.284822
100.000000, 318.895203
100.000000, 318.505584
100.000000, 318.115965
100.000000, 317.726346
100.000000, 317.336728
100.000000, 316.947109
100.000000, 316.557490
100.000000, 316.167871
100.000000, 315.778252
100.000000, 315.388633
100.000000, 314.999014
100.000000, 314.609395
100.000000, 314.219776
100.000000, 313.830157
100.000000, 313.440538
100.000000, 313.050919
100.000000, 312.661300
100.000000, 312.271681
100.000000, 311.882063
100.000000, 311.492444
100.000000, 311.102825
100.000000, 310.713206
100.000000, 310.323587
100.000000, 309.933968
100.000000, 309.544349
100.000000, 309.154730
100.000000, 308.765111
100.000000, 308.375492
100.000000, 307.985873
100.000000, 307.596254
100.000000, 307.206635
100.000000, 306.817017
100.000000, 306.427398
100.000000, 306.037779
100.000000, 305.648160
100.000000, 305.258541
100.000000, 304.868922
100.000000, 304.479303
100.000000, 304.089684
100.000000, 303.700065
100.000000, 303.310446
100.000000, 302.920827
100.000000, 302.531208
100.000000, 302.141589
100.000000, 301.751970
100.000000, 301.362352
100.000000, 300.972733
100.000000, 300.583114
100.000000, 300.193495
100.000000, 299.803876
100.000000, 299.414257
100.000000, 299.024638
100.000000, 298.635019
100.000000, 298.245400
100.000000, 297.855781
100.000000, 297.466162
100.000000, 297.076543
100.000000, 296.686924
100.000000, 296.297305
100.000000, 295.907687
100.000000, 295.518068
100.000000, 295.128449
100.000000, 294.738830
100.000000, 294.349211
100.000000, 293.959592
100.000000, 293.569973
100.000000, 293.180354
100.000000, 292.790735
100.000000, 292.401116
100.000000, 292.011497
100.000000, 291.621878
100.000000, 291.232259
100.000000, 290.842641
100.000000, 290.453022
100.000000, 290.063403
100.000000, 289.673784
100.000000, 289.284165
100.000000, 288.894546
100.000000, 288.504927
100.000000, 288.115308
100.000000, 287.725689
100.000000, 287.336070
100.000000, 286.946451
100.000000, 286.556832
100.000000, 286.167213
100.000000, 285.777594
100.000000, 285.387976
100.000000, 284.998357
100.000000, 284.608738
100.000000, 284.219119
100.000000, 283.829500
100.000000, 283.439881
100.000000, 283.050262
100.000000, 282.660643
100.000000, 282.271024
100.000000, 281.881405
100.000000, 281.491786
100.000000, 281.102167
100.000000, 280.712548
100.000000, 280.322930
100.000000, 279.933311
100.000000, 279.543692
100.000000, 279.154073
100.000000, 278.764454
100.000000, 278.374835
100.000000, 277.985216
100.000000, 277.595597
100.000000, 277.205978
100.000000, 276.816359
100.000000, 276.426740
100.000000, 276.037121
100.000000, 275.647502
100.000000, 275.257883
100.000000, 274.868265
100.000000, 274.478646
100.000000, 274.089027
100.000000, 273.699408
100.000000, 273.309789
100.000000, 272.920170
100.000000, 272.530551
100.000000, 272.140932
100.000000, 271.751313
100.000000, 271.361694
100.000000, 270.972075
100.000000, 270.582456
100.000000, 270.192837
100.000000, 269.803218
100.000000, 269.413600
100.000000, 269.023981
100.000000, 268.634362
100.000000, 268.244743
100.000000, 267.855124
100.000000, 267.465505
100.000000, 267.075886
100.000000, 266.686267
100.000000, 266.296648
100.000000, 265.907029
100.000000, 265.517410
100.000000, 265.127791
100.000000, 264.738172
100.000000, 264.348554
100.000000, 263.958935
100.000000, 263.569316
100.000000, 263.179697
100.000000, 262.790078
100.000000, 262.400459
100.000000, 262.010840
100.000000, 261.621221
100.000000, 261.231602
100.000000, 260.841983
100.000000, 260.452364
100.000000, 260.062745
100.000000, 259.673126
100.000000, 259.283507
100.000000, 258.893889
100.000000, 258.504270
100.000000, 258.114651
100.000000, 257.725032
100.000000, 257.335413
100.000000, 256.945794
100.000000, 256.556175
100.000000, 256.166556
100.000000, 255.776937
100.000000, 255.387318
100.000000, 254.997699
100.000000, 254.608080
100.000000, 254.218461
100.000000, 253.828842
100.000000, 253.439224
100.000000, 253.049605
100.000000, 252.659986
100.000000, 252.270367
100.000000, 251.880748
100.000000, 251.491129
100.000000, 251.101510
100.000000, 250.711891
100.000000, 250.322272
100.000000, 249.932653
100.000000, 249.543034
100.000000, 249.153415
100.000000, 248.763796
100.000000, 248.374178
100.000000, 247.984559
100.000000, 247.594940
100.000000, 247.205321
100.000000, 246.815702
100.000000, 246.426083
100.000000, 246.036464
100.000000, 245.646845
100.000000, 245.257226
100.000000, 244.867607
100.000000, 244.477988
100.000000, 244.088369
100.000000, 243.698750
100.000000, 243.309131
100.000000, 242.919513
100.000000, 242.529894
100.000000, 242.140275
100.000000, 241.750656
100.000000, 241.361037
100.000000, 240.971418
100.000000, 240.581799
100.000000, 240.192180
100.000000, 239.802561
100.000000, 239.412942
100.000000, 239.023323
100.000000, 238.633704
100.000000, 238.244085
100.000000, 237.854467
100.000000, 237.464848
100.000000, 237.075229
100.000000, 236.685610
100.000000, 236.295991
100.000000, 235.906372
100.000000, 235.516753
100.000000, 235.127134
100.000000, 234.737515
100.000000, 234.347896
100.000000, 233.958277
100.000000, 233.568658
100.000000, 233.179039
100.000000, 232.789420
100.000000, 232.399802
100.000000, 232.010183
100.000000, 231.620564
100.000000, 231.230945
100.000000, 230.841326
100.000000, 230.451707
100.000000, 230.062088
100.000000, 229.672469
100.000000, 229.282850
100.000000, 228.893231
100.000000, 228.503612
100.000000, 228.113993
100.000000, 227.724374
100.000000, 227.334755
100.000000, 226.945137
100.000000, 226.555518
100.000000, 226.165899
100.000000, 225.776280
100.000000, 225.386661
100.000000, 224.997042
100.000000, 224.607423
100.000000, 224.217804
100.000000, 223.828185
100.000000, 223.438566
100.000000, 223.048947
100.000000, 222.659328
100.000000, 222.269709
100.000000, 221.880091
100.000000, 221.490472
100.000000, 221.100853
100.000000, 220.711234
100.000000, 220.321615
100.000000, 219.931996
100.000000, 219.542377
100.000000, 219.152758
100.000000, 218.763139
100.000000, 218.373520
100.000000, 217.983901
100.000000, 217.594282
100.000000, 217.204663
100.000000, 216.815044
100.000000, 216.425426
100.000000, 216.035807
100.000000, 215.646188
100.000000, 215.256569
100.000000, 214.866950
100.000000, 214.477331
100.000000, 214.087712
100.000000, 213.698093
100.000000, 213.308474
100.000000, 212.918855
100.000000, 212.529236
100.000000, 212.139617
100.000000, 211.749998
100.000000, 211.360379
100.000000, 210.970761
100.000000, 210.581142
100.000000, 210.191523
100.000000, 209.801904
100.000000, 209.412285
100.000000, 209.022666
100.000000, 208.633047
100.000000, 208.243428
100.000000, 207.853809
100.000000, 207.464190
100.000000, 207.074571
100.000000, 206.684952
100.000000, 206.295333
100.000000, 205.905715
100.000000, 205.516096
100.000000, 205.126477
100.000000, 204.736858
100.000000, 204.347239
100.000000, 203.957620
100.000000, 203.568001
100.000000, 203.178382
100.000000, 202.788763
100.000000, 202.399144
100.000000, 202.009525
100.000000, 201.619906
100.000000, 201.230287
100.000000, 200.840668
100.000000, 200.451050
100.000000, 200.061431
100.000000, 199.671812
100.000000, 199.282193
100.000000, 198.892574
100.000000, 198.502955
100.000000, 198.113336
100.000000, 197.723717
100.000000, 197.334098
100.000000, 196.944479
100.000000, 196.554860
100.000000, 196.165241
100.000000, 195.775622
100.000000, 195.386004
100.000000, 194.996385
100.000000, 194.606766
100.000000, 194.217147
100.000000, 193.827528
100.000000, 193.437909
100.000000, 193.048290
100.000000, 192.658671
100.000000, 192.269052
100.000000, 191.879433
100.000000, 191.489814
100.000000, 191.100195
100.000000, 190.710576
100.000000, 190.320957
100.000000, 189.931339
100.000000, 189.541720
100.000000, 189.152101
100.000000, 188.762482
100.000000, 188.372863
100.000000, 187.983244
100.000000, 187.593625
100.000000, 187.204006
100.000000, 186.814387
100.000000, 186.424768
100.000000, 186.035149
100.000000, 185.645530
100.000000, 185.255911
100.000000, 184.866292
100.000000, 184.476674
100.000000, 184.087055
100.000000, 183.697436
100.000000, 183.307817
100.000000, 182.918198
100.000000, 182.528579
100.000000, 182.138960
100.000000, 181.749341
100.000000, 181.359722
100.000000, 180.970103
100.000000, 180.580484
100.000000, 180.190865
100.000000, 179.801246
100.000000, 179.411628
100.000000, 179.022009
100.000000, 178.632390
100.000000, 178.242771
100.000000, 177.853152
100.000000, 177.463533
100.000000, 177.073914
100.000000, 176.684295
100.000000, 176.294676
100.000000, 175.905057
100.000000, 175.515438
100.000000, 175.125819
100.000000, 174.736200
100.000000, 174.346581
100.000000, 173.956963
100.000000, 173.567344
100.000000, 173.177725
100.000000, 172.788106
100.000000, 172.398487
100.000000, 172.008868
100.000000, 171.619249
100.000000, 171.229630
100.000000, 170.840011
100.000000, 170.450392
100.000000, 170.060773
100.000000, 169.671154
100.000000, 169.281535
100.000000, 168.891916
100.000000, 168.502298
100.000000, 168.112679
100.000000, 167.723060
100.000000, 167.333441
100.000000, 166.943822
100.000000, 166.554203
100.000000, 166.164584
100.000000, 165.774965
100.000000, 165.385346
100.000000, 164.995727
100.000000, 164.606108
100.000000, 164.216489
100.000000, 163.826870
100.000000, 163.437252
100.000000, 163.047633
100.000000, 162.658014
100.000000, 162.268395
100.000000, 161.878776
100.000000, 161.489157
100.000000, 161.099538
100.000000, 160.709919
100.000000, 160.320300
100.000000, 159.930681
100.000000, 159.541062
100.000000, 159.151443
100.000000, 158.761824
100.000000, 158.372205
100.000000, 157.982587
100.000000, 157.592968
100.000000, 157.203349
100.000000, 156.813730
100.000000, 156.424111
100.000000, 156.034492
100.000000, 155.644873
100.000000, 155.255254
100.000000, 154.865635
100.000000, 154.476016
100.000000, 154.086397
100.000000, 153.696778
100.000000, 153.307159
100.000000, 152.917541
100.000000, 152.527922
100.000000, 152.138303
100.000000, 151.748684
100.000000, 151.359065
100.000000, 150.969446
100.000000, 150.579827
100.000000, 150.190208
100.000000, 149.800589
100.000000, 149.410970
100.000000, 149.021351
100.000000, 148.631732
100.000000, 148.242113
100.000000, 147.852494
100.000000, 147.462876
100.000000, 147.073257
100.000000, 146.683638
100.000000, 146.294019
100.000000, 145.904400
100.000000, 145.514781
100.000000, 145.125162
100.000000, 144.735543
100.000000, 144.345924
100.000000, 143.956305
100.000000, 143.566686
100.000000, 143.177067
100.000000, 142.787448
100.000000, 142.397829
100.000000, 142.008211
100.000000, 141.618592
100.000000, 141.228973
100.000000, 140.839354
100.000000, 140.449735
100.000000, 140.060116
100.000000, 139.670497
100.000000, 139.280878
100.000000, 138.891259
100.000000, 138.501640
100.000000, 138.112021
100.000000, 137.722402
100.000000, 137.332783
100.000000, 136.943165
100.000000, 136.553546
100.000000, 136.163927
100.000000, 135.774308
100.000000, 135.384689
100.000000, 134.995070
100.000000, 134.605451
100.000000, 134.215832
100.000000, 133.826213
100.000000, 133.436594
100.000000, 133.046975
100.000000, 132.657356
100.000000, 132.267737
100.000000, 131.878118
100.000000, 131.488500
100.000000, 131.098881
100.000000, 130.709262
100.000000, 130.319643
100.000000, 129.930024
100.000000, 129.540405
100.000000, 129.150786
100.000000, 128.761167
100.000000, 128.371548
100.000000, 127.981929
100.000000, 127.592310
100.000000, 127.202691
100.000000, 126.813072
100.000000, 126.423453
100.000000, 126.033835
100.000000, 125.644216
100.000000, 125.254597
100.000000, 124.864978
100.000000, 124.475359
100.000000, 124.085740
100.000000, 123.696121
100.000000, 123.306502
100.000000, 122.916883
100.000000, 122.527264
100.000000, 122.137645
100.000000, 121.748026
100.000000, 121.358407
100.000000, 120.968789
100.000000, 120.579170
100.000000, 120.189551
100.000000, 119.799932
100.000000, 119.410313
100.000000, 119.020694
100.000000, 118.631075
100.000000, 118.241456
100.000000, 117.851837
100.000000, 117.462218
100.000000, 117.072599
100.000000, 116.682980
##END=
