##TITLE= Parameter file, TopSpin 4.3.0
##JCAMPDX= 5.0
##DATATYPE= Parameter Values
##ORIGIN= Bruker BioSpin GmbH
##OWNER= nmrsu
$$ 2024-02-10 16:30:38.049 +0000  nmrsu@4CE1161FJM
$$ C:/Bruker/TopSpin4.3.0/exp/stan/nmr/lists/wave/user/multisupp_aux_d8
$$ process C:\Bruker\TopSpin4.3.0\prog\mod\xwinshape.exe
##MINX= 8.38672500
##MAXX= 99.99652900
##MINY= 0.10327000
##MAXY= 359.89673000
##$SHAPE_ADDPHASE= 0
##$SHAPE_AMP= 99.99652939
##$SHAPE_BWFAC= 0
##$SHAPE_BWFAC50= 0
##$SHAPE_CALCBW= yes
##$SHAPE_CALCINTEG= yes
##$SHAPE_EXMODE= <Excitation>
##$SHAPE_EXPAND= <>
##$SHAPE_EXPANDCF= (0..143)
0 0 0 0 0 0 0 0 0 0 0 0 0 0 0 0 0 0 0 0 0 0 0 0 0 0 0 0 0 0 0 0 0 0 0 0
0 0 0 0 0 0 0 0 0 0 0 0 0 0 0 0 0 0 0 0 0 0 0 0 0 0 0 0 0 0 0 0 0 0 0 0
0 0 0 0 0 0 0 0 0 0 0 0 0 0 0 0 0 0 0 0 0 0 0 0 0 0 0 0 0 0 0 0 0 0 0 0
0 0 0 0 0 0 0 0 0 0 0 0 0 0 0 0 0 0 0 0 0 0 0 0 0 0 0 0 0 0 0 0 0 0 0 0
##$SHAPE_EXPFAC= 0
##$SHAPE_FRACEND= 0
##$SHAPE_FRACORG= 0
##$SHAPE_FRACSTART= 0
##$SHAPE_INTEGFAC= 0
##$SHAPE_KEEPRES= yes
##$SHAPE_LENGTH= 25000.000373
##$SHAPE_MAN= <M>
##$SHAPE_MODE= 4
##$SHAPE_MODFREQ= 0
##$SHAPE_MODPHASE= 0
##$SHAPE_MODSCALE= 0
##$SHAPE_MODSW= 0
##$SHAPE_MODSWDIR= -1
##$SHAPE_NPOINTS= 1250
##$SHAPE_OFFS= <1 4>
##$SHAPE_OFFSCOEFF= (0..95)
54.387939 0 100 -62.277466 0 100 -217.00877 0 100 -285.55342 0 100 0 0
0 0 0 0 0 0 0 0 0 0 0 0 0 0 0 0 0 0 0 0 0 0 0 0 0 0 0 0 0 0 0 0 0 0 0 0
0 0 0 0 0 0 0 0 0 0 0 0 0 0 0 0 0 0 0 0 0 0 0 0 0 0 0 0 0 0 0 0 0 0 0 0
0 0 0 0 0 0 0 0 0 0
##$SHAPE_PARAMETER= <>
##$SHAPE_REPHFAC= 0
##$SHAPE_RES= 0
##$SHAPE_SCALEFAC= 1.00003471
##$SHAPE_SCALETYPE= 0
##$SHAPE_SPOAL= 0
##$SHAPE_SPOFFS= 0
##$SHAPE_SPOPH= 0
##$SHAPE_TOTROT= 90
##$SHAPE_TYPE= <Excitation>
##$SHAPE_USER_DEF= <>
##$SHAPE_VERSION= 2.1
##$SHL_ADDPHASE= (0..15)
0 0 0 0 0 0 0 0 0 0 0 0 0 0 0 0
##$SHL_ALIGNOFFSET= (0..15)
0 0 0 0 0 0 0 0 0 0 0 0 0 0 0 0
##$SHL_AMP= (0..15)
100 0 0 0 0 0 0 0 0 0 0 0 0 0 0 0
##$SHL_AMPFAC= (0..15)
0 0 0 0 0 0 0 0 0 0 0 0 0 0 0 0
##$SHL_BETA= (0..15)
0 0 0 0 0 0 0 0 0 0 0 0 0 0 0 0
##$SHL_BWFAC= (0..15)
1.116 0 0 0 0 0 0 0 0 0 0 0 0 0 0 0
##$SHL_CALCBW= (0..15)
yes yes yes yes yes yes yes yes yes yes yes yes yes yes yes yes
##$SHL_CALCINTEG= (0..15)
yes yes yes yes yes yes yes yes yes yes yes yes yes yes yes yes
##$SHL_CENTERAMP= (0..15)
0 0 0 0 0 0 0 0 0 0 0 0 0 0 0 0
##$SHL_CYCNUM= (0..15)
0 0 0 0 0 0 0 0 0 0 0 0 0 0 0 0
##$SHL_DIPOLCPL= (0..15)
0 0 0 0 0 0 0 0 0 0 0 0 0 0 0 0
##$SHL_ENDAMP= (0..15)
0 0 0 0 0 0 0 0 0 0 0 0 0 0 0 0
##$SHL_EXMODE= (0..15)
<Excitation> <> <> <> <> <> <> <> <> <> <> <> <> <> <> <>
##$SHL_EXPAND= (0..15)
<> <> <> <> <> <> <> <> <> <> <> <> <> <> <> <>
##$SHL_EXPANDCF0= (0..143)
0 0 0 0 0 0 0 0 0 0 0 0 0 0 0 0 0 0 0 0 0 0 0 0 0 0 0 0 0 0 0 0 0 0 0 0
0 0 0 0 0 0 0 0 0 0 0 0 0 0 0 0 0 0 0 0 0 0 0 0 0 0 0 0 0 0 0 0 0 0 0 0
0 0 0 0 0 0 0 0 0 0 0 0 0 0 0 0 0 0 0 0 0 0 0 0 0 0 0 0 0 0 0 0 0 0 0 0
0 0 0 0 0 0 0 0 0 0 0 0 0 0 0 0 0 0 0 0 0 0 0 0 0 0 0 0 0 0 0 0 0 0 0 0
##$SHL_EXPANDCF1= (0..143)
0 0 0 0 0 0 0 0 0 0 0 0 0 0 0 0 0 0 0 0 0 0 0 0 0 0 0 0 0 0 0 0 0 0 0 0
0 0 0 0 0 0 0 0 0 0 0 0 0 0 0 0 0 0 0 0 0 0 0 0 0 0 0 0 0 0 0 0 0 0 0 0
0 0 0 0 0 0 0 0 0 0 0 0 0 0 0 0 0 0 0 0 0 0 0 0 0 0 0 0 0 0 0 0 0 0 0 0
0 0 0 0 0 0 0 0 0 0 0 0 0 0 0 0 0 0 0 0 0 0 0 0 0 0 0 0 0 0 0 0 0 0 0 0
##$SHL_EXPANDCF10= (0..143)
0 0 0 0 0 0 0 0 0 0 0 0 0 0 0 0 0 0 0 0 0 0 0 0 0 0 0 0 0 0 0 0 0 0 0 0
0 0 0 0 0 0 0 0 0 0 0 0 0 0 0 0 0 0 0 0 0 0 0 0 0 0 0 0 0 0 0 0 0 0 0 0
0 0 0 0 0 0 0 0 0 0 0 0 0 0 0 0 0 0 0 0 0 0 0 0 0 0 0 0 0 0 0 0 0 0 0 0
0 0 0 0 0 0 0 0 0 0 0 0 0 0 0 0 0 0 0 0 0 0 0 0 0 0 0 0 0 0 0 0 0 0 0 0
##$SHL_EXPANDCF11= (0..143)
0 0 0 0 0 0 0 0 0 0 0 0 0 0 0 0 0 0 0 0 0 0 0 0 0 0 0 0 0 0 0 0 0 0 0 0
0 0 0 0 0 0 0 0 0 0 0 0 0 0 0 0 0 0 0 0 0 0 0 0 0 0 0 0 0 0 0 0 0 0 0 0
0 0 0 0 0 0 0 0 0 0 0 0 0 0 0 0 0 0 0 0 0 0 0 0 0 0 0 0 0 0 0 0 0 0 0 0
0 0 0 0 0 0 0 0 0 0 0 0 0 0 0 0 0 0 0 0 0 0 0 0 0 0 0 0 0 0 0 0 0 0 0 0
##$SHL_EXPANDCF12= (0..143)
0 0 0 0 0 0 0 0 0 0 0 0 0 0 0 0 0 0 0 0 0 0 0 0 0 0 0 0 0 0 0 0 0 0 0 0
0 0 0 0 0 0 0 0 0 0 0 0 0 0 0 0 0 0 0 0 0 0 0 0 0 0 0 0 0 0 0 0 0 0 0 0
0 0 0 0 0 0 0 0 0 0 0 0 0 0 0 0 0 0 0 0 0 0 0 0 0 0 0 0 0 0 0 0 0 0 0 0
0 0 0 0 0 0 0 0 0 0 0 0 0 0 0 0 0 0 0 0 0 0 0 0 0 0 0 0 0 0 0 0 0 0 0 0
##$SHL_EXPANDCF13= (0..143)
0 0 0 0 0 0 0 0 0 0 0 0 0 0 0 0 0 0 0 0 0 0 0 0 0 0 0 0 0 0 0 0 0 0 0 0
0 0 0 0 0 0 0 0 0 0 0 0 0 0 0 0 0 0 0 0 0 0 0 0 0 0 0 0 0 0 0 0 0 0 0 0
0 0 0 0 0 0 0 0 0 0 0 0 0 0 0 0 0 0 0 0 0 0 0 0 0 0 0 0 0 0 0 0 0 0 0 0
0 0 0 0 0 0 0 0 0 0 0 0 0 0 0 0 0 0 0 0 0 0 0 0 0 0 0 0 0 0 0 0 0 0 0 0
##$SHL_EXPANDCF14= (0..143)
0 0 0 0 0 0 0 0 0 0 0 0 0 0 0 0 0 0 0 0 0 0 0 0 0 0 0 0 0 0 0 0 0 0 0 0
0 0 0 0 0 0 0 0 0 0 0 0 0 0 0 0 0 0 0 0 0 0 0 0 0 0 0 0 0 0 0 0 0 0 0 0
0 0 0 0 0 0 0 0 0 0 0 0 0 0 0 0 0 0 0 0 0 0 0 0 0 0 0 0 0 0 0 0 0 0 0 0
0 0 0 0 0 0 0 0 0 0 0 0 0 0 0 0 0 0 0 0 0 0 0 0 0 0 0 0 0 0 0 0 0 0 0 0
##$SHL_EXPANDCF15= (0..143)
0 0 0 0 0 0 0 0 0 0 0 0 0 0 0 0 0 0 0 0 0 0 0 0 0 0 0 0 0 0 0 0 0 0 0 0
0 0 0 0 0 0 0 0 0 0 0 0 0 0 0 0 0 0 0 0 0 0 0 0 0 0 0 0 0 0 0 0 0 0 0 0
0 0 0 0 0 0 0 0 0 0 0 0 0 0 0 0 0 0 0 0 0 0 0 0 0 0 0 0 0 0 0 0 0 0 0 0
0 0 0 0 0 0 0 0 0 0 0 0 0 0 0 0 0 0 0 0 0 0 0 0 0 0 0 0 0 0 0 0 0 0 0 0
##$SHL_EXPANDCF2= (0..143)
0 0 0 0 0 0 0 0 0 0 0 0 0 0 0 0 0 0 0 0 0 0 0 0 0 0 0 0 0 0 0 0 0 0 0 0
0 0 0 0 0 0 0 0 0 0 0 0 0 0 0 0 0 0 0 0 0 0 0 0 0 0 0 0 0 0 0 0 0 0 0 0
0 0 0 0 0 0 0 0 0 0 0 0 0 0 0 0 0 0 0 0 0 0 0 0 0 0 0 0 0 0 0 0 0 0 0 0
0 0 0 0 0 0 0 0 0 0 0 0 0 0 0 0 0 0 0 0 0 0 0 0 0 0 0 0 0 0 0 0 0 0 0 0
##$SHL_EXPANDCF3= (0..143)
0 0 0 0 0 0 0 0 0 0 0 0 0 0 0 0 0 0 0 0 0 0 0 0 0 0 0 0 0 0 0 0 0 0 0 0
0 0 0 0 0 0 0 0 0 0 0 0 0 0 0 0 0 0 0 0 0 0 0 0 0 0 0 0 0 0 0 0 0 0 0 0
0 0 0 0 0 0 0 0 0 0 0 0 0 0 0 0 0 0 0 0 0 0 0 0 0 0 0 0 0 0 0 0 0 0 0 0
0 0 0 0 0 0 0 0 0 0 0 0 0 0 0 0 0 0 0 0 0 0 0 0 0 0 0 0 0 0 0 0 0 0 0 0
##$SHL_EXPANDCF4= (0..143)
0 0 0 0 0 0 0 0 0 0 0 0 0 0 0 0 0 0 0 0 0 0 0 0 0 0 0 0 0 0 0 0 0 0 0 0
0 0 0 0 0 0 0 0 0 0 0 0 0 0 0 0 0 0 0 0 0 0 0 0 0 0 0 0 0 0 0 0 0 0 0 0
0 0 0 0 0 0 0 0 0 0 0 0 0 0 0 0 0 0 0 0 0 0 0 0 0 0 0 0 0 0 0 0 0 0 0 0
0 0 0 0 0 0 0 0 0 0 0 0 0 0 0 0 0 0 0 0 0 0 0 0 0 0 0 0 0 0 0 0 0 0 0 0
##$SHL_EXPANDCF5= (0..143)
0 0 0 0 0 0 0 0 0 0 0 0 0 0 0 0 0 0 0 0 0 0 0 0 0 0 0 0 0 0 0 0 0 0 0 0
0 0 0 0 0 0 0 0 0 0 0 0 0 0 0 0 0 0 0 0 0 0 0 0 0 0 0 0 0 0 0 0 0 0 0 0
0 0 0 0 0 0 0 0 0 0 0 0 0 0 0 0 0 0 0 0 0 0 0 0 0 0 0 0 0 0 0 0 0 0 0 0
0 0 0 0 0 0 0 0 0 0 0 0 0 0 0 0 0 0 0 0 0 0 0 0 0 0 0 0 0 0 0 0 0 0 0 0
##$SHL_EXPANDCF6= (0..143)
0 0 0 0 0 0 0 0 0 0 0 0 0 0 0 0 0 0 0 0 0 0 0 0 0 0 0 0 0 0 0 0 0 0 0 0
0 0 0 0 0 0 0 0 0 0 0 0 0 0 0 0 0 0 0 0 0 0 0 0 0 0 0 0 0 0 0 0 0 0 0 0
0 0 0 0 0 0 0 0 0 0 0 0 0 0 0 0 0 0 0 0 0 0 0 0 0 0 0 0 0 0 0 0 0 0 0 0
0 0 0 0 0 0 0 0 0 0 0 0 0 0 0 0 0 0 0 0 0 0 0 0 0 0 0 0 0 0 0 0 0 0 0 0
##$SHL_EXPANDCF7= (0..143)
0 0 0 0 0 0 0 0 0 0 0 0 0 0 0 0 0 0 0 0 0 0 0 0 0 0 0 0 0 0 0 0 0 0 0 0
0 0 0 0 0 0 0 0 0 0 0 0 0 0 0 0 0 0 0 0 0 0 0 0 0 0 0 0 0 0 0 0 0 0 0 0
0 0 0 0 0 0 0 0 0 0 0 0 0 0 0 0 0 0 0 0 0 0 0 0 0 0 0 0 0 0 0 0 0 0 0 0
0 0 0 0 0 0 0 0 0 0 0 0 0 0 0 0 0 0 0 0 0 0 0 0 0 0 0 0 0 0 0 0 0 0 0 0
##$SHL_EXPANDCF8= (0..143)
0 0 0 0 0 0 0 0 0 0 0 0 0 0 0 0 0 0 0 0 0 0 0 0 0 0 0 0 0 0 0 0 0 0 0 0
0 0 0 0 0 0 0 0 0 0 0 0 0 0 0 0 0 0 0 0 0 0 0 0 0 0 0 0 0 0 0 0 0 0 0 0
0 0 0 0 0 0 0 0 0 0 0 0 0 0 0 0 0 0 0 0 0 0 0 0 0 0 0 0 0 0 0 0 0 0 0 0
0 0 0 0 0 0 0 0 0 0 0 0 0 0 0 0 0 0 0 0 0 0 0 0 0 0 0 0 0 0 0 0 0 0 0 0
##$SHL_EXPANDCF9= (0..143)
0 0 0 0 0 0 0 0 0 0 0 0 0 0 0 0 0 0 0 0 0 0 0 0 0 0 0 0 0 0 0 0 0 0 0 0
0 0 0 0 0 0 0 0 0 0 0 0 0 0 0 0 0 0 0 0 0 0 0 0 0 0 0 0 0 0 0 0 0 0 0 0
0 0 0 0 0 0 0 0 0 0 0 0 0 0 0 0 0 0 0 0 0 0 0 0 0 0 0 0 0 0 0 0 0 0 0 0
0 0 0 0 0 0 0 0 0 0 0 0 0 0 0 0 0 0 0 0 0 0 0 0 0 0 0 0 0 0 0 0 0 0 0 0
##$SHL_EXPFAC= (0..15)
0 0 0 0 0 0 0 0 0 0 0 0 0 0 0 0
##$SHL_FRACEND= (0..15)
0 0 0 0 0 0 0 0 0 0 0 0 0 0 0 0
##$SHL_FRACORG= (0..15)
0 0 0 0 0 0 0 0 0 0 0 0 0 0 0 0
##$SHL_FRACSTART= (0..15)
0 0 0 0 0 0 0 0 0 0 0 0 0 0 0 0
##$SHL_FULLHALF= (0..15)
0 0 0 0 0 0 0 0 0 0 0 0 0 0 0 0
##$SHL_FUNCAMP= (0..15)
100 0 0 0 0 0 0 0 0 0 0 0 0 0 0 0
##$SHL_FUNCTION= (0..15)
<Rectangle> <> <> <> <> <> <> <> <> <> <> <> <> <> <> <>
##$SHL_GCO= (0..15)
<> <> <> <> <> <> <> <> <> <> <> <> <> <> <> <>
##$SHL_GCOCOEFFS0= (0..59)
0 0 0 0 0 0 0 0 0 0 0 0 0 0 0 0 0 0 0 0 0 0 0 0 0 0 0 0 0 0 0 0 0 0 0 0
0 0 0 0 0 0 0 0 0 0 0 0 0 0 0 0 0 0 0 0 0 0 0 0
##$SHL_GCOCOEFFS1= (0..59)
0 0 0 0 0 0 0 0 0 0 0 0 0 0 0 0 0 0 0 0 0 0 0 0 0 0 0 0 0 0 0 0 0 0 0 0
0 0 0 0 0 0 0 0 0 0 0 0 0 0 0 0 0 0 0 0 0 0 0 0
##$SHL_GCOCOEFFS10= (0..59)
0 0 0 0 0 0 0 0 0 0 0 0 0 0 0 0 0 0 0 0 0 0 0 0 0 0 0 0 0 0 0 0 0 0 0 0
0 0 0 0 0 0 0 0 0 0 0 0 0 0 0 0 0 0 0 0 0 0 0 0
##$SHL_GCOCOEFFS11= (0..59)
0 0 0 0 0 0 0 0 0 0 0 0 0 0 0 0 0 0 0 0 0 0 0 0 0 0 0 0 0 0 0 0 0 0 0 0
0 0 0 0 0 0 0 0 0 0 0 0 0 0 0 0 0 0 0 0 0 0 0 0
##$SHL_GCOCOEFFS12= (0..59)
0 0 0 0 0 0 0 0 0 0 0 0 0 0 0 0 0 0 0 0 0 0 0 0 0 0 0 0 0 0 0 0 0 0 0 0
0 0 0 0 0 0 0 0 0 0 0 0 0 0 0 0 0 0 0 0 0 0 0 0
##$SHL_GCOCOEFFS13= (0..59)
0 0 0 0 0 0 0 0 0 0 0 0 0 0 0 0 0 0 0 0 0 0 0 0 0 0 0 0 0 0 0 0 0 0 0 0
0 0 0 0 0 0 0 0 0 0 0 0 0 0 0 0 0 0 0 0 0 0 0 0
##$SHL_GCOCOEFFS14= (0..59)
0 0 0 0 0 0 0 0 0 0 0 0 0 0 0 0 0 0 0 0 0 0 0 0 0 0 0 0 0 0 0 0 0 0 0 0
0 0 0 0 0 0 0 0 0 0 0 0 0 0 0 0 0 0 0 0 0 0 0 0
##$SHL_GCOCOEFFS15= (0..59)
0 0 0 0 0 0 0 0 0 0 0 0 0 0 0 0 0 0 0 0 0 0 0 0 0 0 0 0 0 0 0 0 0 0 0 0
0 0 0 0 0 0 0 0 0 0 0 0 0 0 0 0 0 0 0 0 0 0 0 0
##$SHL_GCOCOEFFS2= (0..59)
0 0 0 0 0 0 0 0 0 0 0 0 0 0 0 0 0 0 0 0 0 0 0 0 0 0 0 0 0 0 0 0 0 0 0 0
0 0 0 0 0 0 0 0 0 0 0 0 0 0 0 0 0 0 0 0 0 0 0 0
##$SHL_GCOCOEFFS3= (0..59)
0 0 0 0 0 0 0 0 0 0 0 0 0 0 0 0 0 0 0 0 0 0 0 0 0 0 0 0 0 0 0 0 0 0 0 0
0 0 0 0 0 0 0 0 0 0 0 0 0 0 0 0 0 0 0 0 0 0 0 0
##$SHL_GCOCOEFFS4= (0..59)
0 0 0 0 0 0 0 0 0 0 0 0 0 0 0 0 0 0 0 0 0 0 0 0 0 0 0 0 0 0 0 0 0 0 0 0
0 0 0 0 0 0 0 0 0 0 0 0 0 0 0 0 0 0 0 0 0 0 0 0
##$SHL_GCOCOEFFS5= (0..59)
0 0 0 0 0 0 0 0 0 0 0 0 0 0 0 0 0 0 0 0 0 0 0 0 0 0 0 0 0 0 0 0 0 0 0 0
0 0 0 0 0 0 0 0 0 0 0 0 0 0 0 0 0 0 0 0 0 0 0 0
##$SHL_GCOCOEFFS6= (0..59)
0 0 0 0 0 0 0 0 0 0 0 0 0 0 0 0 0 0 0 0 0 0 0 0 0 0 0 0 0 0 0 0 0 0 0 0
0 0 0 0 0 0 0 0 0 0 0 0 0 0 0 0 0 0 0 0 0 0 0 0
##$SHL_GCOCOEFFS7= (0..59)
0 0 0 0 0 0 0 0 0 0 0 0 0 0 0 0 0 0 0 0 0 0 0 0 0 0 0 0 0 0 0 0 0 0 0 0
0 0 0 0 0 0 0 0 0 0 0 0 0 0 0 0 0 0 0 0 0 0 0 0
##$SHL_GCOCOEFFS8= (0..59)
0 0 0 0 0 0 0 0 0 0 0 0 0 0 0 0 0 0 0 0 0 0 0 0 0 0 0 0 0 0 0 0 0 0 0 0
0 0 0 0 0 0 0 0 0 0 0 0 0 0 0 0 0 0 0 0 0 0 0 0
##$SHL_GCOCOEFFS9= (0..59)
0 0 0 0 0 0 0 0 0 0 0 0 0 0 0 0 0 0 0 0 0 0 0 0 0 0 0 0 0 0 0 0 0 0 0 0
0 0 0 0 0 0 0 0 0 0 0 0 0 0 0 0 0 0 0 0 0 0 0 0
##$SHL_INTEGFAC= (0..15)
1 0 0 0 0 0 0 0 0 0 0 0 0 0 0 0
##$SHL_LB= (0..15)
0 0 0 0 0 0 0 0 0 0 0 0 0 0 0 0
##$SHL_LEFTLIMIT= (0..15)
0 0 0 0 0 0 0 0 0 0 0 0 0 0 0 0
##$SHL_LENGTH= (0..15)
25000.000373 0 0 0 0 0 0 0 0 0 0 0 0 0 0 0
##$SHL_MAN= (0..15)
<> <> <> <> <> <> <> <> <> <> <> <> <> <> <> <>
##$SHL_MEANAMP= (0..15)
0 0 0 0 0 0 0 0 0 0 0 0 0 0 0 0
##$SHL_MODAMP= (0..15)
0 0 0 0 0 0 0 0 0 0 0 0 0 0 0 0
##$SHL_MODE= (0..15)
0 0 0 0 0 0 0 0 0 0 0 0 0 0 0 0
##$SHL_MODFREQ= (0..15)
0 0 0 0 0 0 0 0 0 0 0 0 0 0 0 0
##$SHL_MODPHASE= (0..15)
0 0 0 0 0 0 0 0 0 0 0 0 0 0 0 0
##$SHL_MODSCALE= (0..15)
0 0 0 0 0 0 0 0 0 0 0 0 0 0 0 0
##$SHL_MODSW= (0..15)
0 0 0 0 0 0 0 0 0 0 0 0 0 0 0 0
##$SHL_MODSWDIR= (0..15)
-1 -1 -1 -1 -1 -1 -1 -1 -1 -1 -1 -1 -1 -1 -1 -1
##$SHL_MU= (0..15)
0 0 0 0 0 0 0 0 0 0 0 0 0 0 0 0
##$SHL_NPOINTS= (0..15)
1250 0 0 0 0 0 0 0 0 0 0 0 0 0 0 0
##$SHL_OFFS= (0..15)
<> <> <> <> <> <> <> <> <> <> <> <> <> <> <> <>
##$SHL_OFFSCOEFF0= (0..95)
0 0 0 0 0 0 0 0 0 0 0 0 0 0 0 0 0 0 0 0 0 0 0 0 0 0 0 0 0 0 0 0 0 0 0 0
0 0 0 0 0 0 0 0 0 0 0 0 0 0 0 0 0 0 0 0 0 0 0 0 0 0 0 0 0 0 0 0 0 0 0 0
0 0 0 0 0 0 0 0 0 0 0 0 0 0 0 0 0 0 0 0 0 0 0 0
##$SHL_OFFSCOEFF1= (0..95)
0 0 0 0 0 0 0 0 0 0 0 0 0 0 0 0 0 0 0 0 0 0 0 0 0 0 0 0 0 0 0 0 0 0 0 0
0 0 0 0 0 0 0 0 0 0 0 0 0 0 0 0 0 0 0 0 0 0 0 0 0 0 0 0 0 0 0 0 0 0 0 0
0 0 0 0 0 0 0 0 0 0 0 0 0 0 0 0 0 0 0 0 0 0 0 0
##$SHL_OFFSCOEFF10= (0..95)
0 0 0 0 0 0 0 0 0 0 0 0 0 0 0 0 0 0 0 0 0 0 0 0 0 0 0 0 0 0 0 0 0 0 0 0
0 0 0 0 0 0 0 0 0 0 0 0 0 0 0 0 0 0 0 0 0 0 0 0 0 0 0 0 0 0 0 0 0 0 0 0
0 0 0 0 0 0 0 0 0 0 0 0 0 0 0 0 0 0 0 0 0 0 0 0
##$SHL_OFFSCOEFF11= (0..95)
0 0 0 0 0 0 0 0 0 0 0 0 0 0 0 0 0 0 0 0 0 0 0 0 0 0 0 0 0 0 0 0 0 0 0 0
0 0 0 0 0 0 0 0 0 0 0 0 0 0 0 0 0 0 0 0 0 0 0 0 0 0 0 0 0 0 0 0 0 0 0 0
0 0 0 0 0 0 0 0 0 0 0 0 0 0 0 0 0 0 0 0 0 0 0 0
##$SHL_OFFSCOEFF12= (0..95)
0 0 0 0 0 0 0 0 0 0 0 0 0 0 0 0 0 0 0 0 0 0 0 0 0 0 0 0 0 0 0 0 0 0 0 0
0 0 0 0 0 0 0 0 0 0 0 0 0 0 0 0 0 0 0 0 0 0 0 0 0 0 0 0 0 0 0 0 0 0 0 0
0 0 0 0 0 0 0 0 0 0 0 0 0 0 0 0 0 0 0 0 0 0 0 0
##$SHL_OFFSCOEFF13= (0..95)
0 0 0 0 0 0 0 0 0 0 0 0 0 0 0 0 0 0 0 0 0 0 0 0 0 0 0 0 0 0 0 0 0 0 0 0
0 0 0 0 0 0 0 0 0 0 0 0 0 0 0 0 0 0 0 0 0 0 0 0 0 0 0 0 0 0 0 0 0 0 0 0
0 0 0 0 0 0 0 0 0 0 0 0 0 0 0 0 0 0 0 0 0 0 0 0
##$SHL_OFFSCOEFF14= (0..95)
0 0 0 0 0 0 0 0 0 0 0 0 0 0 0 0 0 0 0 0 0 0 0 0 0 0 0 0 0 0 0 0 0 0 0 0
0 0 0 0 0 0 0 0 0 0 0 0 0 0 0 0 0 0 0 0 0 0 0 0 0 0 0 0 0 0 0 0 0 0 0 0
0 0 0 0 0 0 0 0 0 0 0 0 0 0 0 0 0 0 0 0 0 0 0 0
##$SHL_OFFSCOEFF15= (0..95)
0 0 0 0 0 0 0 0 0 0 0 0 0 0 0 0 0 0 0 0 0 0 0 0 0 0 0 0 0 0 0 0 0 0 0 0
0 0 0 0 0 0 0 0 0 0 0 0 0 0 0 0 0 0 0 0 0 0 0 0 0 0 0 0 0 0 0 0 0 0 0 0
0 0 0 0 0 0 0 0 0 0 0 0 0 0 0 0 0 0 0 0 0 0 0 0
##$SHL_OFFSCOEFF2= (0..95)
0 0 0 0 0 0 0 0 0 0 0 0 0 0 0 0 0 0 0 0 0 0 0 0 0 0 0 0 0 0 0 0 0 0 0 0
0 0 0 0 0 0 0 0 0 0 0 0 0 0 0 0 0 0 0 0 0 0 0 0 0 0 0 0 0 0 0 0 0 0 0 0
0 0 0 0 0 0 0 0 0 0 0 0 0 0 0 0 0 0 0 0 0 0 0 0
##$SHL_OFFSCOEFF3= (0..95)
0 0 0 0 0 0 0 0 0 0 0 0 0 0 0 0 0 0 0 0 0 0 0 0 0 0 0 0 0 0 0 0 0 0 0 0
0 0 0 0 0 0 0 0 0 0 0 0 0 0 0 0 0 0 0 0 0 0 0 0 0 0 0 0 0 0 0 0 0 0 0 0
0 0 0 0 0 0 0 0 0 0 0 0 0 0 0 0 0 0 0 0 0 0 0 0
##$SHL_OFFSCOEFF4= (0..95)
0 0 0 0 0 0 0 0 0 0 0 0 0 0 0 0 0 0 0 0 0 0 0 0 0 0 0 0 0 0 0 0 0 0 0 0
0 0 0 0 0 0 0 0 0 0 0 0 0 0 0 0 0 0 0 0 0 0 0 0 0 0 0 0 0 0 0 0 0 0 0 0
0 0 0 0 0 0 0 0 0 0 0 0 0 0 0 0 0 0 0 0 0 0 0 0
##$SHL_OFFSCOEFF5= (0..95)
0 0 0 0 0 0 0 0 0 0 0 0 0 0 0 0 0 0 0 0 0 0 0 0 0 0 0 0 0 0 0 0 0 0 0 0
0 0 0 0 0 0 0 0 0 0 0 0 0 0 0 0 0 0 0 0 0 0 0 0 0 0 0 0 0 0 0 0 0 0 0 0
0 0 0 0 0 0 0 0 0 0 0 0 0 0 0 0 0 0 0 0 0 0 0 0
##$SHL_OFFSCOEFF6= (0..95)
0 0 0 0 0 0 0 0 0 0 0 0 0 0 0 0 0 0 0 0 0 0 0 0 0 0 0 0 0 0 0 0 0 0 0 0
0 0 0 0 0 0 0 0 0 0 0 0 0 0 0 0 0 0 0 0 0 0 0 0 0 0 0 0 0 0 0 0 0 0 0 0
0 0 0 0 0 0 0 0 0 0 0 0 0 0 0 0 0 0 0 0 0 0 0 0
##$SHL_OFFSCOEFF7= (0..95)
0 0 0 0 0 0 0 0 0 0 0 0 0 0 0 0 0 0 0 0 0 0 0 0 0 0 0 0 0 0 0 0 0 0 0 0
0 0 0 0 0 0 0 0 0 0 0 0 0 0 0 0 0 0 0 0 0 0 0 0 0 0 0 0 0 0 0 0 0 0 0 0
0 0 0 0 0 0 0 0 0 0 0 0 0 0 0 0 0 0 0 0 0 0 0 0
##$SHL_OFFSCOEFF8= (0..95)
0 0 0 0 0 0 0 0 0 0 0 0 0 0 0 0 0 0 0 0 0 0 0 0 0 0 0 0 0 0 0 0 0 0 0 0
0 0 0 0 0 0 0 0 0 0 0 0 0 0 0 0 0 0 0 0 0 0 0 0 0 0 0 0 0 0 0 0 0 0 0 0
0 0 0 0 0 0 0 0 0 0 0 0 0 0 0 0 0 0 0 0 0 0 0 0
##$SHL_OFFSCOEFF9= (0..95)
0 0 0 0 0 0 0 0 0 0 0 0 0 0 0 0 0 0 0 0 0 0 0 0 0 0 0 0 0 0 0 0 0 0 0 0
0 0 0 0 0 0 0 0 0 0 0 0 0 0 0 0 0 0 0 0 0 0 0 0 0 0 0 0 0 0 0 0 0 0 0 0
0 0 0 0 0 0 0 0 0 0 0 0 0 0 0 0 0 0 0 0 0 0 0 0
##$SHL_PHASE= (0..15)
0 0 0 0 0 0 0 0 0 0 0 0 0 0 0 0
##$SHL_PHASEFAC= (0..15)
0 0 0 0 0 0 0 0 0 0 0 0 0 0 0 0
##$SHL_POWERINDEX= (0..15)
0 0 0 0 0 0 0 0 0 0 0 0 0 0 0 0
##$SHL_QUADCOEFF= (0..15)
0 0 0 0 0 0 0 0 0 0 0 0 0 0 0 0
##$SHL_RIGHTLIMIT= (0..15)
0 0 0 0 0 0 0 0 0 0 0 0 0 0 0 0
##$SHL_SCALEFACTOR= (0..15)
1 1 1 1 1 1 1 1 1 1 1 1 1 1 1 1
##$SHL_SF= (0..15)
<> <> <> <> <> <> <> <> <> <> <> <> <> <> <> <>
##$SHL_SFCOEFFS0= (0..200)
0 0 0 0 0 0 0 0 0 0 0 0 0 0 0 0 0 0 0 0 0 0 0 0 0 0 0 0 0 0 0 0 0 0 0 0
0 0 0 0 0 0 0 0 0 0 0 0 0 0 0 0 0 0 0 0 0 0 0 0 0 0 0 0 0 0 0 0 0 0 0 0
0 0 0 0 0 0 0 0 0 0 0 0 0 0 0 0 0 0 0 0 0 0 0 0 0 0 0 0 0 0 0 0 0 0 0 0
0 0 0 0 0 0 0 0 0 0 0 0 0 0 0 0 0 0 0 0 0 0 0 0 0 0 0 0 0 0 0 0 0 0 0 0
0 0 0 0 0 0 0 0 0 0 0 0 0 0 0 0 0 0 0 0 0 0 0 0 0 0 0 0 0 0 0 0 0 0 0 0
0 0 0 0 0 0 0 0 0 0 0 0 0 0 0 0 0 0 0 0 0
##$SHL_SFCOEFFS1= (0..200)
0 0 0 0 0 0 0 0 0 0 0 0 0 0 0 0 0 0 0 0 0 0 0 0 0 0 0 0 0 0 0 0 0 0 0 0
0 0 0 0 0 0 0 0 0 0 0 0 0 0 0 0 0 0 0 0 0 0 0 0 0 0 0 0 0 0 0 0 0 0 0 0
0 0 0 0 0 0 0 0 0 0 0 0 0 0 0 0 0 0 0 0 0 0 0 0 0 0 0 0 0 0 0 0 0 0 0 0
0 0 0 0 0 0 0 0 0 0 0 0 0 0 0 0 0 0 0 0 0 0 0 0 0 0 0 0 0 0 0 0 0 0 0 0
0 0 0 0 0 0 0 0 0 0 0 0 0 0 0 0 0 0 0 0 0 0 0 0 0 0 0 0 0 0 0 0 0 0 0 0
0 0 0 0 0 0 0 0 0 0 0 0 0 0 0 0 0 0 0 0 0
##$SHL_SFCOEFFS10= (0..200)
0 0 0 0 0 0 0 0 0 0 0 0 0 0 0 0 0 0 0 0 0 0 0 0 0 0 0 0 0 0 0 0 0 0 0 0
0 0 0 0 0 0 0 0 0 0 0 0 0 0 0 0 0 0 0 0 0 0 0 0 0 0 0 0 0 0 0 0 0 0 0 0
0 0 0 0 0 0 0 0 0 0 0 0 0 0 0 0 0 0 0 0 0 0 0 0 0 0 0 0 0 0 0 0 0 0 0 0
0 0 0 0 0 0 0 0 0 0 0 0 0 0 0 0 0 0 0 0 0 0 0 0 0 0 0 0 0 0 0 0 0 0 0 0
0 0 0 0 0 0 0 0 0 0 0 0 0 0 0 0 0 0 0 0 0 0 0 0 0 0 0 0 0 0 0 0 0 0 0 0
0 0 0 0 0 0 0 0 0 0 0 0 0 0 0 0 0 0 0 0 0
##$SHL_SFCOEFFS11= (0..200)
0 0 0 0 0 0 0 0 0 0 0 0 0 0 0 0 0 0 0 0 0 0 0 0 0 0 0 0 0 0 0 0 0 0 0 0
0 0 0 0 0 0 0 0 0 0 0 0 0 0 0 0 0 0 0 0 0 0 0 0 0 0 0 0 0 0 0 0 0 0 0 0
0 0 0 0 0 0 0 0 0 0 0 0 0 0 0 0 0 0 0 0 0 0 0 0 0 0 0 0 0 0 0 0 0 0 0 0
0 0 0 0 0 0 0 0 0 0 0 0 0 0 0 0 0 0 0 0 0 0 0 0 0 0 0 0 0 0 0 0 0 0 0 0
0 0 0 0 0 0 0 0 0 0 0 0 0 0 0 0 0 0 0 0 0 0 0 0 0 0 0 0 0 0 0 0 0 0 0 0
0 0 0 0 0 0 0 0 0 0 0 0 0 0 0 0 0 0 0 0 0
##$SHL_SFCOEFFS12= (0..200)
0 0 0 0 0 0 0 0 0 0 0 0 0 0 0 0 0 0 0 0 0 0 0 0 0 0 0 0 0 0 0 0 0 0 0 0
0 0 0 0 0 0 0 0 0 0 0 0 0 0 0 0 0 0 0 0 0 0 0 0 0 0 0 0 0 0 0 0 0 0 0 0
0 0 0 0 0 0 0 0 0 0 0 0 0 0 0 0 0 0 0 0 0 0 0 0 0 0 0 0 0 0 0 0 0 0 0 0
0 0 0 0 0 0 0 0 0 0 0 0 0 0 0 0 0 0 0 0 0 0 0 0 0 0 0 0 0 0 0 0 0 0 0 0
0 0 0 0 0 0 0 0 0 0 0 0 0 0 0 0 0 0 0 0 0 0 0 0 0 0 0 0 0 0 0 0 0 0 0 0
0 0 0 0 0 0 0 0 0 0 0 0 0 0 0 0 0 0 0 0 0
##$SHL_SFCOEFFS13= (0..200)
0 0 0 0 0 0 0 0 0 0 0 0 0 0 0 0 0 0 0 0 0 0 0 0 0 0 0 0 0 0 0 0 0 0 0 0
0 0 0 0 0 0 0 0 0 0 0 0 0 0 0 0 0 0 0 0 0 0 0 0 0 0 0 0 0 0 0 0 0 0 0 0
0 0 0 0 0 0 0 0 0 0 0 0 0 0 0 0 0 0 0 0 0 0 0 0 0 0 0 0 0 0 0 0 0 0 0 0
0 0 0 0 0 0 0 0 0 0 0 0 0 0 0 0 0 0 0 0 0 0 0 0 0 0 0 0 0 0 0 0 0 0 0 0
0 0 0 0 0 0 0 0 0 0 0 0 0 0 0 0 0 0 0 0 0 0 0 0 0 0 0 0 0 0 0 0 0 0 0 0
0 0 0 0 0 0 0 0 0 0 0 0 0 0 0 0 0 0 0 0 0
##$SHL_SFCOEFFS14= (0..200)
0 0 0 0 0 0 0 0 0 0 0 0 0 0 0 0 0 0 0 0 0 0 0 0 0 0 0 0 0 0 0 0 0 0 0 0
0 0 0 0 0 0 0 0 0 0 0 0 0 0 0 0 0 0 0 0 0 0 0 0 0 0 0 0 0 0 0 0 0 0 0 0
0 0 0 0 0 0 0 0 0 0 0 0 0 0 0 0 0 0 0 0 0 0 0 0 0 0 0 0 0 0 0 0 0 0 0 0
0 0 0 0 0 0 0 0 0 0 0 0 0 0 0 0 0 0 0 0 0 0 0 0 0 0 0 0 0 0 0 0 0 0 0 0
0 0 0 0 0 0 0 0 0 0 0 0 0 0 0 0 0 0 0 0 0 0 0 0 0 0 0 0 0 0 0 0 0 0 0 0
0 0 0 0 0 0 0 0 0 0 0 0 0 0 0 0 0 0 0 0 0
##$SHL_SFCOEFFS15= (0..200)
0 0 0 0 0 0 0 0 0 0 0 0 0 0 0 0 0 0 0 0 0 0 0 0 0 0 0 0 0 0 0 0 0 0 0 0
0 0 0 0 0 0 0 0 0 0 0 0 0 0 0 0 0 0 0 0 0 0 0 0 0 0 0 0 0 0 0 0 0 0 0 0
0 0 0 0 0 0 0 0 0 0 0 0 0 0 0 0 0 0 0 0 0 0 0 0 0 0 0 0 0 0 0 0 0 0 0 0
0 0 0 0 0 0 0 0 0 0 0 0 0 0 0 0 0 0 0 0 0 0 0 0 0 0 0 0 0 0 0 0 0 0 0 0
0 0 0 0 0 0 0 0 0 0 0 0 0 0 0 0 0 0 0 0 0 0 0 0 0 0 0 0 0 0 0 0 0 0 0 0
0 0 0 0 0 0 0 0 0 0 0 0 0 0 0 0 0 0 0 0 0
##$SHL_SFCOEFFS2= (0..200)
0 0 0 0 0 0 0 0 0 0 0 0 0 0 0 0 0 0 0 0 0 0 0 0 0 0 0 0 0 0 0 0 0 0 0 0
0 0 0 0 0 0 0 0 0 0 0 0 0 0 0 0 0 0 0 0 0 0 0 0 0 0 0 0 0 0 0 0 0 0 0 0
0 0 0 0 0 0 0 0 0 0 0 0 0 0 0 0 0 0 0 0 0 0 0 0 0 0 0 0 0 0 0 0 0 0 0 0
0 0 0 0 0 0 0 0 0 0 0 0 0 0 0 0 0 0 0 0 0 0 0 0 0 0 0 0 0 0 0 0 0 0 0 0
0 0 0 0 0 0 0 0 0 0 0 0 0 0 0 0 0 0 0 0 0 0 0 0 0 0 0 0 0 0 0 0 0 0 0 0
0 0 0 0 0 0 0 0 0 0 0 0 0 0 0 0 0 0 0 0 0
##$SHL_SFCOEFFS3= (0..200)
0 0 0 0 0 0 0 0 0 0 0 0 0 0 0 0 0 0 0 0 0 0 0 0 0 0 0 0 0 0 0 0 0 0 0 0
0 0 0 0 0 0 0 0 0 0 0 0 0 0 0 0 0 0 0 0 0 0 0 0 0 0 0 0 0 0 0 0 0 0 0 0
0 0 0 0 0 0 0 0 0 0 0 0 0 0 0 0 0 0 0 0 0 0 0 0 0 0 0 0 0 0 0 0 0 0 0 0
0 0 0 0 0 0 0 0 0 0 0 0 0 0 0 0 0 0 0 0 0 0 0 0 0 0 0 0 0 0 0 0 0 0 0 0
0 0 0 0 0 0 0 0 0 0 0 0 0 0 0 0 0 0 0 0 0 0 0 0 0 0 0 0 0 0 0 0 0 0 0 0
0 0 0 0 0 0 0 0 0 0 0 0 0 0 0 0 0 0 0 0 0
##$SHL_SFCOEFFS4= (0..200)
0 0 0 0 0 0 0 0 0 0 0 0 0 0 0 0 0 0 0 0 0 0 0 0 0 0 0 0 0 0 0 0 0 0 0 0
0 0 0 0 0 0 0 0 0 0 0 0 0 0 0 0 0 0 0 0 0 0 0 0 0 0 0 0 0 0 0 0 0 0 0 0
0 0 0 0 0 0 0 0 0 0 0 0 0 0 0 0 0 0 0 0 0 0 0 0 0 0 0 0 0 0 0 0 0 0 0 0
0 0 0 0 0 0 0 0 0 0 0 0 0 0 0 0 0 0 0 0 0 0 0 0 0 0 0 0 0 0 0 0 0 0 0 0
0 0 0 0 0 0 0 0 0 0 0 0 0 0 0 0 0 0 0 0 0 0 0 0 0 0 0 0 0 0 0 0 0 0 0 0
0 0 0 0 0 0 0 0 0 0 0 0 0 0 0 0 0 0 0 0 0
##$SHL_SFCOEFFS5= (0..200)
0 0 0 0 0 0 0 0 0 0 0 0 0 0 0 0 0 0 0 0 0 0 0 0 0 0 0 0 0 0 0 0 0 0 0 0
0 0 0 0 0 0 0 0 0 0 0 0 0 0 0 0 0 0 0 0 0 0 0 0 0 0 0 0 0 0 0 0 0 0 0 0
0 0 0 0 0 0 0 0 0 0 0 0 0 0 0 0 0 0 0 0 0 0 0 0 0 0 0 0 0 0 0 0 0 0 0 0
0 0 0 0 0 0 0 0 0 0 0 0 0 0 0 0 0 0 0 0 0 0 0 0 0 0 0 0 0 0 0 0 0 0 0 0
0 0 0 0 0 0 0 0 0 0 0 0 0 0 0 0 0 0 0 0 0 0 0 0 0 0 0 0 0 0 0 0 0 0 0 0
0 0 0 0 0 0 0 0 0 0 0 0 0 0 0 0 0 0 0 0 0
##$SHL_SFCOEFFS6= (0..200)
0 0 0 0 0 0 0 0 0 0 0 0 0 0 0 0 0 0 0 0 0 0 0 0 0 0 0 0 0 0 0 0 0 0 0 0
0 0 0 0 0 0 0 0 0 0 0 0 0 0 0 0 0 0 0 0 0 0 0 0 0 0 0 0 0 0 0 0 0 0 0 0
0 0 0 0 0 0 0 0 0 0 0 0 0 0 0 0 0 0 0 0 0 0 0 0 0 0 0 0 0 0 0 0 0 0 0 0
0 0 0 0 0 0 0 0 0 0 0 0 0 0 0 0 0 0 0 0 0 0 0 0 0 0 0 0 0 0 0 0 0 0 0 0
0 0 0 0 0 0 0 0 0 0 0 0 0 0 0 0 0 0 0 0 0 0 0 0 0 0 0 0 0 0 0 0 0 0 0 0
0 0 0 0 0 0 0 0 0 0 0 0 0 0 0 0 0 0 0 0 0
##$SHL_SFCOEFFS7= (0..200)
0 0 0 0 0 0 0 0 0 0 0 0 0 0 0 0 0 0 0 0 0 0 0 0 0 0 0 0 0 0 0 0 0 0 0 0
0 0 0 0 0 0 0 0 0 0 0 0 0 0 0 0 0 0 0 0 0 0 0 0 0 0 0 0 0 0 0 0 0 0 0 0
0 0 0 0 0 0 0 0 0 0 0 0 0 0 0 0 0 0 0 0 0 0 0 0 0 0 0 0 0 0 0 0 0 0 0 0
0 0 0 0 0 0 0 0 0 0 0 0 0 0 0 0 0 0 0 0 0 0 0 0 0 0 0 0 0 0 0 0 0 0 0 0
0 0 0 0 0 0 0 0 0 0 0 0 0 0 0 0 0 0 0 0 0 0 0 0 0 0 0 0 0 0 0 0 0 0 0 0
0 0 0 0 0 0 0 0 0 0 0 0 0 0 0 0 0 0 0 0 0
##$SHL_SFCOEFFS8= (0..200)
0 0 0 0 0 0 0 0 0 0 0 0 0 0 0 0 0 0 0 0 0 0 0 0 0 0 0 0 0 0 0 0 0 0 0 0
0 0 0 0 0 0 0 0 0 0 0 0 0 0 0 0 0 0 0 0 0 0 0 0 0 0 0 0 0 0 0 0 0 0 0 0
0 0 0 0 0 0 0 0 0 0 0 0 0 0 0 0 0 0 0 0 0 0 0 0 0 0 0 0 0 0 0 0 0 0 0 0
0 0 0 0 0 0 0 0 0 0 0 0 0 0 0 0 0 0 0 0 0 0 0 0 0 0 0 0 0 0 0 0 0 0 0 0
0 0 0 0 0 0 0 0 0 0 0 0 0 0 0 0 0 0 0 0 0 0 0 0 0 0 0 0 0 0 0 0 0 0 0 0
0 0 0 0 0 0 0 0 0 0 0 0 0 0 0 0 0 0 0 0 0
##$SHL_SFCOEFFS9= (0..200)
0 0 0 0 0 0 0 0 0 0 0 0 0 0 0 0 0 0 0 0 0 0 0 0 0 0 0 0 0 0 0 0 0 0 0 0
0 0 0 0 0 0 0 0 0 0 0 0 0 0 0 0 0 0 0 0 0 0 0 0 0 0 0 0 0 0 0 0 0 0 0 0
0 0 0 0 0 0 0 0 0 0 0 0 0 0 0 0 0 0 0 0 0 0 0 0 0 0 0 0 0 0 0 0 0 0 0 0
0 0 0 0 0 0 0 0 0 0 0 0 0 0 0 0 0 0 0 0 0 0 0 0 0 0 0 0 0 0 0 0 0 0 0 0
0 0 0 0 0 0 0 0 0 0 0 0 0 0 0 0 0 0 0 0 0 0 0 0 0 0 0 0 0 0 0 0 0 0 0 0
0 0 0 0 0 0 0 0 0 0 0 0 0 0 0 0 0 0 0 0 0
##$SHL_SMOOTHED= (0..15)
0 0 0 0 0 0 0 0 0 0 0 0 0 0 0 0
##$SHL_SMOOTHING= (0..15)
0 0 0 0 0 0 0 0 0 0 0 0 0 0 0 0
##$SHL_SPOAL= (0..15)
0 0 0 0 0 0 0 0 0 0 0 0 0 0 0 0
##$SHL_SPOFFS= (0..15)
0 0 0 0 0 0 0 0 0 0 0 0 0 0 0 0
##$SHL_SPOPH= (0..15)
0 0 0 0 0 0 0 0 0 0 0 0 0 0 0 0
##$SHL_STARTAMP= (0..15)
0 0 0 0 0 0 0 0 0 0 0 0 0 0 0 0
##$SHL_SW= (0..15)
0 0 0 0 0 0 0 0 0 0 0 0 0 0 0 0
##$SHL_SWDIR= (0..15)
-1 -1 -1 -1 -1 -1 -1 -1 -1 -1 -1 -1 -1 -1 -1 -1
##$SHL_TANKAPPA= (0..15)
0 0 0 0 0 0 0 0 0 0 0 0 0 0 0 0
##$SHL_TOTROT= (0..15)
90 0 0 0 0 0 0 0 0 0 0 0 0 0 0 0
##$SHL_TRUNCLEV= (0..15)
0 0 0 0 0 0 0 0 0 0 0 0 0 0 0 0
##$SHL_TYPE= (0..15)
<Excitation> <> <> <> <> <> <> <> <> <> <> <> <> <> <> <>
##$SHL_WINDOWSIZE= (0..15)
0 0 0 0 0 0 0 0 0 0 0 0 0 0 0 0
##$SHL_ZETA= (0..15)
0 0 0 0 0 0 0 0 0 0 0 0 0 0 0 0
##NPOINTS= 1250
##XYPOINTS= (XY..XY)
50.787279, 134.168450
51.113791, 135.957571
51.443031, 137.720941
51.773981, 139.458799
52.105645, 141.171432
52.437046, 142.859163
52.767233, 144.522351
53.095279, 146.161379
53.420281, 147.776657
53.741362, 149.368610
54.057671, 150.937680
54.368385, 152.484320
54.672706, 154.008990
54.969862, 155.512154
55.259109, 156.994279
55.539729, 158.455832
55.811029, 159.897276
56.072345, 161.319071
56.323035, 162.721671
56.562487, 164.105522
56.790110, 165.471062
57.005340, 166.818718
57.207637, 168.148908
57.396484, 169.462038
57.571390, 170.758502
57.731884, 172.038682
57.877521, 173.302947
58.007876, 174.551652
58.122547, 175.785138
58.221154, 177.003735
58.303338, 178.207756
58.368760, 179.397501
58.417102, 180.573256
58.448066, 181.735292
58.461376, 182.883867
58.456772, 184.019224
58.434014, 185.141590
58.392883, 186.251179
58.333176, 187.348191
58.254709, 188.432810
58.157318, 189.505207
58.040852, 190.565536
57.905183, 191.613938
57.750196, 192.650539
57.575794, 193.675448
57.381899, 194.688761
57.168446, 195.690557
56.935388, 196.680899
56.682695, 197.659835
56.410351, 198.627396
56.118358, 199.583595
55.806731, 200.528429
55.475504, 201.461876
55.124722, 202.383896
54.754450, 203.294429
54.364763, 204.193394
53.955756, 205.080691
53.527536, 205.956196
53.080225, 206.819762
52.613961, 207.671218
52.128897, 208.510366
51.625199, 209.336980
51.103051, 210.150806
50.562648, 210.951557
50.004204, 211.738914
49.427946, 212.512518
48.834116, 213.271975
48.222973, 214.016845
47.594791, 214.746647
46.949860, 215.460845
46.288486, 216.158851
45.610994, 216.840020
44.917724, 217.503640
44.209034, 218.148929
43.485303, 218.775027
42.746927, 219.380988
41.994324, 219.965772
41.227933, 220.528236
40.448216, 221.067120
39.655659, 221.581033
38.850776, 222.068444
38.034107, 222.527663
37.206223, 222.956818
36.367730, 223.353839
35.519269, 223.716432
34.661522, 224.042052
33.795217, 224.327868
32.921131, 224.570729
32.040097, 224.767126
31.153012, 224.913137
30.260845, 225.004382
29.364648, 225.035955
28.465564, 225.002359
27.564846, 224.897428
26.663870, 224.714236
25.764155, 224.445010
24.867387, 224.081018
23.975445, 223.612464
23.090432, 223.028374
22.214712, 222.316494
21.350952, 221.463199
20.502172, 220.453439
19.671795, 219.270753
18.863708, 217.897383
18.082320, 216.314543
17.332618, 214.502928
16.620214, 212.443541
15.951362, 210.118938
15.332946, 207.514984
14.772397, 204.623145
14.277522, 201.443235
13.856237, 197.986351
13.516172, 194.277490
13.264184, 190.357102
13.105809, 186.280804
13.044759, 182.116705
13.082536, 177.940376
13.218275, 173.828266
13.448837, 169.850930
13.769144, 166.067498
14.172658, 162.522376
14.651927, 159.244380
15.199098, 156.247900
15.806330, 153.535320
16.466101, 151.099933
17.171400, 148.928766
17.915828, 147.005007
18.693630, 145.309892
19.499682, 143.824074
20.329450, 142.528550
21.178937, 141.405236
22.044625, 140.437292
22.923414, 139.609272
23.812568, 138.907153
24.709669, 138.318302
25.612569, 137.831385
26.519352, 137.436272
27.428306, 137.123925
28.337890, 136.886284
29.246714, 136.716165
30.153516, 136.607161
31.057144, 136.553552
31.956548, 136.550227
32.850759, 136.592613
33.738885, 136.676608
34.620098, 136.798531
35.493631, 136.955068
36.358767, 137.143233
37.214835, 137.360329
38.061208, 137.603916
38.897294, 137.871779
39.722537, 138.161907
40.536413, 138.472469
41.338426, 138.801793
42.128106, 139.148351
42.905008, 139.510743
43.668712, 139.887683
44.418817, 140.277989
45.154945, 140.680571
45.876735, 141.094423
46.583846, 141.518611
47.275954, 141.952271
47.952754, 142.394601
48.613954, 142.844851
49.259280, 143.302324
49.888473, 143.766366
50.501290, 144.236366
51.097500, 144.711749
51.676889, 145.191973
52.239256, 145.676529
52.784414, 146.164935
53.312189, 146.656734
53.822421, 147.151492
54.314964, 147.648798
54.789684, 148.148257
55.246461, 148.649493
55.685187, 149.152148
56.105769, 149.655875
56.508124, 150.160341
56.892183, 150.665226
57.257891, 151.170220
57.605204, 151.675022
57.934091, 152.179340
58.244535, 152.682891
58.536530, 153.185398
58.810082, 153.686590
59.065213, 154.186202
59.301953, 154.683974
59.520348, 155.179649
59.720455, 155.672975
59.902344, 156.163702
60.066097, 156.651584
60.211810, 157.136376
60.339590, 157.617834
60.449557, 158.095718
60.541843, 158.569787
60.616594, 159.039799
60.673967, 159.505514
60.714133, 159.966693
60.737274, 160.423093
60.743585, 160.874474
60.733274, 161.320593
60.706562, 161.761205
60.663680, 162.196065
60.604874, 162.624926
60.530401, 163.047538
60.440533, 163.463652
60.335550, 163.873013
60.215749, 164.275365
60.081436, 164.670452
59.932930, 165.058013
59.770565, 165.437785
59.594683, 165.809503
59.405642, 166.172899
59.203810, 166.527705
58.989567, 166.873646
58.763306, 167.210450
58.525432, 167.537840
58.276361, 167.855539
58.016520, 168.163266
57.746351, 168.460742
57.466303, 168.747687
57.176839, 169.023817
56.878433, 169.288854
56.571570, 169.542516
56.256743, 169.784525
55.934459, 170.014605
55.605234, 170.232483
55.269593, 170.437889
54.928071, 170.630560
54.581212, 170.810237
54.229569, 170.976669
53.873703, 171.129616
53.514183, 171.268844
53.151585, 171.394132
52.786491, 171.505274
52.419490, 171.602077
52.051175, 171.684365
51.682143, 171.751981
51.312995, 171.804787
50.944335, 171.842671
50.576768, 171.865543
50.210898, 171.873342
49.847329, 171.866035
49.486664, 171.843622
49.129501, 171.806139
48.776433, 171.753654
48.428047, 171.686278
48.084921, 171.604162
47.747624, 171.507500
47.416713, 171.396532
47.092733, 171.271545
46.776211, 171.132876
46.467660, 170.980910
46.167570, 170.816086
45.876413, 170.638896
45.594638, 170.449882
45.322666, 170.249641
45.060893, 170.038823
44.809687, 169.818128
44.569383, 169.588310
44.340284, 169.350168
44.122661, 169.104550
43.916745, 168.852348
43.722734, 168.594494
43.540787, 168.331958
43.371020, 168.065741
43.213514, 167.796875
43.068306, 167.526414
42.935392, 167.255431
42.814728, 166.985014
42.706229, 166.716256
42.609767, 166.450253
42.525176, 166.188100
42.452249, 165.930880
42.390740, 165.679663
42.340368, 165.435501
42.300813, 165.199419
42.271725, 164.972415
42.252717, 164.755454
42.243375, 164.549463
42.243254, 164.355330
42.251884, 164.173900
42.268771, 164.005971
42.293398, 163.852297
42.325230, 163.713580
42.363715, 163.590475
42.408284, 163.483586
42.458357, 163.393469
42.513343, 163.320628
42.572644, 163.265521
42.635655, 163.228558
42.701768, 163.210102
42.770371, 163.210474
42.840855, 163.229950
42.912610, 163.268769
42.985030, 163.327129
43.057515, 163.405196
43.129470, 163.503100
43.200309, 163.620943
43.269454, 163.758797
43.336337, 163.916711
43.400402, 164.094709
43.461104, 164.292796
43.517913, 164.510959
43.570309, 164.749168
43.617791, 165.007383
43.659870, 165.285550
43.696073, 165.583608
43.725945, 165.901489
43.749046, 166.239119
43.764952, 166.596423
43.773259, 166.973323
43.773580, 167.369744
43.765543, 167.785611
43.748798, 168.220854
43.723011, 168.675408
43.687868, 169.149215
43.643071, 169.642225
43.588345, 170.154397
43.523430, 170.685703
43.448086, 171.236122
43.362095, 171.805652
43.265254, 172.394301
43.157383, 173.002094
43.038318, 173.629073
42.907917, 174.275297
42.766058, 174.940844
42.612636, 175.625811
42.447569, 176.330319
42.270794, 177.054508
42.082266, 177.798543
41.881964, 178.562615
41.669886, 179.346937
41.446050, 180.151753
41.210496, 180.977334
40.963286, 181.823982
40.704501, 182.692029
40.434247, 183.581841
40.152652, 184.493818
39.859864, 185.428396
39.556057, 186.386049
39.241429, 187.367290
38.916201, 188.372676
38.580619, 189.402802
38.234955, 190.458314
37.879507, 191.539900
37.514601, 192.648299
37.140592, 193.784301
36.757861, 194.948748
36.366821, 196.142536
35.967917, 197.366619
35.561624, 198.622005
35.148453, 199.909765
34.728949, 201.231027
34.303692, 202.586980
33.873303, 203.978873
33.438439, 205.408017
32.999801, 206.875779
32.558132, 208.383584
32.114218, 209.932908
31.668893, 211.525276
31.223039, 213.162253
30.777586, 214.845438
30.333517, 216.576451
29.891865, 218.356921
29.453717, 220.188469
29.020217, 222.072687
28.592558, 224.011119
28.171991, 226.005226
27.759818, 228.056363
27.357392, 230.165736
26.966114, 232.334366
26.587428, 234.563043
26.222816, 236.852275
25.873791, 239.202241
25.541888, 241.612737
25.228652, 244.083118
24.935630, 246.612254
24.664348, 249.198478
24.416305, 251.839546
24.192946, 254.532608
23.995651, 257.274188
23.825709, 260.060186
23.684302, 262.885893
23.572483, 265.746027
23.491158, 268.634791
23.441072, 271.545949
23.422791, 274.472924
23.436693, 277.408905
23.482962, 280.346968
23.561584, 283.280206
23.672348, 286.201846
23.814851, 289.105377
23.988509, 291.984649
24.192568, 294.833972
24.426119, 297.648186
24.688115, 300.422714
24.977392, 303.153596
25.292683, 305.837504
25.632642, 308.471732
25.995860, 311.054182
26.380882, 313.583326
26.786223, 316.058167
27.210383, 318.478193
27.651859, 320.843319
28.109156, 323.153839
28.580794, 325.410372
29.065318, 327.613808
29.561305, 329.765266
30.067363, 331.866045
30.582141, 333.917588
31.104325, 335.921444
31.632647, 337.879241
32.165878, 339.792654
32.702834, 341.663389
33.242371, 343.493157
33.783389, 345.283664
34.324829, 347.036597
34.865669, 348.753610
35.404928, 350.436321
35.941663, 352.086301
36.474962, 353.705076
37.003952, 355.294117
37.527792, 356.854840
38.045668, 358.388609
38.556803, 359.896730
39.060442, 1.380456
39.555861, 2.840982
40.042362, 4.279453
40.519271, 5.696960
40.985939, 7.094545
41.441740, 8.473202
41.886068, 9.833877
42.318340, 11.177473
42.737995, 12.504849
43.144489, 13.816826
43.537297, 15.114185
43.915915, 16.397670
44.279855, 17.667993
44.628646, 18.925832
44.961835, 20.171835
45.278984, 21.406621
45.579672, 22.630782
45.863495, 23.844885
46.130061, 25.049473
46.378996, 26.245067
46.609938, 27.432168
46.822543, 28.611256
47.016479, 29.782796
47.191427, 30.947234
47.347085, 32.105002
47.483163, 33.256518
47.599383, 34.402187
47.695485, 35.542403
47.771218, 36.677550
47.826346, 37.808001
47.860646, 38.934123
47.873909, 40.056275
47.865938, 41.174810
47.836550, 42.290077
47.785574, 43.402421
47.712852, 44.512183
47.618240, 45.619706
47.501606, 46.725329
47.362831, 47.829395
47.201810, 48.932247
47.018449, 50.034232
46.812669, 51.135703
46.584403, 52.237019
46.333597, 53.338547
46.060210, 54.440662
45.764214, 55.543752
45.445596, 56.648218
45.104354, 57.754476
44.740501, 58.862960
44.354062, 59.974126
43.945078, 61.088449
43.513602, 62.206434
43.059702, 63.328614
42.583459, 64.455556
42.084971, 65.587864
41.564348, 66.726186
41.021717, 67.871217
40.457220, 69.023707
39.871016, 70.184469
39.263279, 71.354384
38.634202, 72.534413
37.983994, 73.725606
37.312885, 74.929118
36.621123, 76.146217
35.908978, 77.378309
35.176743, 78.626949
34.424735, 79.893871
33.653297, 81.181010
32.862801, 82.490539
32.053649, 83.824902
31.226283, 85.186864
30.381178, 86.579559
29.518859, 88.006566
28.639899, 89.471977
27.744932, 90.980500
26.834660, 92.537579
25.909865, 94.149533
24.971428, 95.823741
24.020341, 97.568862
23.057742, 99.395114
22.084936, 101.314627
21.103444, 103.341877
20.115050, 105.494241
19.121876, 107.792701
18.126472, 110.262721
17.131937, 112.935350
16.142086, 115.848580
15.161667, 119.048963
14.196657, 122.593447
13.254647, 126.551204
12.345343, 131.004922
11.481179, 136.050412
10.678001, 141.792328
9.955666, 148.332346
9.338209, 155.745179
8.852952, 164.039741
8.527839, 173.112131
8.386725, 182.714489
8.443775, 192.474626
8.699637, 201.978887
9.141720, 210.879401
9.748324, 218.963373
10.494086, 226.157874
11.354303, 232.491765
12.307279, 238.049183
13.335061, 242.934158
14.423261, 247.249940
15.560520, 251.089387
16.737902, 254.531891
17.948348, 257.643538
19.186239, 260.478605
20.447053, 263.081424
21.727100, 265.488173
23.023334, 267.728435
24.333198, 269.826493
25.654519, 271.802376
26.985423, 273.672689
28.324273, 275.451280
29.669616, 277.149759
31.020153, 278.777921
32.374705, 280.344067
33.732189, 281.855278
35.091608, 283.317618
36.452028, 284.736310
37.812572, 286.115875
39.172410, 287.460237
40.530751, 288.772826
41.886838, 290.056644
43.239943, 291.314334
44.589361, 292.548230
45.934412, 293.760397
47.274434, 294.952675
48.608779, 296.126703
49.936818, 297.283947
51.257935, 298.425725
52.571524, 299.553220
53.876993, 300.667500
55.173760, 301.769532
56.461253, 302.860192
57.738908, 303.940277
59.006171, 305.010511
60.262498, 306.071559
61.507349, 307.124024
62.740198, 308.168463
63.960521, 309.205387
65.167805, 310.235263
66.361544, 311.258526
67.541240, 312.275574
68.706400, 313.286778
69.856542, 314.292480
70.991189, 315.292999
72.109874, 316.288629
73.212134, 317.279647
74.297516, 318.266308
75.365575, 319.248854
76.415873, 320.227506
77.447980, 321.202477
78.461474, 322.173962
79.455941, 323.142147
80.430975, 324.107205
81.386179, 325.069300
82.321164, 326.028587
83.235550, 326.985211
84.128964, 327.939310
85.001044, 328.891014
85.851435, 329.840447
86.679792, 330.787726
87.485778, 331.732964
88.269068, 332.676264
89.029342, 333.617730
89.766293, 334.557457
90.479623, 335.495537
91.169042, 336.432058
91.834270, 337.367105
92.475039, 338.300759
93.091089, 339.233097
93.682171, 340.164193
94.248044, 341.094120
94.788481, 342.022948
95.303262, 342.950742
95.792179, 343.877569
96.255035, 344.803490
96.691641, 345.728567
97.101821, 346.652858
97.485410, 347.576422
97.842252, 348.499314
98.172202, 349.421590
98.475128, 350.343302
98.750906, 351.264504
98.999426, 352.185246
99.220586, 353.105580
99.414297, 354.025555
99.580481, 354.945221
99.719070, 355.864626
99.830009, 356.783818
99.913252, 357.702845
99.968767, 358.621754
99.996529, 359.540592
99.996529, 0.459408
99.968767, 1.378246
99.913252, 2.297155
99.830009, 3.216182
99.719070, 4.135374
99.580481, 5.054779
99.414297, 5.974445
99.220586, 6.894420
98.999426, 7.814754
98.750906, 8.735496
98.475128, 9.656698
98.172202, 10.578410
97.842252, 11.500686
97.485410, 12.423578
97.101821, 13.347142
96.691641, 14.271433
96.255035, 15.196510
95.792179, 16.122431
95.303262, 17.049258
94.788481, 17.977052
94.248044, 18.905880
93.682171, 19.835807
93.091089, 20.766903
92.475039, 21.699241
91.834270, 22.632895
91.169042, 23.567942
90.479623, 24.504463
89.766293, 25.442543
89.029342, 26.382270
88.269068, 27.323736
87.485778, 28.267036
86.679792, 29.212274
85.851435, 30.159553
85.001044, 31.108986
84.128964, 32.060690
83.235550, 33.014789
82.321164, 33.971413
81.386179, 34.930700
80.430975, 35.892795
79.455941, 36.857853
78.461474, 37.826038
77.447980, 38.797523
76.415873, 39.772494
75.365575, 40.751146
74.297516, 41.733692
73.212134, 42.720353
72.109874, 43.711371
70.991189, 44.707001
69.856542, 45.707520
68.706400, 46.713222
67.541240, 47.724426
66.361544, 48.741474
65.167805, 49.764737
63.960521, 50.794613
62.740198, 51.831537
61.507349, 52.875976
60.262498, 53.928441
59.006171, 54.989489
57.738908, 56.059723
56.461253, 57.139808
55.173760, 58.230468
53.876993, 59.332500
52.571524, 60.446780
51.257935, 61.574275
49.936818, 62.716053
48.608779, 63.873297
47.274434, 65.047325
45.934412, 66.239603
44.589361, 67.451770
43.239943, 68.685666
41.886838, 69.943356
40.530751, 71.227174
39.172410, 72.539763
37.812572, 73.884125
36.452028, 75.263690
35.091608, 76.682382
33.732189, 78.144722
32.374705, 79.655933
31.020153, 81.222079
29.669616, 82.850241
28.324273, 84.548720
26.985423, 86.327311
25.654519, 88.197624
24.333198, 90.173507
23.023334, 92.271565
21.727100, 94.511827
20.447053, 96.918576
19.186239, 99.521395
17.948348, 102.356462
16.737902, 105.468109
15.560520, 108.910613
14.423261, 112.750060
13.335061, 117.065842
12.307279, 121.950817
11.354303, 127.508235
10.494086, 133.842126
9.748324, 141.036627
9.141720, 149.120599
8.699637, 158.021113
8.443775, 167.525374
8.386725, 177.285511
8.527839, 186.887869
8.852952, 195.960259
9.338209, 204.254821
9.955666, 211.667654
10.678001, 218.207672
11.481179, 223.949588
12.345343, 228.995078
13.254647, 233.448796
14.196657, 237.406553
15.161667, 240.951037
16.142086, 244.151420
17.131937, 247.064650
18.126472, 249.737279
19.121876, 252.207299
20.115050, 254.505759
21.103444, 256.658123
22.084936, 258.685373
23.057742, 260.604886
24.020341, 262.431138
24.971428, 264.176259
25.909865, 265.850467
26.834660, 267.462421
27.744932, 269.019500
28.639899, 270.528023
29.518859, 271.993434
30.381178, 273.420441
31.226283, 274.813136
32.053649, 276.175098
32.862801, 277.509461
33.653297, 278.818990
34.424735, 280.106129
35.176743, 281.373051
35.908978, 282.621691
36.621123, 283.853783
37.312885, 285.070882
37.983994, 286.274394
38.634202, 287.465587
39.263279, 288.645616
39.871016, 289.815531
40.457220, 290.976293
41.021717, 292.128783
41.564348, 293.273814
42.084971, 294.412136
42.583459, 295.544444
43.059702, 296.671386
43.513602, 297.793566
43.945078, 298.911551
44.354062, 300.025874
44.740501, 301.137040
45.104354, 302.245524
45.445596, 303.351782
45.764214, 304.456248
46.060210, 305.559338
46.333597, 306.661453
46.584403, 307.762981
46.812669, 308.864297
47.018449, 309.965768
47.201810, 311.067753
47.362831, 312.170605
47.501606, 313.274671
47.618240, 314.380294
47.712852, 315.487817
47.785574, 316.597579
47.836550, 317.709923
47.865938, 318.825190
47.873909, 319.943725
47.860646, 321.065877
47.826346, 322.191999
47.771218, 323.322450
47.695485, 324.457597
47.599383, 325.597813
47.483163, 326.743482
47.347085, 327.894998
47.191427, 329.052766
47.016479, 330.217204
46.822543, 331.388744
46.609938, 332.567832
46.378996, 333.754933
46.130061, 334.950527
45.863495, 336.155115
45.579672, 337.369218
45.278984, 338.593379
44.961835, 339.828165
44.628646, 341.074168
44.279855, 342.332007
43.915915, 343.602330
43.537297, 344.885815
43.144489, 346.183174
42.737995, 347.495151
42.318340, 348.822527
41.886068, 350.166123
41.441740, 351.526798
40.985939, 352.905455
40.519271, 354.303040
40.042362, 355.720547
39.555861, 357.159018
39.060442, 358.619544
38.556803, 0.103270
38.045668, 1.611391
37.527792, 3.145160
37.003952, 4.705883
36.474962, 6.294924
35.941663, 7.913699
35.404928, 9.563679
34.865669, 11.246390
34.324829, 12.963403
33.783389, 14.716336
33.242371, 16.506843
32.702834, 18.336611
32.165878, 20.207346
31.632647, 22.120759
31.104325, 24.078556
30.582141, 26.082412
30.067363, 28.133955
29.561305, 30.234734
29.065318, 32.386192
28.580794, 34.589628
28.109156, 36.846161
27.651859, 39.156681
27.210383, 41.521807
26.786223, 43.941833
26.380882, 46.416674
25.995860, 48.945818
25.632642, 51.528268
25.292683, 54.162496
24.977392, 56.846404
24.688115, 59.577286
24.426119, 62.351814
24.192568, 65.166028
23.988509, 68.015351
23.814851, 70.894623
23.672348, 73.798154
23.561584, 76.719794
23.482962, 79.653032
23.436693, 82.591095
23.422791, 85.527076
23.441072, 88.454051
23.491158, 91.365209
23.572483, 94.253973
23.684302, 97.114107
23.825709, 99.939814
23.995651, 102.725812
24.192946, 105.467392
24.416305, 108.160454
24.664348, 110.801522
24.935630, 113.387746
25.228652, 115.916882
25.541888, 118.387263
25.873791, 120.797759
26.222816, 123.147725
26.587428, 125.436957
26.966114, 127.665634
27.357392, 129.834264
27.759818, 131.943637
28.171991, 133.994774
28.592558, 135.988881
29.020217, 137.927313
29.453717, 139.811531
29.891865, 141.643079
30.333517, 143.423549
30.777586, 145.154562
31.223039, 146.837747
31.668893, 148.474724
32.114218, 150.067092
32.558132, 151.616416
32.999801, 153.124221
33.438439, 154.591983
33.873303, 156.021127
34.303692, 157.413020
34.728949, 158.768973
35.148453, 160.090235
35.561624, 161.377995
35.967917, 162.633381
36.366821, 163.857464
36.757861, 165.051252
37.140592, 166.215699
37.514601, 167.351701
37.879507, 168.460100
38.234955, 169.541686
38.580619, 170.597198
38.916201, 171.627324
39.241429, 172.632710
39.556057, 173.613951
39.859864, 174.571604
40.152652, 175.506182
40.434247, 176.418159
40.704501, 177.307971
40.963286, 178.176018
41.210496, 179.022666
41.446050, 179.848247
41.669886, 180.653063
41.881964, 181.437385
42.082266, 182.201457
42.270794, 182.945492
42.447569, 183.669681
42.612636, 184.374189
42.766058, 185.059156
42.907917, 185.724703
43.038318, 186.370927
43.157383, 186.997906
43.265254, 187.605699
43.362095, 188.194348
43.448086, 188.763878
43.523430, 189.314297
43.588345, 189.845603
43.643071, 190.357775
43.687868, 190.850785
43.723011, 191.324592
43.748798, 191.779146
43.765543, 192.214389
43.773580, 192.630256
43.773259, 193.026677
43.764952, 193.403577
43.749046, 193.760881
43.725945, 194.098511
43.696073, 194.416392
43.659870, 194.714450
43.617791, 194.992617
43.570309, 195.250832
43.517913, 195.489041
43.461104, 195.707204
43.400402, 195.905291
43.336337, 196.083289
43.269454, 196.241203
43.200309, 196.379057
43.129470, 196.496900
43.057515, 196.594804
42.985030, 196.672871
42.912610, 196.731231
42.840855, 196.770050
42.770371, 196.789526
42.701768, 196.789898
42.635655, 196.771442
42.572644, 196.734479
42.513343, 196.679372
42.458357, 196.606531
42.408284, 196.516414
42.363715, 196.409525
42.325230, 196.286420
42.293398, 196.147703
42.268771, 195.994029
42.251884, 195.826100
42.243254, 195.644670
42.243375, 195.450537
42.252717, 195.244546
42.271725, 195.027585
42.300813, 194.800581
42.340368, 194.564499
42.390740, 194.320337
42.452249, 194.069120
42.525176, 193.811900
42.609767, 193.549747
42.706229, 193.283744
42.814728, 193.014986
42.935392, 192.744569
43.068306, 192.473586
43.213514, 192.203125
43.371020, 191.934259
43.540787, 191.668042
43.722734, 191.405506
43.916745, 191.147652
44.122661, 190.895450
44.340284, 190.649832
44.569383, 190.411690
44.809687, 190.181872
45.060893, 189.961177
45.322666, 189.750359
45.594638, 189.550118
45.876413, 189.361104
46.167570, 189.183914
46.467660, 189.019090
46.776211, 188.867124
47.092733, 188.728455
47.416713, 188.603468
47.747624, 188.492500
48.084921, 188.395838
48.428047, 188.313722
48.776433, 188.246346
49.129501, 188.193861
49.486664, 188.156378
49.847329, 188.133965
50.210898, 188.126658
50.576768, 188.134457
50.944335, 188.157329
51.312995, 188.195213
51.682143, 188.248019
52.051175, 188.315635
52.419490, 188.397923
52.786491, 188.494726
53.151585, 188.605868
53.514183, 188.731156
53.873703, 188.870384
54.229569, 189.023331
54.581212, 189.189763
54.928071, 189.369440
55.269593, 189.562111
55.605234, 189.767517
55.934459, 189.985395
56.256743, 190.215475
56.571570, 190.457484
56.878433, 190.711146
57.176839, 190.976183
57.466303, 191.252313
57.746351, 191.539258
58.016520, 191.836734
58.276361, 192.144461
58.525432, 192.462160
58.763306, 192.789550
58.989567, 193.126354
59.203810, 193.472295
59.405642, 193.827101
59.594683, 194.190497
59.770565, 194.562215
59.932930, 194.941987
60.081436, 195.329548
60.215749, 195.724635
60.335550, 196.126987
60.440533, 196.536348
60.530401, 196.952462
60.604874, 197.375074
60.663680, 197.803935
60.706562, 198.238795
60.733274, 198.679407
60.743585, 199.125526
60.737274, 199.576907
60.714133, 200.033307
60.673967, 200.494486
60.616594, 200.960201
60.541843, 201.430213
60.449557, 201.904282
60.339590, 202.382166
60.211810, 202.863624
60.066097, 203.348416
59.902344, 203.836298
59.720455, 204.327025
59.520348, 204.820351
59.301953, 205.316026
59.065213, 205.813798
58.810082, 206.313410
58.536530, 206.814602
58.244535, 207.317109
57.934091, 207.820660
57.605204, 208.324978
57.257891, 208.829780
56.892183, 209.334774
56.508124, 209.839659
56.105769, 210.344125
55.685187, 210.847852
55.246461, 211.350507
54.789684, 211.851743
54.314964, 212.351202
53.822421, 212.848508
53.312189, 213.343266
52.784414, 213.835065
52.239256, 214.323471
51.676889, 214.808027
51.097500, 215.288251
50.501290, 215.763634
49.888473, 216.233634
49.259280, 216.697676
48.613954, 217.155149
47.952754, 217.605399
47.275954, 218.047729
46.583846, 218.481389
45.876735, 218.905577
45.154945, 219.319429
44.418817, 219.722011
43.668712, 220.112317
42.905008, 220.489257
42.128106, 220.851649
41.338426, 221.198207
40.536413, 221.527531
39.722537, 221.838093
38.897294, 222.128221
38.061208, 222.396084
37.214835, 222.639671
36.358767, 222.856767
35.493631, 223.044932
34.620098, 223.201469
33.738885, 223.323392
32.850759, 223.407387
31.956548, 223.449773
31.057144, 223.446448
30.153516, 223.392839
29.246714, 223.283835
28.337890, 223.113716
27.428306, 222.876075
26.519352, 222.563728
25.612569, 222.168615
24.709669, 221.681698
23.812568, 221.092847
22.923414, 220.390728
22.044625, 219.562708
21.178937, 218.594764
20.329450, 217.471450
19.499682, 216.175926
18.693630, 214.690108
17.915828, 212.994993
17.171400, 211.071234
16.466101, 208.900067
15.806330, 206.464680
15.199098, 203.752100
14.651927, 200.755620
14.172658, 197.477624
13.769144, 193.932502
13.448837, 190.149070
13.218275, 186.171734
13.082536, 182.059624
13.044759, 177.883295
13.105809, 173.719196
13.264184, 169.642898
13.516172, 165.722510
13.856237, 162.013649
14.277522, 158.556765
14.772397, 155.376855
15.332946, 152.485016
15.951362, 149.881062
16.620214, 147.556459
17.332618, 145.497072
18.082320, 143.685457
18.863708, 142.102617
19.671795, 140.729247
20.502172, 139.546561
21.350952, 138.536801
22.214712, 137.683506
23.090432, 136.971626
23.975445, 136.387536
24.867387, 135.918982
25.764155, 135.554990
26.663870, 135.285764
27.564846, 135.102572
28.465564, 134.997641
29.364648, 134.964045
30.260845, 134.995618
31.153012, 135.086863
32.040097, 135.232874
32.921131, 135.429271
33.795217, 135.672132
34.661522, 135.957948
35.519269, 136.283568
36.367730, 136.646161
37.206223, 137.043182
38.034107, 137.472337
38.850776, 137.931556
39.655659, 138.418967
40.448216, 138.932880
41.227933, 139.471764
41.994324, 140.034228
42.746927, 140.619012
43.485303, 141.224973
44.209034, 141.851071
44.917724, 142.496360
45.610994, 143.159980
46.288486, 143.841149
46.949860, 144.539155
47.594791, 145.253353
48.222973, 145.983155
48.834116, 146.728025
49.427946, 147.487482
50.004204, 148.261086
50.562648, 149.048443
51.103051, 149.849194
51.625199, 150.663020
52.128897, 151.489634
52.613961, 152.328782
53.080225, 153.180238
53.527536, 154.043804
53.955756, 154.919309
54.364763, 155.806606
54.754450, 156.705571
55.124722, 157.616104
55.475504, 158.538124
55.806731, 159.471571
56.118358, 160.416405
56.410351, 161.372604
56.682695, 162.340165
56.935388, 163.319101
57.168446, 164.309443
57.381899, 165.311239
57.575794, 166.324552
57.750196, 167.349461
57.905183, 168.386062
58.040852, 169.434464
58.157318, 170.494793
58.254709, 171.567190
58.333176, 172.651809
58.392883, 173.748821
58.434014, 174.858410
58.456772, 175.980776
58.461376, 177.116133
58.448066, 178.264708
58.417102, 179.426744
58.368760, 180.602499
58.303338, 181.792244
58.221154, 182.996265
58.122547, 184.214862
58.007876, 185.448348
57.877521, 186.697053
57.731884, 187.961318
57.571390, 189.241498
57.396484, 190.537962
57.207637, 191.851092
57.005340, 193.181282
56.790110, 194.528938
56.562487, 195.894478
56.323035, 197.278329
56.072345, 198.680929
55.811029, 200.102724
55.539729, 201.544168
55.259109, 203.005721
54.969862, 204.487846
54.672706, 205.991010
54.368385, 207.515680
54.057671, 209.062320
53.741362, 210.631390
53.420281, 212.223343
53.095279, 213.838621
52.767233, 215.477649
52.437046, 217.140837
52.105645, 218.828568
51.773981, 220.541201
51.443031, 222.279059
51.113791, 224.042429
50.787279, 225.831550
##END=
