##TITLE= Parameter file, TopSpin 4.3.0
##JCAMPDX= 5.0
##DATATYPE= Parameter Values
##ORIGIN= Bruker BioSpin GmbH
##OWNER= nmrsu
$$ 2024-02-05 18:04:28.144 +0000  nmrsu@4CE1161FJM
$$ C:/Bruker/TopSpin4.3.0/exp/stan/nmr/lists/wave/user/multisupp_aux_d8
$$ process C:\Bruker\TopSpin4.3.0\prog\mod\xwinshape.exe
##MINX= 100.00000000
##MAXX= 100.00000000
##MINY= 0.19445800
##MAXY= 359.80554200
##$SHAPE_ADDPHASE= 0
##$SHAPE_AMP= 100
##$SHAPE_BWFAC= 0
##$SHAPE_BWFAC50= 0
##$SHAPE_CALCBW= yes
##$SHAPE_CALCINTEG= yes
##$SHAPE_EXMODE= <Excitation>
##$SHAPE_EXPAND= <>
##$SHAPE_EXPANDCF= (0..143)
0 0 0 0 0 0 0 0 0 0 0 0 0 0 0 0 0 0 0 0 0 0 0 0 0 0 0 0 0 0 0 0 0 0 0 0
0 0 0 0 0 0 0 0 0 0 0 0 0 0 0 0 0 0 0 0 0 0 0 0 0 0 0 0 0 0 0 0 0 0 0 0
0 0 0 0 0 0 0 0 0 0 0 0 0 0 0 0 0 0 0 0 0 0 0 0 0 0 0 0 0 0 0 0 0 0 0 0
0 0 0 0 0 0 0 0 0 0 0 0 0 0 0 0 0 0 0 0 0 0 0 0 0 0 0 0 0 0 0 0 0 0 0 0
##$SHAPE_EXPFAC= 0
##$SHAPE_FRACEND= 0
##$SHAPE_FRACORG= 0
##$SHAPE_FRACSTART= 0
##$SHAPE_INTEGFAC= 0
##$SHAPE_KEEPRES= yes
##$SHAPE_LENGTH= 25000.000373
##$SHAPE_MAN= <M>
##$SHAPE_MODE= 1
##$SHAPE_MODFREQ= 0
##$SHAPE_MODPHASE= 0
##$SHAPE_MODSCALE= 0
##$SHAPE_MODSW= 0
##$SHAPE_MODSWDIR= -1
##$SHAPE_NPOINTS= 1250
##$SHAPE_OFFS= <1 1>
##$SHAPE_OFFSCOEFF= (0..95)
54.016205 0 100 0 0 0 0 0 0 0 0 0 0 0 0 0 0 0 0 0 0 0 0 0 0 0 0 0 0 0 0
0 0 0 0 0 0 0 0 0 0 0 0 0 0 0 0 0 0 0 0 0 0 0 0 0 0 0 0 0 0 0 0 0 0 0 0
0 0 0 0 0 0 0 0 0 0 0 0 0 0 0 0 0 0 0 0 0 0 0 0 0 0 0 0 0
##$SHAPE_PARAMETER= <>
##$SHAPE_REPHFAC= 0
##$SHAPE_RES= 0
##$SHAPE_SCALEFAC= 1
##$SHAPE_SCALETYPE= 0
##$SHAPE_SPOAL= 0
##$SHAPE_SPOFFS= 0
##$SHAPE_SPOPH= 0
##$SHAPE_TOTROT= 90
##$SHAPE_TYPE= <Excitation>
##$SHAPE_USER_DEF= <>
##$SHAPE_VERSION= 2.1
##$SHL_ADDPHASE= (0..15)
0 0 0 0 0 0 0 0 0 0 0 0 0 0 0 0
##$SHL_ALIGNOFFSET= (0..15)
0 0 0 0 0 0 0 0 0 0 0 0 0 0 0 0
##$SHL_AMP= (0..15)
100 0 0 0 0 0 0 0 0 0 0 0 0 0 0 0
##$SHL_AMPFAC= (0..15)
0 0 0 0 0 0 0 0 0 0 0 0 0 0 0 0
##$SHL_BETA= (0..15)
0 0 0 0 0 0 0 0 0 0 0 0 0 0 0 0
##$SHL_BWFAC= (0..15)
1.116 0 0 0 0 0 0 0 0 0 0 0 0 0 0 0
##$SHL_CALCBW= (0..15)
yes yes yes yes yes yes yes yes yes yes yes yes yes yes yes yes
##$SHL_CALCINTEG= (0..15)
yes yes yes yes yes yes yes yes yes yes yes yes yes yes yes yes
##$SHL_CENTERAMP= (0..15)
0 0 0 0 0 0 0 0 0 0 0 0 0 0 0 0
##$SHL_CYCNUM= (0..15)
0 0 0 0 0 0 0 0 0 0 0 0 0 0 0 0
##$SHL_DIPOLCPL= (0..15)
0 0 0 0 0 0 0 0 0 0 0 0 0 0 0 0
##$SHL_ENDAMP= (0..15)
0 0 0 0 0 0 0 0 0 0 0 0 0 0 0 0
##$SHL_EXMODE= (0..15)
<Excitation> <> <> <> <> <> <> <> <> <> <> <> <> <> <> <>
##$SHL_EXPAND= (0..15)
<> <> <> <> <> <> <> <> <> <> <> <> <> <> <> <>
##$SHL_EXPANDCF0= (0..143)
0 0 0 0 0 0 0 0 0 0 0 0 0 0 0 0 0 0 0 0 0 0 0 0 0 0 0 0 0 0 0 0 0 0 0 0
0 0 0 0 0 0 0 0 0 0 0 0 0 0 0 0 0 0 0 0 0 0 0 0 0 0 0 0 0 0 0 0 0 0 0 0
0 0 0 0 0 0 0 0 0 0 0 0 0 0 0 0 0 0 0 0 0 0 0 0 0 0 0 0 0 0 0 0 0 0 0 0
0 0 0 0 0 0 0 0 0 0 0 0 0 0 0 0 0 0 0 0 0 0 0 0 0 0 0 0 0 0 0 0 0 0 0 0
##$SHL_EXPANDCF1= (0..143)
0 0 0 0 0 0 0 0 0 0 0 0 0 0 0 0 0 0 0 0 0 0 0 0 0 0 0 0 0 0 0 0 0 0 0 0
0 0 0 0 0 0 0 0 0 0 0 0 0 0 0 0 0 0 0 0 0 0 0 0 0 0 0 0 0 0 0 0 0 0 0 0
0 0 0 0 0 0 0 0 0 0 0 0 0 0 0 0 0 0 0 0 0 0 0 0 0 0 0 0 0 0 0 0 0 0 0 0
0 0 0 0 0 0 0 0 0 0 0 0 0 0 0 0 0 0 0 0 0 0 0 0 0 0 0 0 0 0 0 0 0 0 0 0
##$SHL_EXPANDCF10= (0..143)
0 0 0 0 0 0 0 0 0 0 0 0 0 0 0 0 0 0 0 0 0 0 0 0 0 0 0 0 0 0 0 0 0 0 0 0
0 0 0 0 0 0 0 0 0 0 0 0 0 0 0 0 0 0 0 0 0 0 0 0 0 0 0 0 0 0 0 0 0 0 0 0
0 0 0 0 0 0 0 0 0 0 0 0 0 0 0 0 0 0 0 0 0 0 0 0 0 0 0 0 0 0 0 0 0 0 0 0
0 0 0 0 0 0 0 0 0 0 0 0 0 0 0 0 0 0 0 0 0 0 0 0 0 0 0 0 0 0 0 0 0 0 0 0
##$SHL_EXPANDCF11= (0..143)
0 0 0 0 0 0 0 0 0 0 0 0 0 0 0 0 0 0 0 0 0 0 0 0 0 0 0 0 0 0 0 0 0 0 0 0
0 0 0 0 0 0 0 0 0 0 0 0 0 0 0 0 0 0 0 0 0 0 0 0 0 0 0 0 0 0 0 0 0 0 0 0
0 0 0 0 0 0 0 0 0 0 0 0 0 0 0 0 0 0 0 0 0 0 0 0 0 0 0 0 0 0 0 0 0 0 0 0
0 0 0 0 0 0 0 0 0 0 0 0 0 0 0 0 0 0 0 0 0 0 0 0 0 0 0 0 0 0 0 0 0 0 0 0
##$SHL_EXPANDCF12= (0..143)
0 0 0 0 0 0 0 0 0 0 0 0 0 0 0 0 0 0 0 0 0 0 0 0 0 0 0 0 0 0 0 0 0 0 0 0
0 0 0 0 0 0 0 0 0 0 0 0 0 0 0 0 0 0 0 0 0 0 0 0 0 0 0 0 0 0 0 0 0 0 0 0
0 0 0 0 0 0 0 0 0 0 0 0 0 0 0 0 0 0 0 0 0 0 0 0 0 0 0 0 0 0 0 0 0 0 0 0
0 0 0 0 0 0 0 0 0 0 0 0 0 0 0 0 0 0 0 0 0 0 0 0 0 0 0 0 0 0 0 0 0 0 0 0
##$SHL_EXPANDCF13= (0..143)
0 0 0 0 0 0 0 0 0 0 0 0 0 0 0 0 0 0 0 0 0 0 0 0 0 0 0 0 0 0 0 0 0 0 0 0
0 0 0 0 0 0 0 0 0 0 0 0 0 0 0 0 0 0 0 0 0 0 0 0 0 0 0 0 0 0 0 0 0 0 0 0
0 0 0 0 0 0 0 0 0 0 0 0 0 0 0 0 0 0 0 0 0 0 0 0 0 0 0 0 0 0 0 0 0 0 0 0
0 0 0 0 0 0 0 0 0 0 0 0 0 0 0 0 0 0 0 0 0 0 0 0 0 0 0 0 0 0 0 0 0 0 0 0
##$SHL_EXPANDCF14= (0..143)
0 0 0 0 0 0 0 0 0 0 0 0 0 0 0 0 0 0 0 0 0 0 0 0 0 0 0 0 0 0 0 0 0 0 0 0
0 0 0 0 0 0 0 0 0 0 0 0 0 0 0 0 0 0 0 0 0 0 0 0 0 0 0 0 0 0 0 0 0 0 0 0
0 0 0 0 0 0 0 0 0 0 0 0 0 0 0 0 0 0 0 0 0 0 0 0 0 0 0 0 0 0 0 0 0 0 0 0
0 0 0 0 0 0 0 0 0 0 0 0 0 0 0 0 0 0 0 0 0 0 0 0 0 0 0 0 0 0 0 0 0 0 0 0
##$SHL_EXPANDCF15= (0..143)
0 0 0 0 0 0 0 0 0 0 0 0 0 0 0 0 0 0 0 0 0 0 0 0 0 0 0 0 0 0 0 0 0 0 0 0
0 0 0 0 0 0 0 0 0 0 0 0 0 0 0 0 0 0 0 0 0 0 0 0 0 0 0 0 0 0 0 0 0 0 0 0
0 0 0 0 0 0 0 0 0 0 0 0 0 0 0 0 0 0 0 0 0 0 0 0 0 0 0 0 0 0 0 0 0 0 0 0
0 0 0 0 0 0 0 0 0 0 0 0 0 0 0 0 0 0 0 0 0 0 0 0 0 0 0 0 0 0 0 0 0 0 0 0
##$SHL_EXPANDCF2= (0..143)
0 0 0 0 0 0 0 0 0 0 0 0 0 0 0 0 0 0 0 0 0 0 0 0 0 0 0 0 0 0 0 0 0 0 0 0
0 0 0 0 0 0 0 0 0 0 0 0 0 0 0 0 0 0 0 0 0 0 0 0 0 0 0 0 0 0 0 0 0 0 0 0
0 0 0 0 0 0 0 0 0 0 0 0 0 0 0 0 0 0 0 0 0 0 0 0 0 0 0 0 0 0 0 0 0 0 0 0
0 0 0 0 0 0 0 0 0 0 0 0 0 0 0 0 0 0 0 0 0 0 0 0 0 0 0 0 0 0 0 0 0 0 0 0
##$SHL_EXPANDCF3= (0..143)
0 0 0 0 0 0 0 0 0 0 0 0 0 0 0 0 0 0 0 0 0 0 0 0 0 0 0 0 0 0 0 0 0 0 0 0
0 0 0 0 0 0 0 0 0 0 0 0 0 0 0 0 0 0 0 0 0 0 0 0 0 0 0 0 0 0 0 0 0 0 0 0
0 0 0 0 0 0 0 0 0 0 0 0 0 0 0 0 0 0 0 0 0 0 0 0 0 0 0 0 0 0 0 0 0 0 0 0
0 0 0 0 0 0 0 0 0 0 0 0 0 0 0 0 0 0 0 0 0 0 0 0 0 0 0 0 0 0 0 0 0 0 0 0
##$SHL_EXPANDCF4= (0..143)
0 0 0 0 0 0 0 0 0 0 0 0 0 0 0 0 0 0 0 0 0 0 0 0 0 0 0 0 0 0 0 0 0 0 0 0
0 0 0 0 0 0 0 0 0 0 0 0 0 0 0 0 0 0 0 0 0 0 0 0 0 0 0 0 0 0 0 0 0 0 0 0
0 0 0 0 0 0 0 0 0 0 0 0 0 0 0 0 0 0 0 0 0 0 0 0 0 0 0 0 0 0 0 0 0 0 0 0
0 0 0 0 0 0 0 0 0 0 0 0 0 0 0 0 0 0 0 0 0 0 0 0 0 0 0 0 0 0 0 0 0 0 0 0
##$SHL_EXPANDCF5= (0..143)
0 0 0 0 0 0 0 0 0 0 0 0 0 0 0 0 0 0 0 0 0 0 0 0 0 0 0 0 0 0 0 0 0 0 0 0
0 0 0 0 0 0 0 0 0 0 0 0 0 0 0 0 0 0 0 0 0 0 0 0 0 0 0 0 0 0 0 0 0 0 0 0
0 0 0 0 0 0 0 0 0 0 0 0 0 0 0 0 0 0 0 0 0 0 0 0 0 0 0 0 0 0 0 0 0 0 0 0
0 0 0 0 0 0 0 0 0 0 0 0 0 0 0 0 0 0 0 0 0 0 0 0 0 0 0 0 0 0 0 0 0 0 0 0
##$SHL_EXPANDCF6= (0..143)
0 0 0 0 0 0 0 0 0 0 0 0 0 0 0 0 0 0 0 0 0 0 0 0 0 0 0 0 0 0 0 0 0 0 0 0
0 0 0 0 0 0 0 0 0 0 0 0 0 0 0 0 0 0 0 0 0 0 0 0 0 0 0 0 0 0 0 0 0 0 0 0
0 0 0 0 0 0 0 0 0 0 0 0 0 0 0 0 0 0 0 0 0 0 0 0 0 0 0 0 0 0 0 0 0 0 0 0
0 0 0 0 0 0 0 0 0 0 0 0 0 0 0 0 0 0 0 0 0 0 0 0 0 0 0 0 0 0 0 0 0 0 0 0
##$SHL_EXPANDCF7= (0..143)
0 0 0 0 0 0 0 0 0 0 0 0 0 0 0 0 0 0 0 0 0 0 0 0 0 0 0 0 0 0 0 0 0 0 0 0
0 0 0 0 0 0 0 0 0 0 0 0 0 0 0 0 0 0 0 0 0 0 0 0 0 0 0 0 0 0 0 0 0 0 0 0
0 0 0 0 0 0 0 0 0 0 0 0 0 0 0 0 0 0 0 0 0 0 0 0 0 0 0 0 0 0 0 0 0 0 0 0
0 0 0 0 0 0 0 0 0 0 0 0 0 0 0 0 0 0 0 0 0 0 0 0 0 0 0 0 0 0 0 0 0 0 0 0
##$SHL_EXPANDCF8= (0..143)
0 0 0 0 0 0 0 0 0 0 0 0 0 0 0 0 0 0 0 0 0 0 0 0 0 0 0 0 0 0 0 0 0 0 0 0
0 0 0 0 0 0 0 0 0 0 0 0 0 0 0 0 0 0 0 0 0 0 0 0 0 0 0 0 0 0 0 0 0 0 0 0
0 0 0 0 0 0 0 0 0 0 0 0 0 0 0 0 0 0 0 0 0 0 0 0 0 0 0 0 0 0 0 0 0 0 0 0
0 0 0 0 0 0 0 0 0 0 0 0 0 0 0 0 0 0 0 0 0 0 0 0 0 0 0 0 0 0 0 0 0 0 0 0
##$SHL_EXPANDCF9= (0..143)
0 0 0 0 0 0 0 0 0 0 0 0 0 0 0 0 0 0 0 0 0 0 0 0 0 0 0 0 0 0 0 0 0 0 0 0
0 0 0 0 0 0 0 0 0 0 0 0 0 0 0 0 0 0 0 0 0 0 0 0 0 0 0 0 0 0 0 0 0 0 0 0
0 0 0 0 0 0 0 0 0 0 0 0 0 0 0 0 0 0 0 0 0 0 0 0 0 0 0 0 0 0 0 0 0 0 0 0
0 0 0 0 0 0 0 0 0 0 0 0 0 0 0 0 0 0 0 0 0 0 0 0 0 0 0 0 0 0 0 0 0 0 0 0
##$SHL_EXPFAC= (0..15)
0 0 0 0 0 0 0 0 0 0 0 0 0 0 0 0
##$SHL_FRACEND= (0..15)
0 0 0 0 0 0 0 0 0 0 0 0 0 0 0 0
##$SHL_FRACORG= (0..15)
0 0 0 0 0 0 0 0 0 0 0 0 0 0 0 0
##$SHL_FRACSTART= (0..15)
0 0 0 0 0 0 0 0 0 0 0 0 0 0 0 0
##$SHL_FULLHALF= (0..15)
0 0 0 0 0 0 0 0 0 0 0 0 0 0 0 0
##$SHL_FUNCAMP= (0..15)
100 0 0 0 0 0 0 0 0 0 0 0 0 0 0 0
##$SHL_FUNCTION= (0..15)
<Rectangle> <> <> <> <> <> <> <> <> <> <> <> <> <> <> <>
##$SHL_GCO= (0..15)
<> <> <> <> <> <> <> <> <> <> <> <> <> <> <> <>
##$SHL_GCOCOEFFS0= (0..59)
0 0 0 0 0 0 0 0 0 0 0 0 0 0 0 0 0 0 0 0 0 0 0 0 0 0 0 0 0 0 0 0 0 0 0 0
0 0 0 0 0 0 0 0 0 0 0 0 0 0 0 0 0 0 0 0 0 0 0 0
##$SHL_GCOCOEFFS1= (0..59)
0 0 0 0 0 0 0 0 0 0 0 0 0 0 0 0 0 0 0 0 0 0 0 0 0 0 0 0 0 0 0 0 0 0 0 0
0 0 0 0 0 0 0 0 0 0 0 0 0 0 0 0 0 0 0 0 0 0 0 0
##$SHL_GCOCOEFFS10= (0..59)
0 0 0 0 0 0 0 0 0 0 0 0 0 0 0 0 0 0 0 0 0 0 0 0 0 0 0 0 0 0 0 0 0 0 0 0
0 0 0 0 0 0 0 0 0 0 0 0 0 0 0 0 0 0 0 0 0 0 0 0
##$SHL_GCOCOEFFS11= (0..59)
0 0 0 0 0 0 0 0 0 0 0 0 0 0 0 0 0 0 0 0 0 0 0 0 0 0 0 0 0 0 0 0 0 0 0 0
0 0 0 0 0 0 0 0 0 0 0 0 0 0 0 0 0 0 0 0 0 0 0 0
##$SHL_GCOCOEFFS12= (0..59)
0 0 0 0 0 0 0 0 0 0 0 0 0 0 0 0 0 0 0 0 0 0 0 0 0 0 0 0 0 0 0 0 0 0 0 0
0 0 0 0 0 0 0 0 0 0 0 0 0 0 0 0 0 0 0 0 0 0 0 0
##$SHL_GCOCOEFFS13= (0..59)
0 0 0 0 0 0 0 0 0 0 0 0 0 0 0 0 0 0 0 0 0 0 0 0 0 0 0 0 0 0 0 0 0 0 0 0
0 0 0 0 0 0 0 0 0 0 0 0 0 0 0 0 0 0 0 0 0 0 0 0
##$SHL_GCOCOEFFS14= (0..59)
0 0 0 0 0 0 0 0 0 0 0 0 0 0 0 0 0 0 0 0 0 0 0 0 0 0 0 0 0 0 0 0 0 0 0 0
0 0 0 0 0 0 0 0 0 0 0 0 0 0 0 0 0 0 0 0 0 0 0 0
##$SHL_GCOCOEFFS15= (0..59)
0 0 0 0 0 0 0 0 0 0 0 0 0 0 0 0 0 0 0 0 0 0 0 0 0 0 0 0 0 0 0 0 0 0 0 0
0 0 0 0 0 0 0 0 0 0 0 0 0 0 0 0 0 0 0 0 0 0 0 0
##$SHL_GCOCOEFFS2= (0..59)
0 0 0 0 0 0 0 0 0 0 0 0 0 0 0 0 0 0 0 0 0 0 0 0 0 0 0 0 0 0 0 0 0 0 0 0
0 0 0 0 0 0 0 0 0 0 0 0 0 0 0 0 0 0 0 0 0 0 0 0
##$SHL_GCOCOEFFS3= (0..59)
0 0 0 0 0 0 0 0 0 0 0 0 0 0 0 0 0 0 0 0 0 0 0 0 0 0 0 0 0 0 0 0 0 0 0 0
0 0 0 0 0 0 0 0 0 0 0 0 0 0 0 0 0 0 0 0 0 0 0 0
##$SHL_GCOCOEFFS4= (0..59)
0 0 0 0 0 0 0 0 0 0 0 0 0 0 0 0 0 0 0 0 0 0 0 0 0 0 0 0 0 0 0 0 0 0 0 0
0 0 0 0 0 0 0 0 0 0 0 0 0 0 0 0 0 0 0 0 0 0 0 0
##$SHL_GCOCOEFFS5= (0..59)
0 0 0 0 0 0 0 0 0 0 0 0 0 0 0 0 0 0 0 0 0 0 0 0 0 0 0 0 0 0 0 0 0 0 0 0
0 0 0 0 0 0 0 0 0 0 0 0 0 0 0 0 0 0 0 0 0 0 0 0
##$SHL_GCOCOEFFS6= (0..59)
0 0 0 0 0 0 0 0 0 0 0 0 0 0 0 0 0 0 0 0 0 0 0 0 0 0 0 0 0 0 0 0 0 0 0 0
0 0 0 0 0 0 0 0 0 0 0 0 0 0 0 0 0 0 0 0 0 0 0 0
##$SHL_GCOCOEFFS7= (0..59)
0 0 0 0 0 0 0 0 0 0 0 0 0 0 0 0 0 0 0 0 0 0 0 0 0 0 0 0 0 0 0 0 0 0 0 0
0 0 0 0 0 0 0 0 0 0 0 0 0 0 0 0 0 0 0 0 0 0 0 0
##$SHL_GCOCOEFFS8= (0..59)
0 0 0 0 0 0 0 0 0 0 0 0 0 0 0 0 0 0 0 0 0 0 0 0 0 0 0 0 0 0 0 0 0 0 0 0
0 0 0 0 0 0 0 0 0 0 0 0 0 0 0 0 0 0 0 0 0 0 0 0
##$SHL_GCOCOEFFS9= (0..59)
0 0 0 0 0 0 0 0 0 0 0 0 0 0 0 0 0 0 0 0 0 0 0 0 0 0 0 0 0 0 0 0 0 0 0 0
0 0 0 0 0 0 0 0 0 0 0 0 0 0 0 0 0 0 0 0 0 0 0 0
##$SHL_INTEGFAC= (0..15)
1 0 0 0 0 0 0 0 0 0 0 0 0 0 0 0
##$SHL_LB= (0..15)
0 0 0 0 0 0 0 0 0 0 0 0 0 0 0 0
##$SHL_LEFTLIMIT= (0..15)
0 0 0 0 0 0 0 0 0 0 0 0 0 0 0 0
##$SHL_LENGTH= (0..15)
25000.000373 0 0 0 0 0 0 0 0 0 0 0 0 0 0 0
##$SHL_MAN= (0..15)
<> <> <> <> <> <> <> <> <> <> <> <> <> <> <> <>
##$SHL_MEANAMP= (0..15)
0 0 0 0 0 0 0 0 0 0 0 0 0 0 0 0
##$SHL_MODAMP= (0..15)
0 0 0 0 0 0 0 0 0 0 0 0 0 0 0 0
##$SHL_MODE= (0..15)
0 0 0 0 0 0 0 0 0 0 0 0 0 0 0 0
##$SHL_MODFREQ= (0..15)
0 0 0 0 0 0 0 0 0 0 0 0 0 0 0 0
##$SHL_MODPHASE= (0..15)
0 0 0 0 0 0 0 0 0 0 0 0 0 0 0 0
##$SHL_MODSCALE= (0..15)
0 0 0 0 0 0 0 0 0 0 0 0 0 0 0 0
##$SHL_MODSW= (0..15)
0 0 0 0 0 0 0 0 0 0 0 0 0 0 0 0
##$SHL_MODSWDIR= (0..15)
-1 -1 -1 -1 -1 -1 -1 -1 -1 -1 -1 -1 -1 -1 -1 -1
##$SHL_MU= (0..15)
0 0 0 0 0 0 0 0 0 0 0 0 0 0 0 0
##$SHL_NPOINTS= (0..15)
1250 0 0 0 0 0 0 0 0 0 0 0 0 0 0 0
##$SHL_OFFS= (0..15)
<> <> <> <> <> <> <> <> <> <> <> <> <> <> <> <>
##$SHL_OFFSCOEFF0= (0..95)
0 0 0 0 0 0 0 0 0 0 0 0 0 0 0 0 0 0 0 0 0 0 0 0 0 0 0 0 0 0 0 0 0 0 0 0
0 0 0 0 0 0 0 0 0 0 0 0 0 0 0 0 0 0 0 0 0 0 0 0 0 0 0 0 0 0 0 0 0 0 0 0
0 0 0 0 0 0 0 0 0 0 0 0 0 0 0 0 0 0 0 0 0 0 0 0
##$SHL_OFFSCOEFF1= (0..95)
0 0 0 0 0 0 0 0 0 0 0 0 0 0 0 0 0 0 0 0 0 0 0 0 0 0 0 0 0 0 0 0 0 0 0 0
0 0 0 0 0 0 0 0 0 0 0 0 0 0 0 0 0 0 0 0 0 0 0 0 0 0 0 0 0 0 0 0 0 0 0 0
0 0 0 0 0 0 0 0 0 0 0 0 0 0 0 0 0 0 0 0 0 0 0 0
##$SHL_OFFSCOEFF10= (0..95)
0 0 0 0 0 0 0 0 0 0 0 0 0 0 0 0 0 0 0 0 0 0 0 0 0 0 0 0 0 0 0 0 0 0 0 0
0 0 0 0 0 0 0 0 0 0 0 0 0 0 0 0 0 0 0 0 0 0 0 0 0 0 0 0 0 0 0 0 0 0 0 0
0 0 0 0 0 0 0 0 0 0 0 0 0 0 0 0 0 0 0 0 0 0 0 0
##$SHL_OFFSCOEFF11= (0..95)
0 0 0 0 0 0 0 0 0 0 0 0 0 0 0 0 0 0 0 0 0 0 0 0 0 0 0 0 0 0 0 0 0 0 0 0
0 0 0 0 0 0 0 0 0 0 0 0 0 0 0 0 0 0 0 0 0 0 0 0 0 0 0 0 0 0 0 0 0 0 0 0
0 0 0 0 0 0 0 0 0 0 0 0 0 0 0 0 0 0 0 0 0 0 0 0
##$SHL_OFFSCOEFF12= (0..95)
0 0 0 0 0 0 0 0 0 0 0 0 0 0 0 0 0 0 0 0 0 0 0 0 0 0 0 0 0 0 0 0 0 0 0 0
0 0 0 0 0 0 0 0 0 0 0 0 0 0 0 0 0 0 0 0 0 0 0 0 0 0 0 0 0 0 0 0 0 0 0 0
0 0 0 0 0 0 0 0 0 0 0 0 0 0 0 0 0 0 0 0 0 0 0 0
##$SHL_OFFSCOEFF13= (0..95)
0 0 0 0 0 0 0 0 0 0 0 0 0 0 0 0 0 0 0 0 0 0 0 0 0 0 0 0 0 0 0 0 0 0 0 0
0 0 0 0 0 0 0 0 0 0 0 0 0 0 0 0 0 0 0 0 0 0 0 0 0 0 0 0 0 0 0 0 0 0 0 0
0 0 0 0 0 0 0 0 0 0 0 0 0 0 0 0 0 0 0 0 0 0 0 0
##$SHL_OFFSCOEFF14= (0..95)
0 0 0 0 0 0 0 0 0 0 0 0 0 0 0 0 0 0 0 0 0 0 0 0 0 0 0 0 0 0 0 0 0 0 0 0
0 0 0 0 0 0 0 0 0 0 0 0 0 0 0 0 0 0 0 0 0 0 0 0 0 0 0 0 0 0 0 0 0 0 0 0
0 0 0 0 0 0 0 0 0 0 0 0 0 0 0 0 0 0 0 0 0 0 0 0
##$SHL_OFFSCOEFF15= (0..95)
0 0 0 0 0 0 0 0 0 0 0 0 0 0 0 0 0 0 0 0 0 0 0 0 0 0 0 0 0 0 0 0 0 0 0 0
0 0 0 0 0 0 0 0 0 0 0 0 0 0 0 0 0 0 0 0 0 0 0 0 0 0 0 0 0 0 0 0 0 0 0 0
0 0 0 0 0 0 0 0 0 0 0 0 0 0 0 0 0 0 0 0 0 0 0 0
##$SHL_OFFSCOEFF2= (0..95)
0 0 0 0 0 0 0 0 0 0 0 0 0 0 0 0 0 0 0 0 0 0 0 0 0 0 0 0 0 0 0 0 0 0 0 0
0 0 0 0 0 0 0 0 0 0 0 0 0 0 0 0 0 0 0 0 0 0 0 0 0 0 0 0 0 0 0 0 0 0 0 0
0 0 0 0 0 0 0 0 0 0 0 0 0 0 0 0 0 0 0 0 0 0 0 0
##$SHL_OFFSCOEFF3= (0..95)
0 0 0 0 0 0 0 0 0 0 0 0 0 0 0 0 0 0 0 0 0 0 0 0 0 0 0 0 0 0 0 0 0 0 0 0
0 0 0 0 0 0 0 0 0 0 0 0 0 0 0 0 0 0 0 0 0 0 0 0 0 0 0 0 0 0 0 0 0 0 0 0
0 0 0 0 0 0 0 0 0 0 0 0 0 0 0 0 0 0 0 0 0 0 0 0
##$SHL_OFFSCOEFF4= (0..95)
0 0 0 0 0 0 0 0 0 0 0 0 0 0 0 0 0 0 0 0 0 0 0 0 0 0 0 0 0 0 0 0 0 0 0 0
0 0 0 0 0 0 0 0 0 0 0 0 0 0 0 0 0 0 0 0 0 0 0 0 0 0 0 0 0 0 0 0 0 0 0 0
0 0 0 0 0 0 0 0 0 0 0 0 0 0 0 0 0 0 0 0 0 0 0 0
##$SHL_OFFSCOEFF5= (0..95)
0 0 0 0 0 0 0 0 0 0 0 0 0 0 0 0 0 0 0 0 0 0 0 0 0 0 0 0 0 0 0 0 0 0 0 0
0 0 0 0 0 0 0 0 0 0 0 0 0 0 0 0 0 0 0 0 0 0 0 0 0 0 0 0 0 0 0 0 0 0 0 0
0 0 0 0 0 0 0 0 0 0 0 0 0 0 0 0 0 0 0 0 0 0 0 0
##$SHL_OFFSCOEFF6= (0..95)
0 0 0 0 0 0 0 0 0 0 0 0 0 0 0 0 0 0 0 0 0 0 0 0 0 0 0 0 0 0 0 0 0 0 0 0
0 0 0 0 0 0 0 0 0 0 0 0 0 0 0 0 0 0 0 0 0 0 0 0 0 0 0 0 0 0 0 0 0 0 0 0
0 0 0 0 0 0 0 0 0 0 0 0 0 0 0 0 0 0 0 0 0 0 0 0
##$SHL_OFFSCOEFF7= (0..95)
0 0 0 0 0 0 0 0 0 0 0 0 0 0 0 0 0 0 0 0 0 0 0 0 0 0 0 0 0 0 0 0 0 0 0 0
0 0 0 0 0 0 0 0 0 0 0 0 0 0 0 0 0 0 0 0 0 0 0 0 0 0 0 0 0 0 0 0 0 0 0 0
0 0 0 0 0 0 0 0 0 0 0 0 0 0 0 0 0 0 0 0 0 0 0 0
##$SHL_OFFSCOEFF8= (0..95)
0 0 0 0 0 0 0 0 0 0 0 0 0 0 0 0 0 0 0 0 0 0 0 0 0 0 0 0 0 0 0 0 0 0 0 0
0 0 0 0 0 0 0 0 0 0 0 0 0 0 0 0 0 0 0 0 0 0 0 0 0 0 0 0 0 0 0 0 0 0 0 0
0 0 0 0 0 0 0 0 0 0 0 0 0 0 0 0 0 0 0 0 0 0 0 0
##$SHL_OFFSCOEFF9= (0..95)
0 0 0 0 0 0 0 0 0 0 0 0 0 0 0 0 0 0 0 0 0 0 0 0 0 0 0 0 0 0 0 0 0 0 0 0
0 0 0 0 0 0 0 0 0 0 0 0 0 0 0 0 0 0 0 0 0 0 0 0 0 0 0 0 0 0 0 0 0 0 0 0
0 0 0 0 0 0 0 0 0 0 0 0 0 0 0 0 0 0 0 0 0 0 0 0
##$SHL_PHASE= (0..15)
0 0 0 0 0 0 0 0 0 0 0 0 0 0 0 0
##$SHL_PHASEFAC= (0..15)
0 0 0 0 0 0 0 0 0 0 0 0 0 0 0 0
##$SHL_POWERINDEX= (0..15)
0 0 0 0 0 0 0 0 0 0 0 0 0 0 0 0
##$SHL_QUADCOEFF= (0..15)
0 0 0 0 0 0 0 0 0 0 0 0 0 0 0 0
##$SHL_RIGHTLIMIT= (0..15)
0 0 0 0 0 0 0 0 0 0 0 0 0 0 0 0
##$SHL_SCALEFACTOR= (0..15)
1 1 1 1 1 1 1 1 1 1 1 1 1 1 1 1
##$SHL_SF= (0..15)
<> <> <> <> <> <> <> <> <> <> <> <> <> <> <> <>
##$SHL_SFCOEFFS0= (0..200)
0 0 0 0 0 0 0 0 0 0 0 0 0 0 0 0 0 0 0 0 0 0 0 0 0 0 0 0 0 0 0 0 0 0 0 0
0 0 0 0 0 0 0 0 0 0 0 0 0 0 0 0 0 0 0 0 0 0 0 0 0 0 0 0 0 0 0 0 0 0 0 0
0 0 0 0 0 0 0 0 0 0 0 0 0 0 0 0 0 0 0 0 0 0 0 0 0 0 0 0 0 0 0 0 0 0 0 0
0 0 0 0 0 0 0 0 0 0 0 0 0 0 0 0 0 0 0 0 0 0 0 0 0 0 0 0 0 0 0 0 0 0 0 0
0 0 0 0 0 0 0 0 0 0 0 0 0 0 0 0 0 0 0 0 0 0 0 0 0 0 0 0 0 0 0 0 0 0 0 0
0 0 0 0 0 0 0 0 0 0 0 0 0 0 0 0 0 0 0 0 0
##$SHL_SFCOEFFS1= (0..200)
0 0 0 0 0 0 0 0 0 0 0 0 0 0 0 0 0 0 0 0 0 0 0 0 0 0 0 0 0 0 0 0 0 0 0 0
0 0 0 0 0 0 0 0 0 0 0 0 0 0 0 0 0 0 0 0 0 0 0 0 0 0 0 0 0 0 0 0 0 0 0 0
0 0 0 0 0 0 0 0 0 0 0 0 0 0 0 0 0 0 0 0 0 0 0 0 0 0 0 0 0 0 0 0 0 0 0 0
0 0 0 0 0 0 0 0 0 0 0 0 0 0 0 0 0 0 0 0 0 0 0 0 0 0 0 0 0 0 0 0 0 0 0 0
0 0 0 0 0 0 0 0 0 0 0 0 0 0 0 0 0 0 0 0 0 0 0 0 0 0 0 0 0 0 0 0 0 0 0 0
0 0 0 0 0 0 0 0 0 0 0 0 0 0 0 0 0 0 0 0 0
##$SHL_SFCOEFFS10= (0..200)
0 0 0 0 0 0 0 0 0 0 0 0 0 0 0 0 0 0 0 0 0 0 0 0 0 0 0 0 0 0 0 0 0 0 0 0
0 0 0 0 0 0 0 0 0 0 0 0 0 0 0 0 0 0 0 0 0 0 0 0 0 0 0 0 0 0 0 0 0 0 0 0
0 0 0 0 0 0 0 0 0 0 0 0 0 0 0 0 0 0 0 0 0 0 0 0 0 0 0 0 0 0 0 0 0 0 0 0
0 0 0 0 0 0 0 0 0 0 0 0 0 0 0 0 0 0 0 0 0 0 0 0 0 0 0 0 0 0 0 0 0 0 0 0
0 0 0 0 0 0 0 0 0 0 0 0 0 0 0 0 0 0 0 0 0 0 0 0 0 0 0 0 0 0 0 0 0 0 0 0
0 0 0 0 0 0 0 0 0 0 0 0 0 0 0 0 0 0 0 0 0
##$SHL_SFCOEFFS11= (0..200)
0 0 0 0 0 0 0 0 0 0 0 0 0 0 0 0 0 0 0 0 0 0 0 0 0 0 0 0 0 0 0 0 0 0 0 0
0 0 0 0 0 0 0 0 0 0 0 0 0 0 0 0 0 0 0 0 0 0 0 0 0 0 0 0 0 0 0 0 0 0 0 0
0 0 0 0 0 0 0 0 0 0 0 0 0 0 0 0 0 0 0 0 0 0 0 0 0 0 0 0 0 0 0 0 0 0 0 0
0 0 0 0 0 0 0 0 0 0 0 0 0 0 0 0 0 0 0 0 0 0 0 0 0 0 0 0 0 0 0 0 0 0 0 0
0 0 0 0 0 0 0 0 0 0 0 0 0 0 0 0 0 0 0 0 0 0 0 0 0 0 0 0 0 0 0 0 0 0 0 0
0 0 0 0 0 0 0 0 0 0 0 0 0 0 0 0 0 0 0 0 0
##$SHL_SFCOEFFS12= (0..200)
0 0 0 0 0 0 0 0 0 0 0 0 0 0 0 0 0 0 0 0 0 0 0 0 0 0 0 0 0 0 0 0 0 0 0 0
0 0 0 0 0 0 0 0 0 0 0 0 0 0 0 0 0 0 0 0 0 0 0 0 0 0 0 0 0 0 0 0 0 0 0 0
0 0 0 0 0 0 0 0 0 0 0 0 0 0 0 0 0 0 0 0 0 0 0 0 0 0 0 0 0 0 0 0 0 0 0 0
0 0 0 0 0 0 0 0 0 0 0 0 0 0 0 0 0 0 0 0 0 0 0 0 0 0 0 0 0 0 0 0 0 0 0 0
0 0 0 0 0 0 0 0 0 0 0 0 0 0 0 0 0 0 0 0 0 0 0 0 0 0 0 0 0 0 0 0 0 0 0 0
0 0 0 0 0 0 0 0 0 0 0 0 0 0 0 0 0 0 0 0 0
##$SHL_SFCOEFFS13= (0..200)
0 0 0 0 0 0 0 0 0 0 0 0 0 0 0 0 0 0 0 0 0 0 0 0 0 0 0 0 0 0 0 0 0 0 0 0
0 0 0 0 0 0 0 0 0 0 0 0 0 0 0 0 0 0 0 0 0 0 0 0 0 0 0 0 0 0 0 0 0 0 0 0
0 0 0 0 0 0 0 0 0 0 0 0 0 0 0 0 0 0 0 0 0 0 0 0 0 0 0 0 0 0 0 0 0 0 0 0
0 0 0 0 0 0 0 0 0 0 0 0 0 0 0 0 0 0 0 0 0 0 0 0 0 0 0 0 0 0 0 0 0 0 0 0
0 0 0 0 0 0 0 0 0 0 0 0 0 0 0 0 0 0 0 0 0 0 0 0 0 0 0 0 0 0 0 0 0 0 0 0
0 0 0 0 0 0 0 0 0 0 0 0 0 0 0 0 0 0 0 0 0
##$SHL_SFCOEFFS14= (0..200)
0 0 0 0 0 0 0 0 0 0 0 0 0 0 0 0 0 0 0 0 0 0 0 0 0 0 0 0 0 0 0 0 0 0 0 0
0 0 0 0 0 0 0 0 0 0 0 0 0 0 0 0 0 0 0 0 0 0 0 0 0 0 0 0 0 0 0 0 0 0 0 0
0 0 0 0 0 0 0 0 0 0 0 0 0 0 0 0 0 0 0 0 0 0 0 0 0 0 0 0 0 0 0 0 0 0 0 0
0 0 0 0 0 0 0 0 0 0 0 0 0 0 0 0 0 0 0 0 0 0 0 0 0 0 0 0 0 0 0 0 0 0 0 0
0 0 0 0 0 0 0 0 0 0 0 0 0 0 0 0 0 0 0 0 0 0 0 0 0 0 0 0 0 0 0 0 0 0 0 0
0 0 0 0 0 0 0 0 0 0 0 0 0 0 0 0 0 0 0 0 0
##$SHL_SFCOEFFS15= (0..200)
0 0 0 0 0 0 0 0 0 0 0 0 0 0 0 0 0 0 0 0 0 0 0 0 0 0 0 0 0 0 0 0 0 0 0 0
0 0 0 0 0 0 0 0 0 0 0 0 0 0 0 0 0 0 0 0 0 0 0 0 0 0 0 0 0 0 0 0 0 0 0 0
0 0 0 0 0 0 0 0 0 0 0 0 0 0 0 0 0 0 0 0 0 0 0 0 0 0 0 0 0 0 0 0 0 0 0 0
0 0 0 0 0 0 0 0 0 0 0 0 0 0 0 0 0 0 0 0 0 0 0 0 0 0 0 0 0 0 0 0 0 0 0 0
0 0 0 0 0 0 0 0 0 0 0 0 0 0 0 0 0 0 0 0 0 0 0 0 0 0 0 0 0 0 0 0 0 0 0 0
0 0 0 0 0 0 0 0 0 0 0 0 0 0 0 0 0 0 0 0 0
##$SHL_SFCOEFFS2= (0..200)
0 0 0 0 0 0 0 0 0 0 0 0 0 0 0 0 0 0 0 0 0 0 0 0 0 0 0 0 0 0 0 0 0 0 0 0
0 0 0 0 0 0 0 0 0 0 0 0 0 0 0 0 0 0 0 0 0 0 0 0 0 0 0 0 0 0 0 0 0 0 0 0
0 0 0 0 0 0 0 0 0 0 0 0 0 0 0 0 0 0 0 0 0 0 0 0 0 0 0 0 0 0 0 0 0 0 0 0
0 0 0 0 0 0 0 0 0 0 0 0 0 0 0 0 0 0 0 0 0 0 0 0 0 0 0 0 0 0 0 0 0 0 0 0
0 0 0 0 0 0 0 0 0 0 0 0 0 0 0 0 0 0 0 0 0 0 0 0 0 0 0 0 0 0 0 0 0 0 0 0
0 0 0 0 0 0 0 0 0 0 0 0 0 0 0 0 0 0 0 0 0
##$SHL_SFCOEFFS3= (0..200)
0 0 0 0 0 0 0 0 0 0 0 0 0 0 0 0 0 0 0 0 0 0 0 0 0 0 0 0 0 0 0 0 0 0 0 0
0 0 0 0 0 0 0 0 0 0 0 0 0 0 0 0 0 0 0 0 0 0 0 0 0 0 0 0 0 0 0 0 0 0 0 0
0 0 0 0 0 0 0 0 0 0 0 0 0 0 0 0 0 0 0 0 0 0 0 0 0 0 0 0 0 0 0 0 0 0 0 0
0 0 0 0 0 0 0 0 0 0 0 0 0 0 0 0 0 0 0 0 0 0 0 0 0 0 0 0 0 0 0 0 0 0 0 0
0 0 0 0 0 0 0 0 0 0 0 0 0 0 0 0 0 0 0 0 0 0 0 0 0 0 0 0 0 0 0 0 0 0 0 0
0 0 0 0 0 0 0 0 0 0 0 0 0 0 0 0 0 0 0 0 0
##$SHL_SFCOEFFS4= (0..200)
0 0 0 0 0 0 0 0 0 0 0 0 0 0 0 0 0 0 0 0 0 0 0 0 0 0 0 0 0 0 0 0 0 0 0 0
0 0 0 0 0 0 0 0 0 0 0 0 0 0 0 0 0 0 0 0 0 0 0 0 0 0 0 0 0 0 0 0 0 0 0 0
0 0 0 0 0 0 0 0 0 0 0 0 0 0 0 0 0 0 0 0 0 0 0 0 0 0 0 0 0 0 0 0 0 0 0 0
0 0 0 0 0 0 0 0 0 0 0 0 0 0 0 0 0 0 0 0 0 0 0 0 0 0 0 0 0 0 0 0 0 0 0 0
0 0 0 0 0 0 0 0 0 0 0 0 0 0 0 0 0 0 0 0 0 0 0 0 0 0 0 0 0 0 0 0 0 0 0 0
0 0 0 0 0 0 0 0 0 0 0 0 0 0 0 0 0 0 0 0 0
##$SHL_SFCOEFFS5= (0..200)
0 0 0 0 0 0 0 0 0 0 0 0 0 0 0 0 0 0 0 0 0 0 0 0 0 0 0 0 0 0 0 0 0 0 0 0
0 0 0 0 0 0 0 0 0 0 0 0 0 0 0 0 0 0 0 0 0 0 0 0 0 0 0 0 0 0 0 0 0 0 0 0
0 0 0 0 0 0 0 0 0 0 0 0 0 0 0 0 0 0 0 0 0 0 0 0 0 0 0 0 0 0 0 0 0 0 0 0
0 0 0 0 0 0 0 0 0 0 0 0 0 0 0 0 0 0 0 0 0 0 0 0 0 0 0 0 0 0 0 0 0 0 0 0
0 0 0 0 0 0 0 0 0 0 0 0 0 0 0 0 0 0 0 0 0 0 0 0 0 0 0 0 0 0 0 0 0 0 0 0
0 0 0 0 0 0 0 0 0 0 0 0 0 0 0 0 0 0 0 0 0
##$SHL_SFCOEFFS6= (0..200)
0 0 0 0 0 0 0 0 0 0 0 0 0 0 0 0 0 0 0 0 0 0 0 0 0 0 0 0 0 0 0 0 0 0 0 0
0 0 0 0 0 0 0 0 0 0 0 0 0 0 0 0 0 0 0 0 0 0 0 0 0 0 0 0 0 0 0 0 0 0 0 0
0 0 0 0 0 0 0 0 0 0 0 0 0 0 0 0 0 0 0 0 0 0 0 0 0 0 0 0 0 0 0 0 0 0 0 0
0 0 0 0 0 0 0 0 0 0 0 0 0 0 0 0 0 0 0 0 0 0 0 0 0 0 0 0 0 0 0 0 0 0 0 0
0 0 0 0 0 0 0 0 0 0 0 0 0 0 0 0 0 0 0 0 0 0 0 0 0 0 0 0 0 0 0 0 0 0 0 0
0 0 0 0 0 0 0 0 0 0 0 0 0 0 0 0 0 0 0 0 0
##$SHL_SFCOEFFS7= (0..200)
0 0 0 0 0 0 0 0 0 0 0 0 0 0 0 0 0 0 0 0 0 0 0 0 0 0 0 0 0 0 0 0 0 0 0 0
0 0 0 0 0 0 0 0 0 0 0 0 0 0 0 0 0 0 0 0 0 0 0 0 0 0 0 0 0 0 0 0 0 0 0 0
0 0 0 0 0 0 0 0 0 0 0 0 0 0 0 0 0 0 0 0 0 0 0 0 0 0 0 0 0 0 0 0 0 0 0 0
0 0 0 0 0 0 0 0 0 0 0 0 0 0 0 0 0 0 0 0 0 0 0 0 0 0 0 0 0 0 0 0 0 0 0 0
0 0 0 0 0 0 0 0 0 0 0 0 0 0 0 0 0 0 0 0 0 0 0 0 0 0 0 0 0 0 0 0 0 0 0 0
0 0 0 0 0 0 0 0 0 0 0 0 0 0 0 0 0 0 0 0 0
##$SHL_SFCOEFFS8= (0..200)
0 0 0 0 0 0 0 0 0 0 0 0 0 0 0 0 0 0 0 0 0 0 0 0 0 0 0 0 0 0 0 0 0 0 0 0
0 0 0 0 0 0 0 0 0 0 0 0 0 0 0 0 0 0 0 0 0 0 0 0 0 0 0 0 0 0 0 0 0 0 0 0
0 0 0 0 0 0 0 0 0 0 0 0 0 0 0 0 0 0 0 0 0 0 0 0 0 0 0 0 0 0 0 0 0 0 0 0
0 0 0 0 0 0 0 0 0 0 0 0 0 0 0 0 0 0 0 0 0 0 0 0 0 0 0 0 0 0 0 0 0 0 0 0
0 0 0 0 0 0 0 0 0 0 0 0 0 0 0 0 0 0 0 0 0 0 0 0 0 0 0 0 0 0 0 0 0 0 0 0
0 0 0 0 0 0 0 0 0 0 0 0 0 0 0 0 0 0 0 0 0
##$SHL_SFCOEFFS9= (0..200)
0 0 0 0 0 0 0 0 0 0 0 0 0 0 0 0 0 0 0 0 0 0 0 0 0 0 0 0 0 0 0 0 0 0 0 0
0 0 0 0 0 0 0 0 0 0 0 0 0 0 0 0 0 0 0 0 0 0 0 0 0 0 0 0 0 0 0 0 0 0 0 0
0 0 0 0 0 0 0 0 0 0 0 0 0 0 0 0 0 0 0 0 0 0 0 0 0 0 0 0 0 0 0 0 0 0 0 0
0 0 0 0 0 0 0 0 0 0 0 0 0 0 0 0 0 0 0 0 0 0 0 0 0 0 0 0 0 0 0 0 0 0 0 0
0 0 0 0 0 0 0 0 0 0 0 0 0 0 0 0 0 0 0 0 0 0 0 0 0 0 0 0 0 0 0 0 0 0 0 0
0 0 0 0 0 0 0 0 0 0 0 0 0 0 0 0 0 0 0 0 0
##$SHL_SMOOTHED= (0..15)
0 0 0 0 0 0 0 0 0 0 0 0 0 0 0 0
##$SHL_SMOOTHING= (0..15)
0 0 0 0 0 0 0 0 0 0 0 0 0 0 0 0
##$SHL_SPOAL= (0..15)
0 0 0 0 0 0 0 0 0 0 0 0 0 0 0 0
##$SHL_SPOFFS= (0..15)
0 0 0 0 0 0 0 0 0 0 0 0 0 0 0 0
##$SHL_SPOPH= (0..15)
0 0 0 0 0 0 0 0 0 0 0 0 0 0 0 0
##$SHL_STARTAMP= (0..15)
0 0 0 0 0 0 0 0 0 0 0 0 0 0 0 0
##$SHL_SW= (0..15)
0 0 0 0 0 0 0 0 0 0 0 0 0 0 0 0
##$SHL_SWDIR= (0..15)
-1 -1 -1 -1 -1 -1 -1 -1 -1 -1 -1 -1 -1 -1 -1 -1
##$SHL_TANKAPPA= (0..15)
0 0 0 0 0 0 0 0 0 0 0 0 0 0 0 0
##$SHL_TOTROT= (0..15)
90 0 0 0 0 0 0 0 0 0 0 0 0 0 0 0
##$SHL_TRUNCLEV= (0..15)
0 0 0 0 0 0 0 0 0 0 0 0 0 0 0 0
##$SHL_TYPE= (0..15)
<Excitation> <> <> <> <> <> <> <> <> <> <> <> <> <> <> <>
##$SHL_WINDOWSIZE= (0..15)
0 0 0 0 0 0 0 0 0 0 0 0 0 0 0 0
##$SHL_ZETA= (0..15)
0 0 0 0 0 0 0 0 0 0 0 0 0 0 0 0
##NPOINTS= 1250
##XYPOINTS= (XY..XY)
100.000000, 242.878468
100.000000, 242.489551
100.000000, 242.100634
100.000000, 241.711718
100.000000, 241.322801
100.000000, 240.933884
100.000000, 240.544968
100.000000, 240.156051
100.000000, 239.767134
100.000000, 239.378218
100.000000, 238.989301
100.000000, 238.600384
100.000000, 238.211468
100.000000, 237.822551
100.000000, 237.433634
100.000000, 237.044718
100.000000, 236.655801
100.000000, 236.266884
100.000000, 235.877968
100.000000, 235.489051
100.000000, 235.100134
100.000000, 234.711217
100.000000, 234.322301
100.000000, 233.933384
100.000000, 233.544467
100.000000, 233.155551
100.000000, 232.766634
100.000000, 232.377717
100.000000, 231.988801
100.000000, 231.599884
100.000000, 231.210967
100.000000, 230.822051
100.000000, 230.433134
100.000000, 230.044217
100.000000, 229.655301
100.000000, 229.266384
100.000000, 228.877467
100.000000, 228.488551
100.000000, 228.099634
100.000000, 227.710717
100.000000, 227.321801
100.000000, 226.932884
100.000000, 226.543967
100.000000, 226.155050
100.000000, 225.766134
100.000000, 225.377217
100.000000, 224.988300
100.000000, 224.599384
100.000000, 224.210467
100.000000, 223.821550
100.000000, 223.432634
100.000000, 223.043717
100.000000, 222.654800
100.000000, 222.265884
100.000000, 221.876967
100.000000, 221.488050
100.000000, 221.099134
100.000000, 220.710217
100.000000, 220.321300
100.000000, 219.932384
100.000000, 219.543467
100.000000, 219.154550
100.000000, 218.765634
100.000000, 218.376717
100.000000, 217.987800
100.000000, 217.598883
100.000000, 217.209967
100.000000, 216.821050
100.000000, 216.432133
100.000000, 216.043217
100.000000, 215.654300
100.000000, 215.265383
100.000000, 214.876467
100.000000, 214.487550
100.000000, 214.098633
100.000000, 213.709717
100.000000, 213.320800
100.000000, 212.931883
100.000000, 212.542967
100.000000, 212.154050
100.000000, 211.765133
100.000000, 211.376217
100.000000, 210.987300
100.000000, 210.598383
100.000000, 210.209467
100.000000, 209.820550
100.000000, 209.431633
100.000000, 209.042716
100.000000, 208.653800
100.000000, 208.264883
100.000000, 207.875966
100.000000, 207.487050
100.000000, 207.098133
100.000000, 206.709216
100.000000, 206.320300
100.000000, 205.931383
100.000000, 205.542466
100.000000, 205.153550
100.000000, 204.764633
100.000000, 204.375716
100.000000, 203.986800
100.000000, 203.597883
100.000000, 203.208966
100.000000, 202.820050
100.000000, 202.431133
100.000000, 202.042216
100.000000, 201.653300
100.000000, 201.264383
100.000000, 200.875466
100.000000, 200.486549
100.000000, 200.097633
100.000000, 199.708716
100.000000, 199.319799
100.000000, 198.930883
100.000000, 198.541966
100.000000, 198.153049
100.000000, 197.764133
100.000000, 197.375216
100.000000, 196.986299
100.000000, 196.597383
100.000000, 196.208466
100.000000, 195.819549
100.000000, 195.430633
100.000000, 195.041716
100.000000, 194.652799
100.000000, 194.263883
100.000000, 193.874966
100.000000, 193.486049
100.000000, 193.097133
100.000000, 192.708216
100.000000, 192.319299
100.000000, 191.930382
100.000000, 191.541466
100.000000, 191.152549
100.000000, 190.763632
100.000000, 190.374716
100.000000, 189.985799
100.000000, 189.596882
100.000000, 189.207966
100.000000, 188.819049
100.000000, 188.430132
100.000000, 188.041216
100.000000, 187.652299
100.000000, 187.263382
100.000000, 186.874466
100.000000, 186.485549
100.000000, 186.096632
100.000000, 185.707716
100.000000, 185.318799
100.000000, 184.929882
100.000000, 184.540966
100.000000, 184.152049
100.000000, 183.763132
100.000000, 183.374215
100.000000, 182.985299
100.000000, 182.596382
100.000000, 182.207465
100.000000, 181.818549
100.000000, 181.429632
100.000000, 181.040715
100.000000, 180.651799
100.000000, 180.262882
100.000000, 179.873965
100.000000, 179.485049
100.000000, 179.096132
100.000000, 178.707215
100.000000, 178.318299
100.000000, 177.929382
100.000000, 177.540465
100.000000, 177.151549
100.000000, 176.762632
100.000000, 176.373715
100.000000, 175.984799
100.000000, 175.595882
100.000000, 175.206965
100.000000, 174.818048
100.000000, 174.429132
100.000000, 174.040215
100.000000, 173.651298
100.000000, 173.262382
100.000000, 172.873465
100.000000, 172.484548
100.000000, 172.095632
100.000000, 171.706715
100.000000, 171.317798
100.000000, 170.928882
100.000000, 170.539965
100.000000, 170.151048
100.000000, 169.762132
100.000000, 169.373215
100.000000, 168.984298
100.000000, 168.595382
100.000000, 168.206465
100.000000, 167.817548
100.000000, 167.428632
100.000000, 167.039715
100.000000, 166.650798
100.000000, 166.261881
100.000000, 165.872965
100.000000, 165.484048
100.000000, 165.095131
100.000000, 164.706215
100.000000, 164.317298
100.000000, 163.928381
100.000000, 163.539465
100.000000, 163.150548
100.000000, 162.761631
100.000000, 162.372715
100.000000, 161.983798
100.000000, 161.594881
100.000000, 161.205965
100.000000, 160.817048
100.000000, 160.428131
100.000000, 160.039215
100.000000, 159.650298
100.000000, 159.261381
100.000000, 158.872465
100.000000, 158.483548
100.000000, 158.094631
100.000000, 157.705714
100.000000, 157.316798
100.000000, 156.927881
100.000000, 156.538964
100.000000, 156.150048
100.000000, 155.761131
100.000000, 155.372214
100.000000, 154.983298
100.000000, 154.594381
100.000000, 154.205464
100.000000, 153.816548
100.000000, 153.427631
100.000000, 153.038714
100.000000, 152.649798
100.000000, 152.260881
100.000000, 151.871964
100.000000, 151.483048
100.000000, 151.094131
100.000000, 150.705214
100.000000, 150.316298
100.000000, 149.927381
100.000000, 149.538464
100.000000, 149.149547
100.000000, 148.760631
100.000000, 148.371714
100.000000, 147.982797
100.000000, 147.593881
100.000000, 147.204964
100.000000, 146.816047
100.000000, 146.427131
100.000000, 146.038214
100.000000, 145.649297
100.000000, 145.260381
100.000000, 144.871464
100.000000, 144.482547
100.000000, 144.093631
100.000000, 143.704714
100.000000, 143.315797
100.000000, 142.926881
100.000000, 142.537964
100.000000, 142.149047
100.000000, 141.760131
100.000000, 141.371214
100.000000, 140.982297
100.000000, 140.593380
100.000000, 140.204464
100.000000, 139.815547
100.000000, 139.426630
100.000000, 139.037714
100.000000, 138.648797
100.000000, 138.259880
100.000000, 137.870964
100.000000, 137.482047
100.000000, 137.093130
100.000000, 136.704214
100.000000, 136.315297
100.000000, 135.926380
100.000000, 135.537464
100.000000, 135.148547
100.000000, 134.759630
100.000000, 134.370714
100.000000, 133.981797
100.000000, 133.592880
100.000000, 133.203964
100.000000, 132.815047
100.000000, 132.426130
100.000000, 132.037213
100.000000, 131.648297
100.000000, 131.259380
100.000000, 130.870463
100.000000, 130.481547
100.000000, 130.092630
100.000000, 129.703713
100.000000, 129.314797
100.000000, 128.925880
100.000000, 128.536963
100.000000, 128.148047
100.000000, 127.759130
100.000000, 127.370213
100.000000, 126.981297
100.000000, 126.592380
100.000000, 126.203463
100.000000, 125.814547
100.000000, 125.425630
100.000000, 125.036713
100.000000, 124.647797
100.000000, 124.258880
100.000000, 123.869963
100.000000, 123.481046
100.000000, 123.092130
100.000000, 122.703213
100.000000, 122.314296
100.000000, 121.925380
100.000000, 121.536463
100.000000, 121.147546
100.000000, 120.758630
100.000000, 120.369713
100.000000, 119.980796
100.000000, 119.591880
100.000000, 119.202963
100.000000, 118.814046
100.000000, 118.425130
100.000000, 118.036213
100.000000, 117.647296
100.000000, 117.258380
100.000000, 116.869463
100.000000, 116.480546
100.000000, 116.091630
100.000000, 115.702713
100.000000, 115.313796
100.000000, 114.924879
100.000000, 114.535963
100.000000, 114.147046
100.000000, 113.758129
100.000000, 113.369213
100.000000, 112.980296
100.000000, 112.591379
100.000000, 112.202463
100.000000, 111.813546
100.000000, 111.424629
100.000000, 111.035713
100.000000, 110.646796
100.000000, 110.257879
100.000000, 109.868963
100.000000, 109.480046
100.000000, 109.091129
100.000000, 108.702213
100.000000, 108.313296
100.000000, 107.924379
100.000000, 107.535463
100.000000, 107.146546
100.000000, 106.757629
100.000000, 106.368712
100.000000, 105.979796
100.000000, 105.590879
100.000000, 105.201962
100.000000, 104.813046
100.000000, 104.424129
100.000000, 104.035212
100.000000, 103.646296
100.000000, 103.257379
100.000000, 102.868462
100.000000, 102.479546
100.000000, 102.090629
100.000000, 101.701712
100.000000, 101.312796
100.000000, 100.923879
100.000000, 100.534962
100.000000, 100.146046
100.000000, 99.757129
100.000000, 99.368212
100.000000, 98.979296
100.000000, 98.590379
100.000000, 98.201462
100.000000, 97.812545
100.000000, 97.423629
100.000000, 97.034712
100.000000, 96.645795
100.000000, 96.256879
100.000000, 95.867962
100.000000, 95.479045
100.000000, 95.090129
100.000000, 94.701212
100.000000, 94.312295
100.000000, 93.923379
100.000000, 93.534462
100.000000, 93.145545
100.000000, 92.756629
100.000000, 92.367712
100.000000, 91.978795
100.000000, 91.589879
100.000000, 91.200962
100.000000, 90.812045
100.000000, 90.423129
100.000000, 90.034212
100.000000, 89.645295
100.000000, 89.256378
100.000000, 88.867462
100.000000, 88.478545
100.000000, 88.089628
100.000000, 87.700712
100.000000, 87.311795
100.000000, 86.922878
100.000000, 86.533962
100.000000, 86.145045
100.000000, 85.756128
100.000000, 85.367212
100.000000, 84.978295
100.000000, 84.589378
100.000000, 84.200462
100.000000, 83.811545
100.000000, 83.422628
100.000000, 83.033712
100.000000, 82.644795
100.000000, 82.255878
100.000000, 81.866962
100.000000, 81.478045
100.000000, 81.089128
100.000000, 80.700211
100.000000, 80.311295
100.000000, 79.922378
100.000000, 79.533461
100.000000, 79.144545
100.000000, 78.755628
100.000000, 78.366711
100.000000, 77.977795
100.000000, 77.588878
100.000000, 77.199961
100.000000, 76.811045
100.000000, 76.422128
100.000000, 76.033211
100.000000, 75.644295
100.000000, 75.255378
100.000000, 74.866461
100.000000, 74.477545
100.000000, 74.088628
100.000000, 73.699711
100.000000, 73.310795
100.000000, 72.921878
100.000000, 72.532961
100.000000, 72.144044
100.000000, 71.755128
100.000000, 71.366211
100.000000, 70.977294
100.000000, 70.588378
100.000000, 70.199461
100.000000, 69.810544
100.000000, 69.421628
100.000000, 69.032711
100.000000, 68.643794
100.000000, 68.254878
100.000000, 67.865961
100.000000, 67.477044
100.000000, 67.088128
100.000000, 66.699211
100.000000, 66.310294
100.000000, 65.921378
100.000000, 65.532461
100.000000, 65.143544
100.000000, 64.754628
100.000000, 64.365711
100.000000, 63.976794
100.000000, 63.587877
100.000000, 63.198961
100.000000, 62.810044
100.000000, 62.421127
100.000000, 62.032211
100.000000, 61.643294
100.000000, 61.254377
100.000000, 60.865461
100.000000, 60.476544
100.000000, 60.087627
100.000000, 59.698711
100.000000, 59.309794
100.000000, 58.920877
100.000000, 58.531961
100.000000, 58.143044
100.000000, 57.754127
100.000000, 57.365211
100.000000, 56.976294
100.000000, 56.587377
100.000000, 56.198461
100.000000, 55.809544
100.000000, 55.420627
100.000000, 55.031710
100.000000, 54.642794
100.000000, 54.253877
100.000000, 53.864960
100.000000, 53.476044
100.000000, 53.087127
100.000000, 52.698210
100.000000, 52.309294
100.000000, 51.920377
100.000000, 51.531460
100.000000, 51.142544
100.000000, 50.753627
100.000000, 50.364710
100.000000, 49.975794
100.000000, 49.586877
100.000000, 49.197960
100.000000, 48.809044
100.000000, 48.420127
100.000000, 48.031210
100.000000, 47.642294
100.000000, 47.253377
100.000000, 46.864460
100.000000, 46.475543
100.000000, 46.086627
100.000000, 45.697710
100.000000, 45.308793
100.000000, 44.919877
100.000000, 44.530960
100.000000, 44.142043
100.000000, 43.753127
100.000000, 43.364210
100.000000, 42.975293
100.000000, 42.586377
100.000000, 42.197460
100.000000, 41.808543
100.000000, 41.419627
100.000000, 41.030710
100.000000, 40.641793
100.000000, 40.252877
100.000000, 39.863960
100.000000, 39.475043
100.000000, 39.086127
100.000000, 38.697210
100.000000, 38.308293
100.000000, 37.919376
100.000000, 37.530460
100.000000, 37.141543
100.000000, 36.752626
100.000000, 36.363710
100.000000, 35.974793
100.000000, 35.585876
100.000000, 35.196960
100.000000, 34.808043
100.000000, 34.419126
100.000000, 34.030210
100.000000, 33.641293
100.000000, 33.252376
100.000000, 32.863460
100.000000, 32.474543
100.000000, 32.085626
100.000000, 31.696710
100.000000, 31.307793
100.000000, 30.918876
100.000000, 30.529960
100.000000, 30.141043
100.000000, 29.752126
100.000000, 29.363209
100.000000, 28.974293
100.000000, 28.585376
100.000000, 28.196459
100.000000, 27.807543
100.000000, 27.418626
100.000000, 27.029709
100.000000, 26.640793
100.000000, 26.251876
100.000000, 25.862959
100.000000, 25.474043
100.000000, 25.085126
100.000000, 24.696209
100.000000, 24.307293
100.000000, 23.918376
100.000000, 23.529459
100.000000, 23.140543
100.000000, 22.751626
100.000000, 22.362709
100.000000, 21.973793
100.000000, 21.584876
100.000000, 21.195959
100.000000, 20.807042
100.000000, 20.418126
100.000000, 20.029209
100.000000, 19.640292
100.000000, 19.251376
100.000000, 18.862459
100.000000, 18.473542
100.000000, 18.084626
100.000000, 17.695709
100.000000, 17.306792
100.000000, 16.917876
100.000000, 16.528959
100.000000, 16.140042
100.000000, 15.751126
100.000000, 15.362209
100.000000, 14.973292
100.000000, 14.584376
100.000000, 14.195459
100.000000, 13.806542
100.000000, 13.417626
100.000000, 13.028709
100.000000, 12.639792
100.000000, 12.250875
100.000000, 11.861959
100.000000, 11.473042
100.000000, 11.084125
100.000000, 10.695209
100.000000, 10.306292
100.000000, 9.917375
100.000000, 9.528459
100.000000, 9.139542
100.000000, 8.750625
100.000000, 8.361709
100.000000, 7.972792
100.000000, 7.583875
100.000000, 7.194959
100.000000, 6.806042
100.000000, 6.417125
100.000000, 6.028209
100.000000, 5.639292
100.000000, 5.250375
100.000000, 4.861459
100.000000, 4.472542
100.000000, 4.083625
100.000000, 3.694708
100.000000, 3.305792
100.000000, 2.916875
100.000000, 2.527958
100.000000, 2.139042
100.000000, 1.750125
100.000000, 1.361208
100.000000, 0.972292
100.000000, 0.583375
100.000000, 0.194458
100.000000, 359.805542
100.000000, 359.416625
100.000000, 359.027708
100.000000, 358.638792
100.000000, 358.249875
100.000000, 357.860958
100.000000, 357.472042
100.000000, 357.083125
100.000000, 356.694208
100.000000, 356.305292
100.000000, 355.916375
100.000000, 355.527458
100.000000, 355.138541
100.000000, 354.749625
100.000000, 354.360708
100.000000, 353.971791
100.000000, 353.582875
100.000000, 353.193958
100.000000, 352.805041
100.000000, 352.416125
100.000000, 352.027208
100.000000, 351.638291
100.000000, 351.249375
100.000000, 350.860458
100.000000, 350.471541
100.000000, 350.082625
100.000000, 349.693708
100.000000, 349.304791
100.000000, 348.915875
100.000000, 348.526958
100.000000, 348.138041
100.000000, 347.749125
100.000000, 347.360208
100.000000, 346.971291
100.000000, 346.582374
100.000000, 346.193458
100.000000, 345.804541
100.000000, 345.415624
100.000000, 345.026708
100.000000, 344.637791
100.000000, 344.248874
100.000000, 343.859958
100.000000, 343.471041
100.000000, 343.082124
100.000000, 342.693208
100.000000, 342.304291
100.000000, 341.915374
100.000000, 341.526458
100.000000, 341.137541
100.000000, 340.748624
100.000000, 340.359708
100.000000, 339.970791
100.000000, 339.581874
100.000000, 339.192958
100.000000, 338.804041
100.000000, 338.415124
100.000000, 338.026207
100.000000, 337.637291
100.000000, 337.248374
100.000000, 336.859457
100.000000, 336.470541
100.000000, 336.081624
100.000000, 335.692707
100.000000, 335.303791
100.000000, 334.914874
100.000000, 334.525957
100.000000, 334.137041
100.000000, 333.748124
100.000000, 333.359207
100.000000, 332.970291
100.000000, 332.581374
100.000000, 332.192457
100.000000, 331.803541
100.000000, 331.414624
100.000000, 331.025707
100.000000, 330.636791
100.000000, 330.247874
100.000000, 329.858957
100.000000, 329.470040
100.000000, 329.081124
100.000000, 328.692207
100.000000, 328.303290
100.000000, 327.914374
100.000000, 327.525457
100.000000, 327.136540
100.000000, 326.747624
100.000000, 326.358707
100.000000, 325.969790
100.000000, 325.580874
100.000000, 325.191957
100.000000, 324.803040
100.000000, 324.414124
100.000000, 324.025207
100.000000, 323.636290
100.000000, 323.247374
100.000000, 322.858457
100.000000, 322.469540
100.000000, 322.080624
100.000000, 321.691707
100.000000, 321.302790
100.000000, 320.913873
100.000000, 320.524957
100.000000, 320.136040
100.000000, 319.747123
100.000000, 319.358207
100.000000, 318.969290
100.000000, 318.580373
100.000000, 318.191457
100.000000, 317.802540
100.000000, 317.413623
100.000000, 317.024707
100.000000, 316.635790
100.000000, 316.246873
100.000000, 315.857957
100.000000, 315.469040
100.000000, 315.080123
100.000000, 314.691207
100.000000, 314.302290
100.000000, 313.913373
100.000000, 313.524457
100.000000, 313.135540
100.000000, 312.746623
100.000000, 312.357706
100.000000, 311.968790
100.000000, 311.579873
100.000000, 311.190956
100.000000, 310.802040
100.000000, 310.413123
100.000000, 310.024206
100.000000, 309.635290
100.000000, 309.246373
100.000000, 308.857456
100.000000, 308.468540
100.000000, 308.079623
100.000000, 307.690706
100.000000, 307.301790
100.000000, 306.912873
100.000000, 306.523956
100.000000, 306.135040
100.000000, 305.746123
100.000000, 305.357206
100.000000, 304.968290
100.000000, 304.579373
100.000000, 304.190456
100.000000, 303.801539
100.000000, 303.412623
100.000000, 303.023706
100.000000, 302.634789
100.000000, 302.245873
100.000000, 301.856956
100.000000, 301.468039
100.000000, 301.079123
100.000000, 300.690206
100.000000, 300.301289
100.000000, 299.912373
100.000000, 299.523456
100.000000, 299.134539
100.000000, 298.745623
100.000000, 298.356706
100.000000, 297.967789
100.000000, 297.578873
100.000000, 297.189956
100.000000, 296.801039
100.000000, 296.412123
100.000000, 296.023206
100.000000, 295.634289
100.000000, 295.245372
100.000000, 294.856456
100.000000, 294.467539
100.000000, 294.078622
100.000000, 293.689706
100.000000, 293.300789
100.000000, 292.911872
100.000000, 292.522956
100.000000, 292.134039
100.000000, 291.745122
100.000000, 291.356206
100.000000, 290.967289
100.000000, 290.578372
100.000000, 290.189456
100.000000, 289.800539
100.000000, 289.411622
100.000000, 289.022706
100.000000, 288.633789
100.000000, 288.244872
100.000000, 287.855956
100.000000, 287.467039
100.000000, 287.078122
100.000000, 286.689205
100.000000, 286.300289
100.000000, 285.911372
100.000000, 285.522455
100.000000, 285.133539
100.000000, 284.744622
100.000000, 284.355705
100.000000, 283.966789
100.000000, 283.577872
100.000000, 283.188955
100.000000, 282.800039
100.000000, 282.411122
100.000000, 282.022205
100.000000, 281.633289
100.000000, 281.244372
100.000000, 280.855455
100.000000, 280.466539
100.000000, 280.077622
100.000000, 279.688705
100.000000, 279.299789
100.000000, 278.910872
100.000000, 278.521955
100.000000, 278.133038
100.000000, 277.744122
100.000000, 277.355205
100.000000, 276.966288
100.000000, 276.577372
100.000000, 276.188455
100.000000, 275.799538
100.000000, 275.410622
100.000000, 275.021705
100.000000, 274.632788
100.000000, 274.243872
100.000000, 273.854955
100.000000, 273.466038
100.000000, 273.077122
100.000000, 272.688205
100.000000, 272.299288
100.000000, 271.910372
100.000000, 271.521455
100.000000, 271.132538
100.000000, 270.743622
100.000000, 270.354705
100.000000, 269.965788
100.000000, 269.576871
100.000000, 269.187955
100.000000, 268.799038
100.000000, 268.410121
100.000000, 268.021205
100.000000, 267.632288
100.000000, 267.243371
100.000000, 266.854455
100.000000, 266.465538
100.000000, 266.076621
100.000000, 265.687705
100.000000, 265.298788
100.000000, 264.909871
100.000000, 264.520955
100.000000, 264.132038
100.000000, 263.743121
100.000000, 263.354205
100.000000, 262.965288
100.000000, 262.576371
100.000000, 262.187455
100.000000, 261.798538
100.000000, 261.409621
100.000000, 261.020704
100.000000, 260.631788
100.000000, 260.242871
100.000000, 259.853954
100.000000, 259.465038
100.000000, 259.076121
100.000000, 258.687204
100.000000, 258.298288
100.000000, 257.909371
100.000000, 257.520454
100.000000, 257.131538
100.000000, 256.742621
100.000000, 256.353704
100.000000, 255.964788
100.000000, 255.575871
100.000000, 255.186954
100.000000, 254.798038
100.000000, 254.409121
100.000000, 254.020204
100.000000, 253.631288
100.000000, 253.242371
100.000000, 252.853454
100.000000, 252.464537
100.000000, 252.075621
100.000000, 251.686704
100.000000, 251.297787
100.000000, 250.908871
100.000000, 250.519954
100.000000, 250.131037
100.000000, 249.742121
100.000000, 249.353204
100.000000, 248.964287
100.000000, 248.575371
100.000000, 248.186454
100.000000, 247.797537
100.000000, 247.408621
100.000000, 247.019704
100.000000, 246.630787
100.000000, 246.241871
100.000000, 245.852954
100.000000, 245.464037
100.000000, 245.075121
100.000000, 244.686204
100.000000, 244.297287
100.000000, 243.908370
100.000000, 243.519454
100.000000, 243.130537
100.000000, 242.741620
100.000000, 242.352704
100.000000, 241.963787
100.000000, 241.574870
100.000000, 241.185954
100.000000, 240.797037
100.000000, 240.408120
100.000000, 240.019204
100.000000, 239.630287
100.000000, 239.241370
100.000000, 238.852454
100.000000, 238.463537
100.000000, 238.074620
100.000000, 237.685704
100.000000, 237.296787
100.000000, 236.907870
100.000000, 236.518954
100.000000, 236.130037
100.000000, 235.741120
100.000000, 235.352203
100.000000, 234.963287
100.000000, 234.574370
100.000000, 234.185453
100.000000, 233.796537
100.000000, 233.407620
100.000000, 233.018703
100.000000, 232.629787
100.000000, 232.240870
100.000000, 231.851953
100.000000, 231.463037
100.000000, 231.074120
100.000000, 230.685203
100.000000, 230.296287
100.000000, 229.907370
100.000000, 229.518453
100.000000, 229.129537
100.000000, 228.740620
100.000000, 228.351703
100.000000, 227.962787
100.000000, 227.573870
100.000000, 227.184953
100.000000, 226.796036
100.000000, 226.407120
100.000000, 226.018203
100.000000, 225.629286
100.000000, 225.240370
100.000000, 224.851453
100.000000, 224.462536
100.000000, 224.073620
100.000000, 223.684703
100.000000, 223.295786
100.000000, 222.906870
100.000000, 222.517953
100.000000, 222.129036
100.000000, 221.740120
100.000000, 221.351203
100.000000, 220.962286
100.000000, 220.573370
100.000000, 220.184453
100.000000, 219.795536
100.000000, 219.406620
100.000000, 219.017703
100.000000, 218.628786
100.000000, 218.239869
100.000000, 217.850953
100.000000, 217.462036
100.000000, 217.073119
100.000000, 216.684203
100.000000, 216.295286
100.000000, 215.906369
100.000000, 215.517453
100.000000, 215.128536
100.000000, 214.739619
100.000000, 214.350703
100.000000, 213.961786
100.000000, 213.572869
100.000000, 213.183953
100.000000, 212.795036
100.000000, 212.406119
100.000000, 212.017203
100.000000, 211.628286
100.000000, 211.239369
100.000000, 210.850453
100.000000, 210.461536
100.000000, 210.072619
100.000000, 209.683702
100.000000, 209.294786
100.000000, 208.905869
100.000000, 208.516952
100.000000, 208.128036
100.000000, 207.739119
100.000000, 207.350202
100.000000, 206.961286
100.000000, 206.572369
100.000000, 206.183452
100.000000, 205.794536
100.000000, 205.405619
100.000000, 205.016702
100.000000, 204.627786
100.000000, 204.238869
100.000000, 203.849952
100.000000, 203.461036
100.000000, 203.072119
100.000000, 202.683202
100.000000, 202.294286
100.000000, 201.905369
100.000000, 201.516452
100.000000, 201.127535
100.000000, 200.738619
100.000000, 200.349702
100.000000, 199.960785
100.000000, 199.571869
100.000000, 199.182952
100.000000, 198.794035
100.000000, 198.405119
100.000000, 198.016202
100.000000, 197.627285
100.000000, 197.238369
100.000000, 196.849452
100.000000, 196.460535
100.000000, 196.071619
100.000000, 195.682702
100.000000, 195.293785
100.000000, 194.904869
100.000000, 194.515952
100.000000, 194.127035
100.000000, 193.738119
100.000000, 193.349202
100.000000, 192.960285
100.000000, 192.571368
100.000000, 192.182452
100.000000, 191.793535
100.000000, 191.404618
100.000000, 191.015702
100.000000, 190.626785
100.000000, 190.237868
100.000000, 189.848952
100.000000, 189.460035
100.000000, 189.071118
100.000000, 188.682202
100.000000, 188.293285
100.000000, 187.904368
100.000000, 187.515452
100.000000, 187.126535
100.000000, 186.737618
100.000000, 186.348702
100.000000, 185.959785
100.000000, 185.570868
100.000000, 185.181952
100.000000, 184.793035
100.000000, 184.404118
100.000000, 184.015201
100.000000, 183.626285
100.000000, 183.237368
100.000000, 182.848451
100.000000, 182.459535
100.000000, 182.070618
100.000000, 181.681701
100.000000, 181.292785
100.000000, 180.903868
100.000000, 180.514951
100.000000, 180.126035
100.000000, 179.737118
100.000000, 179.348201
100.000000, 178.959285
100.000000, 178.570368
100.000000, 178.181451
100.000000, 177.792535
100.000000, 177.403618
100.000000, 177.014701
100.000000, 176.625785
100.000000, 176.236868
100.000000, 175.847951
100.000000, 175.459034
100.000000, 175.070118
100.000000, 174.681201
100.000000, 174.292284
100.000000, 173.903368
100.000000, 173.514451
100.000000, 173.125534
100.000000, 172.736618
100.000000, 172.347701
100.000000, 171.958784
100.000000, 171.569868
100.000000, 171.180951
100.000000, 170.792034
100.000000, 170.403118
100.000000, 170.014201
100.000000, 169.625284
100.000000, 169.236368
100.000000, 168.847451
100.000000, 168.458534
100.000000, 168.069618
100.000000, 167.680701
100.000000, 167.291784
100.000000, 166.902867
100.000000, 166.513951
100.000000, 166.125034
100.000000, 165.736117
100.000000, 165.347201
100.000000, 164.958284
100.000000, 164.569367
100.000000, 164.180451
100.000000, 163.791534
100.000000, 163.402617
100.000000, 163.013701
100.000000, 162.624784
100.000000, 162.235867
100.000000, 161.846951
100.000000, 161.458034
100.000000, 161.069117
100.000000, 160.680201
100.000000, 160.291284
100.000000, 159.902367
100.000000, 159.513451
100.000000, 159.124534
100.000000, 158.735617
100.000000, 158.346700
100.000000, 157.957784
100.000000, 157.568867
100.000000, 157.179950
100.000000, 156.791034
100.000000, 156.402117
100.000000, 156.013200
100.000000, 155.624284
100.000000, 155.235367
100.000000, 154.846450
100.000000, 154.457534
100.000000, 154.068617
100.000000, 153.679700
100.000000, 153.290784
100.000000, 152.901867
100.000000, 152.512950
100.000000, 152.124034
100.000000, 151.735117
100.000000, 151.346200
100.000000, 150.957284
100.000000, 150.568367
100.000000, 150.179450
100.000000, 149.790533
100.000000, 149.401617
100.000000, 149.012700
100.000000, 148.623783
100.000000, 148.234867
100.000000, 147.845950
100.000000, 147.457033
100.000000, 147.068117
100.000000, 146.679200
100.000000, 146.290283
100.000000, 145.901367
100.000000, 145.512450
100.000000, 145.123533
100.000000, 144.734617
100.000000, 144.345700
100.000000, 143.956783
100.000000, 143.567867
100.000000, 143.178950
100.000000, 142.790033
100.000000, 142.401117
100.000000, 142.012200
100.000000, 141.623283
100.000000, 141.234366
100.000000, 140.845450
100.000000, 140.456533
100.000000, 140.067616
100.000000, 139.678700
100.000000, 139.289783
100.000000, 138.900866
100.000000, 138.511950
100.000000, 138.123033
100.000000, 137.734116
100.000000, 137.345200
100.000000, 136.956283
100.000000, 136.567366
100.000000, 136.178450
100.000000, 135.789533
100.000000, 135.400616
100.000000, 135.011700
100.000000, 134.622783
100.000000, 134.233866
100.000000, 133.844950
100.000000, 133.456033
100.000000, 133.067116
100.000000, 132.678199
100.000000, 132.289283
100.000000, 131.900366
100.000000, 131.511449
100.000000, 131.122533
100.000000, 130.733616
100.000000, 130.344699
100.000000, 129.955783
100.000000, 129.566866
100.000000, 129.177949
100.000000, 128.789033
100.000000, 128.400116
100.000000, 128.011199
100.000000, 127.622283
100.000000, 127.233366
100.000000, 126.844449
100.000000, 126.455533
100.000000, 126.066616
100.000000, 125.677699
100.000000, 125.288783
100.000000, 124.899866
100.000000, 124.510949
100.000000, 124.122032
100.000000, 123.733116
100.000000, 123.344199
100.000000, 122.955282
100.000000, 122.566366
100.000000, 122.177449
100.000000, 121.788532
100.000000, 121.399616
100.000000, 121.010699
100.000000, 120.621782
100.000000, 120.232866
100.000000, 119.843949
100.000000, 119.455032
100.000000, 119.066116
100.000000, 118.677199
100.000000, 118.288282
100.000000, 117.899366
100.000000, 117.510449
100.000000, 117.121532
##END=
