##TITLE= Parameter file, TopSpin 4.3.0
##JCAMPDX= 5.0
##DATATYPE= Parameter Values
##ORIGIN= Bruker BioSpin GmbH
##OWNER= nmrsu
$$ 2024-02-10 17:15:21.598 +0000  nmrsu@4CE1161FJM
$$ C:/Bruker/TopSpin4.3.0/exp/stan/nmr/lists/wave/user/multisupp_aux_d8
$$ process C:\Bruker\TopSpin4.3.0\prog\mod\xwinshape.exe
##MINX= 2.10727400
##MAXX= 99.99740600
##MINY= 0.00648700
##MAXY= 359.99351300
##$SHAPE_ADDPHASE= 0
##$SHAPE_AMP= 99.99740587
##$SHAPE_BWFAC= 0
##$SHAPE_BWFAC50= 0
##$SHAPE_CALCBW= yes
##$SHAPE_CALCINTEG= yes
##$SHAPE_EXMODE= <Excitation>
##$SHAPE_EXPAND= <>
##$SHAPE_EXPANDCF= (0..143)
0 0 0 0 0 0 0 0 0 0 0 0 0 0 0 0 0 0 0 0 0 0 0 0 0 0 0 0 0 0 0 0 0 0 0 0
0 0 0 0 0 0 0 0 0 0 0 0 0 0 0 0 0 0 0 0 0 0 0 0 0 0 0 0 0 0 0 0 0 0 0 0
0 0 0 0 0 0 0 0 0 0 0 0 0 0 0 0 0 0 0 0 0 0 0 0 0 0 0 0 0 0 0 0 0 0 0 0
0 0 0 0 0 0 0 0 0 0 0 0 0 0 0 0 0 0 0 0 0 0 0 0 0 0 0 0 0 0 0 0 0 0 0 0
##$SHAPE_EXPFAC= 0
##$SHAPE_FRACEND= 0
##$SHAPE_FRACORG= 0
##$SHAPE_FRACSTART= 0
##$SHAPE_INTEGFAC= 0
##$SHAPE_KEEPRES= yes
##$SHAPE_LENGTH= 25000.000373
##$SHAPE_MAN= <M>
##$SHAPE_MODE= 4
##$SHAPE_MODFREQ= 0
##$SHAPE_MODPHASE= 0
##$SHAPE_MODSCALE= 0
##$SHAPE_MODSW= 0
##$SHAPE_MODSWDIR= -1
##$SHAPE_NPOINTS= 1250
##$SHAPE_OFFS= <1 4>
##$SHAPE_OFFSCOEFF= (0..95)
-0.391022 0 100 -60.048309 0 100 -213.53874 0 100 -285.86816 0 100 0 0
0 0 0 0 0 0 0 0 0 0 0 0 0 0 0 0 0 0 0 0 0 0 0 0 0 0 0 0 0 0 0 0 0 0 0 0
0 0 0 0 0 0 0 0 0 0 0 0 0 0 0 0 0 0 0 0 0 0 0 0 0 0 0 0 0 0 0 0 0 0 0 0
0 0 0 0 0 0 0 0 0 0
##$SHAPE_PARAMETER= <>
##$SHAPE_REPHFAC= 0
##$SHAPE_RES= 0
##$SHAPE_SCALEFAC= 1.00002594
##$SHAPE_SCALETYPE= 0
##$SHAPE_SPOAL= 0
##$SHAPE_SPOFFS= 0
##$SHAPE_SPOPH= 0
##$SHAPE_TOTROT= 90
##$SHAPE_TYPE= <Excitation>
##$SHAPE_USER_DEF= <>
##$SHAPE_VERSION= 2.1
##$SHL_ADDPHASE= (0..15)
0 0 0 0 0 0 0 0 0 0 0 0 0 0 0 0
##$SHL_ALIGNOFFSET= (0..15)
0 0 0 0 0 0 0 0 0 0 0 0 0 0 0 0
##$SHL_AMP= (0..15)
100 0 0 0 0 0 0 0 0 0 0 0 0 0 0 0
##$SHL_AMPFAC= (0..15)
0 0 0 0 0 0 0 0 0 0 0 0 0 0 0 0
##$SHL_BETA= (0..15)
0 0 0 0 0 0 0 0 0 0 0 0 0 0 0 0
##$SHL_BWFAC= (0..15)
1.116 0 0 0 0 0 0 0 0 0 0 0 0 0 0 0
##$SHL_CALCBW= (0..15)
yes yes yes yes yes yes yes yes yes yes yes yes yes yes yes yes
##$SHL_CALCINTEG= (0..15)
yes yes yes yes yes yes yes yes yes yes yes yes yes yes yes yes
##$SHL_CENTERAMP= (0..15)
0 0 0 0 0 0 0 0 0 0 0 0 0 0 0 0
##$SHL_CYCNUM= (0..15)
0 0 0 0 0 0 0 0 0 0 0 0 0 0 0 0
##$SHL_DIPOLCPL= (0..15)
0 0 0 0 0 0 0 0 0 0 0 0 0 0 0 0
##$SHL_ENDAMP= (0..15)
0 0 0 0 0 0 0 0 0 0 0 0 0 0 0 0
##$SHL_EXMODE= (0..15)
<Excitation> <> <> <> <> <> <> <> <> <> <> <> <> <> <> <>
##$SHL_EXPAND= (0..15)
<> <> <> <> <> <> <> <> <> <> <> <> <> <> <> <>
##$SHL_EXPANDCF0= (0..143)
0 0 0 0 0 0 0 0 0 0 0 0 0 0 0 0 0 0 0 0 0 0 0 0 0 0 0 0 0 0 0 0 0 0 0 0
0 0 0 0 0 0 0 0 0 0 0 0 0 0 0 0 0 0 0 0 0 0 0 0 0 0 0 0 0 0 0 0 0 0 0 0
0 0 0 0 0 0 0 0 0 0 0 0 0 0 0 0 0 0 0 0 0 0 0 0 0 0 0 0 0 0 0 0 0 0 0 0
0 0 0 0 0 0 0 0 0 0 0 0 0 0 0 0 0 0 0 0 0 0 0 0 0 0 0 0 0 0 0 0 0 0 0 0
##$SHL_EXPANDCF1= (0..143)
0 0 0 0 0 0 0 0 0 0 0 0 0 0 0 0 0 0 0 0 0 0 0 0 0 0 0 0 0 0 0 0 0 0 0 0
0 0 0 0 0 0 0 0 0 0 0 0 0 0 0 0 0 0 0 0 0 0 0 0 0 0 0 0 0 0 0 0 0 0 0 0
0 0 0 0 0 0 0 0 0 0 0 0 0 0 0 0 0 0 0 0 0 0 0 0 0 0 0 0 0 0 0 0 0 0 0 0
0 0 0 0 0 0 0 0 0 0 0 0 0 0 0 0 0 0 0 0 0 0 0 0 0 0 0 0 0 0 0 0 0 0 0 0
##$SHL_EXPANDCF10= (0..143)
0 0 0 0 0 0 0 0 0 0 0 0 0 0 0 0 0 0 0 0 0 0 0 0 0 0 0 0 0 0 0 0 0 0 0 0
0 0 0 0 0 0 0 0 0 0 0 0 0 0 0 0 0 0 0 0 0 0 0 0 0 0 0 0 0 0 0 0 0 0 0 0
0 0 0 0 0 0 0 0 0 0 0 0 0 0 0 0 0 0 0 0 0 0 0 0 0 0 0 0 0 0 0 0 0 0 0 0
0 0 0 0 0 0 0 0 0 0 0 0 0 0 0 0 0 0 0 0 0 0 0 0 0 0 0 0 0 0 0 0 0 0 0 0
##$SHL_EXPANDCF11= (0..143)
0 0 0 0 0 0 0 0 0 0 0 0 0 0 0 0 0 0 0 0 0 0 0 0 0 0 0 0 0 0 0 0 0 0 0 0
0 0 0 0 0 0 0 0 0 0 0 0 0 0 0 0 0 0 0 0 0 0 0 0 0 0 0 0 0 0 0 0 0 0 0 0
0 0 0 0 0 0 0 0 0 0 0 0 0 0 0 0 0 0 0 0 0 0 0 0 0 0 0 0 0 0 0 0 0 0 0 0
0 0 0 0 0 0 0 0 0 0 0 0 0 0 0 0 0 0 0 0 0 0 0 0 0 0 0 0 0 0 0 0 0 0 0 0
##$SHL_EXPANDCF12= (0..143)
0 0 0 0 0 0 0 0 0 0 0 0 0 0 0 0 0 0 0 0 0 0 0 0 0 0 0 0 0 0 0 0 0 0 0 0
0 0 0 0 0 0 0 0 0 0 0 0 0 0 0 0 0 0 0 0 0 0 0 0 0 0 0 0 0 0 0 0 0 0 0 0
0 0 0 0 0 0 0 0 0 0 0 0 0 0 0 0 0 0 0 0 0 0 0 0 0 0 0 0 0 0 0 0 0 0 0 0
0 0 0 0 0 0 0 0 0 0 0 0 0 0 0 0 0 0 0 0 0 0 0 0 0 0 0 0 0 0 0 0 0 0 0 0
##$SHL_EXPANDCF13= (0..143)
0 0 0 0 0 0 0 0 0 0 0 0 0 0 0 0 0 0 0 0 0 0 0 0 0 0 0 0 0 0 0 0 0 0 0 0
0 0 0 0 0 0 0 0 0 0 0 0 0 0 0 0 0 0 0 0 0 0 0 0 0 0 0 0 0 0 0 0 0 0 0 0
0 0 0 0 0 0 0 0 0 0 0 0 0 0 0 0 0 0 0 0 0 0 0 0 0 0 0 0 0 0 0 0 0 0 0 0
0 0 0 0 0 0 0 0 0 0 0 0 0 0 0 0 0 0 0 0 0 0 0 0 0 0 0 0 0 0 0 0 0 0 0 0
##$SHL_EXPANDCF14= (0..143)
0 0 0 0 0 0 0 0 0 0 0 0 0 0 0 0 0 0 0 0 0 0 0 0 0 0 0 0 0 0 0 0 0 0 0 0
0 0 0 0 0 0 0 0 0 0 0 0 0 0 0 0 0 0 0 0 0 0 0 0 0 0 0 0 0 0 0 0 0 0 0 0
0 0 0 0 0 0 0 0 0 0 0 0 0 0 0 0 0 0 0 0 0 0 0 0 0 0 0 0 0 0 0 0 0 0 0 0
0 0 0 0 0 0 0 0 0 0 0 0 0 0 0 0 0 0 0 0 0 0 0 0 0 0 0 0 0 0 0 0 0 0 0 0
##$SHL_EXPANDCF15= (0..143)
0 0 0 0 0 0 0 0 0 0 0 0 0 0 0 0 0 0 0 0 0 0 0 0 0 0 0 0 0 0 0 0 0 0 0 0
0 0 0 0 0 0 0 0 0 0 0 0 0 0 0 0 0 0 0 0 0 0 0 0 0 0 0 0 0 0 0 0 0 0 0 0
0 0 0 0 0 0 0 0 0 0 0 0 0 0 0 0 0 0 0 0 0 0 0 0 0 0 0 0 0 0 0 0 0 0 0 0
0 0 0 0 0 0 0 0 0 0 0 0 0 0 0 0 0 0 0 0 0 0 0 0 0 0 0 0 0 0 0 0 0 0 0 0
##$SHL_EXPANDCF2= (0..143)
0 0 0 0 0 0 0 0 0 0 0 0 0 0 0 0 0 0 0 0 0 0 0 0 0 0 0 0 0 0 0 0 0 0 0 0
0 0 0 0 0 0 0 0 0 0 0 0 0 0 0 0 0 0 0 0 0 0 0 0 0 0 0 0 0 0 0 0 0 0 0 0
0 0 0 0 0 0 0 0 0 0 0 0 0 0 0 0 0 0 0 0 0 0 0 0 0 0 0 0 0 0 0 0 0 0 0 0
0 0 0 0 0 0 0 0 0 0 0 0 0 0 0 0 0 0 0 0 0 0 0 0 0 0 0 0 0 0 0 0 0 0 0 0
##$SHL_EXPANDCF3= (0..143)
0 0 0 0 0 0 0 0 0 0 0 0 0 0 0 0 0 0 0 0 0 0 0 0 0 0 0 0 0 0 0 0 0 0 0 0
0 0 0 0 0 0 0 0 0 0 0 0 0 0 0 0 0 0 0 0 0 0 0 0 0 0 0 0 0 0 0 0 0 0 0 0
0 0 0 0 0 0 0 0 0 0 0 0 0 0 0 0 0 0 0 0 0 0 0 0 0 0 0 0 0 0 0 0 0 0 0 0
0 0 0 0 0 0 0 0 0 0 0 0 0 0 0 0 0 0 0 0 0 0 0 0 0 0 0 0 0 0 0 0 0 0 0 0
##$SHL_EXPANDCF4= (0..143)
0 0 0 0 0 0 0 0 0 0 0 0 0 0 0 0 0 0 0 0 0 0 0 0 0 0 0 0 0 0 0 0 0 0 0 0
0 0 0 0 0 0 0 0 0 0 0 0 0 0 0 0 0 0 0 0 0 0 0 0 0 0 0 0 0 0 0 0 0 0 0 0
0 0 0 0 0 0 0 0 0 0 0 0 0 0 0 0 0 0 0 0 0 0 0 0 0 0 0 0 0 0 0 0 0 0 0 0
0 0 0 0 0 0 0 0 0 0 0 0 0 0 0 0 0 0 0 0 0 0 0 0 0 0 0 0 0 0 0 0 0 0 0 0
##$SHL_EXPANDCF5= (0..143)
0 0 0 0 0 0 0 0 0 0 0 0 0 0 0 0 0 0 0 0 0 0 0 0 0 0 0 0 0 0 0 0 0 0 0 0
0 0 0 0 0 0 0 0 0 0 0 0 0 0 0 0 0 0 0 0 0 0 0 0 0 0 0 0 0 0 0 0 0 0 0 0
0 0 0 0 0 0 0 0 0 0 0 0 0 0 0 0 0 0 0 0 0 0 0 0 0 0 0 0 0 0 0 0 0 0 0 0
0 0 0 0 0 0 0 0 0 0 0 0 0 0 0 0 0 0 0 0 0 0 0 0 0 0 0 0 0 0 0 0 0 0 0 0
##$SHL_EXPANDCF6= (0..143)
0 0 0 0 0 0 0 0 0 0 0 0 0 0 0 0 0 0 0 0 0 0 0 0 0 0 0 0 0 0 0 0 0 0 0 0
0 0 0 0 0 0 0 0 0 0 0 0 0 0 0 0 0 0 0 0 0 0 0 0 0 0 0 0 0 0 0 0 0 0 0 0
0 0 0 0 0 0 0 0 0 0 0 0 0 0 0 0 0 0 0 0 0 0 0 0 0 0 0 0 0 0 0 0 0 0 0 0
0 0 0 0 0 0 0 0 0 0 0 0 0 0 0 0 0 0 0 0 0 0 0 0 0 0 0 0 0 0 0 0 0 0 0 0
##$SHL_EXPANDCF7= (0..143)
0 0 0 0 0 0 0 0 0 0 0 0 0 0 0 0 0 0 0 0 0 0 0 0 0 0 0 0 0 0 0 0 0 0 0 0
0 0 0 0 0 0 0 0 0 0 0 0 0 0 0 0 0 0 0 0 0 0 0 0 0 0 0 0 0 0 0 0 0 0 0 0
0 0 0 0 0 0 0 0 0 0 0 0 0 0 0 0 0 0 0 0 0 0 0 0 0 0 0 0 0 0 0 0 0 0 0 0
0 0 0 0 0 0 0 0 0 0 0 0 0 0 0 0 0 0 0 0 0 0 0 0 0 0 0 0 0 0 0 0 0 0 0 0
##$SHL_EXPANDCF8= (0..143)
0 0 0 0 0 0 0 0 0 0 0 0 0 0 0 0 0 0 0 0 0 0 0 0 0 0 0 0 0 0 0 0 0 0 0 0
0 0 0 0 0 0 0 0 0 0 0 0 0 0 0 0 0 0 0 0 0 0 0 0 0 0 0 0 0 0 0 0 0 0 0 0
0 0 0 0 0 0 0 0 0 0 0 0 0 0 0 0 0 0 0 0 0 0 0 0 0 0 0 0 0 0 0 0 0 0 0 0
0 0 0 0 0 0 0 0 0 0 0 0 0 0 0 0 0 0 0 0 0 0 0 0 0 0 0 0 0 0 0 0 0 0 0 0
##$SHL_EXPANDCF9= (0..143)
0 0 0 0 0 0 0 0 0 0 0 0 0 0 0 0 0 0 0 0 0 0 0 0 0 0 0 0 0 0 0 0 0 0 0 0
0 0 0 0 0 0 0 0 0 0 0 0 0 0 0 0 0 0 0 0 0 0 0 0 0 0 0 0 0 0 0 0 0 0 0 0
0 0 0 0 0 0 0 0 0 0 0 0 0 0 0 0 0 0 0 0 0 0 0 0 0 0 0 0 0 0 0 0 0 0 0 0
0 0 0 0 0 0 0 0 0 0 0 0 0 0 0 0 0 0 0 0 0 0 0 0 0 0 0 0 0 0 0 0 0 0 0 0
##$SHL_EXPFAC= (0..15)
0 0 0 0 0 0 0 0 0 0 0 0 0 0 0 0
##$SHL_FRACEND= (0..15)
0 0 0 0 0 0 0 0 0 0 0 0 0 0 0 0
##$SHL_FRACORG= (0..15)
0 0 0 0 0 0 0 0 0 0 0 0 0 0 0 0
##$SHL_FRACSTART= (0..15)
0 0 0 0 0 0 0 0 0 0 0 0 0 0 0 0
##$SHL_FULLHALF= (0..15)
0 0 0 0 0 0 0 0 0 0 0 0 0 0 0 0
##$SHL_FUNCAMP= (0..15)
100 0 0 0 0 0 0 0 0 0 0 0 0 0 0 0
##$SHL_FUNCTION= (0..15)
<Rectangle> <> <> <> <> <> <> <> <> <> <> <> <> <> <> <>
##$SHL_GCO= (0..15)
<> <> <> <> <> <> <> <> <> <> <> <> <> <> <> <>
##$SHL_GCOCOEFFS0= (0..59)
0 0 0 0 0 0 0 0 0 0 0 0 0 0 0 0 0 0 0 0 0 0 0 0 0 0 0 0 0 0 0 0 0 0 0 0
0 0 0 0 0 0 0 0 0 0 0 0 0 0 0 0 0 0 0 0 0 0 0 0
##$SHL_GCOCOEFFS1= (0..59)
0 0 0 0 0 0 0 0 0 0 0 0 0 0 0 0 0 0 0 0 0 0 0 0 0 0 0 0 0 0 0 0 0 0 0 0
0 0 0 0 0 0 0 0 0 0 0 0 0 0 0 0 0 0 0 0 0 0 0 0
##$SHL_GCOCOEFFS10= (0..59)
0 0 0 0 0 0 0 0 0 0 0 0 0 0 0 0 0 0 0 0 0 0 0 0 0 0 0 0 0 0 0 0 0 0 0 0
0 0 0 0 0 0 0 0 0 0 0 0 0 0 0 0 0 0 0 0 0 0 0 0
##$SHL_GCOCOEFFS11= (0..59)
0 0 0 0 0 0 0 0 0 0 0 0 0 0 0 0 0 0 0 0 0 0 0 0 0 0 0 0 0 0 0 0 0 0 0 0
0 0 0 0 0 0 0 0 0 0 0 0 0 0 0 0 0 0 0 0 0 0 0 0
##$SHL_GCOCOEFFS12= (0..59)
0 0 0 0 0 0 0 0 0 0 0 0 0 0 0 0 0 0 0 0 0 0 0 0 0 0 0 0 0 0 0 0 0 0 0 0
0 0 0 0 0 0 0 0 0 0 0 0 0 0 0 0 0 0 0 0 0 0 0 0
##$SHL_GCOCOEFFS13= (0..59)
0 0 0 0 0 0 0 0 0 0 0 0 0 0 0 0 0 0 0 0 0 0 0 0 0 0 0 0 0 0 0 0 0 0 0 0
0 0 0 0 0 0 0 0 0 0 0 0 0 0 0 0 0 0 0 0 0 0 0 0
##$SHL_GCOCOEFFS14= (0..59)
0 0 0 0 0 0 0 0 0 0 0 0 0 0 0 0 0 0 0 0 0 0 0 0 0 0 0 0 0 0 0 0 0 0 0 0
0 0 0 0 0 0 0 0 0 0 0 0 0 0 0 0 0 0 0 0 0 0 0 0
##$SHL_GCOCOEFFS15= (0..59)
0 0 0 0 0 0 0 0 0 0 0 0 0 0 0 0 0 0 0 0 0 0 0 0 0 0 0 0 0 0 0 0 0 0 0 0
0 0 0 0 0 0 0 0 0 0 0 0 0 0 0 0 0 0 0 0 0 0 0 0
##$SHL_GCOCOEFFS2= (0..59)
0 0 0 0 0 0 0 0 0 0 0 0 0 0 0 0 0 0 0 0 0 0 0 0 0 0 0 0 0 0 0 0 0 0 0 0
0 0 0 0 0 0 0 0 0 0 0 0 0 0 0 0 0 0 0 0 0 0 0 0
##$SHL_GCOCOEFFS3= (0..59)
0 0 0 0 0 0 0 0 0 0 0 0 0 0 0 0 0 0 0 0 0 0 0 0 0 0 0 0 0 0 0 0 0 0 0 0
0 0 0 0 0 0 0 0 0 0 0 0 0 0 0 0 0 0 0 0 0 0 0 0
##$SHL_GCOCOEFFS4= (0..59)
0 0 0 0 0 0 0 0 0 0 0 0 0 0 0 0 0 0 0 0 0 0 0 0 0 0 0 0 0 0 0 0 0 0 0 0
0 0 0 0 0 0 0 0 0 0 0 0 0 0 0 0 0 0 0 0 0 0 0 0
##$SHL_GCOCOEFFS5= (0..59)
0 0 0 0 0 0 0 0 0 0 0 0 0 0 0 0 0 0 0 0 0 0 0 0 0 0 0 0 0 0 0 0 0 0 0 0
0 0 0 0 0 0 0 0 0 0 0 0 0 0 0 0 0 0 0 0 0 0 0 0
##$SHL_GCOCOEFFS6= (0..59)
0 0 0 0 0 0 0 0 0 0 0 0 0 0 0 0 0 0 0 0 0 0 0 0 0 0 0 0 0 0 0 0 0 0 0 0
0 0 0 0 0 0 0 0 0 0 0 0 0 0 0 0 0 0 0 0 0 0 0 0
##$SHL_GCOCOEFFS7= (0..59)
0 0 0 0 0 0 0 0 0 0 0 0 0 0 0 0 0 0 0 0 0 0 0 0 0 0 0 0 0 0 0 0 0 0 0 0
0 0 0 0 0 0 0 0 0 0 0 0 0 0 0 0 0 0 0 0 0 0 0 0
##$SHL_GCOCOEFFS8= (0..59)
0 0 0 0 0 0 0 0 0 0 0 0 0 0 0 0 0 0 0 0 0 0 0 0 0 0 0 0 0 0 0 0 0 0 0 0
0 0 0 0 0 0 0 0 0 0 0 0 0 0 0 0 0 0 0 0 0 0 0 0
##$SHL_GCOCOEFFS9= (0..59)
0 0 0 0 0 0 0 0 0 0 0 0 0 0 0 0 0 0 0 0 0 0 0 0 0 0 0 0 0 0 0 0 0 0 0 0
0 0 0 0 0 0 0 0 0 0 0 0 0 0 0 0 0 0 0 0 0 0 0 0
##$SHL_INTEGFAC= (0..15)
1 0 0 0 0 0 0 0 0 0 0 0 0 0 0 0
##$SHL_LB= (0..15)
0 0 0 0 0 0 0 0 0 0 0 0 0 0 0 0
##$SHL_LEFTLIMIT= (0..15)
0 0 0 0 0 0 0 0 0 0 0 0 0 0 0 0
##$SHL_LENGTH= (0..15)
25000.000373 0 0 0 0 0 0 0 0 0 0 0 0 0 0 0
##$SHL_MAN= (0..15)
<> <> <> <> <> <> <> <> <> <> <> <> <> <> <> <>
##$SHL_MEANAMP= (0..15)
0 0 0 0 0 0 0 0 0 0 0 0 0 0 0 0
##$SHL_MODAMP= (0..15)
0 0 0 0 0 0 0 0 0 0 0 0 0 0 0 0
##$SHL_MODE= (0..15)
0 0 0 0 0 0 0 0 0 0 0 0 0 0 0 0
##$SHL_MODFREQ= (0..15)
0 0 0 0 0 0 0 0 0 0 0 0 0 0 0 0
##$SHL_MODPHASE= (0..15)
0 0 0 0 0 0 0 0 0 0 0 0 0 0 0 0
##$SHL_MODSCALE= (0..15)
0 0 0 0 0 0 0 0 0 0 0 0 0 0 0 0
##$SHL_MODSW= (0..15)
0 0 0 0 0 0 0 0 0 0 0 0 0 0 0 0
##$SHL_MODSWDIR= (0..15)
-1 -1 -1 -1 -1 -1 -1 -1 -1 -1 -1 -1 -1 -1 -1 -1
##$SHL_MU= (0..15)
0 0 0 0 0 0 0 0 0 0 0 0 0 0 0 0
##$SHL_NPOINTS= (0..15)
1250 0 0 0 0 0 0 0 0 0 0 0 0 0 0 0
##$SHL_OFFS= (0..15)
<> <> <> <> <> <> <> <> <> <> <> <> <> <> <> <>
##$SHL_OFFSCOEFF0= (0..95)
0 0 0 0 0 0 0 0 0 0 0 0 0 0 0 0 0 0 0 0 0 0 0 0 0 0 0 0 0 0 0 0 0 0 0 0
0 0 0 0 0 0 0 0 0 0 0 0 0 0 0 0 0 0 0 0 0 0 0 0 0 0 0 0 0 0 0 0 0 0 0 0
0 0 0 0 0 0 0 0 0 0 0 0 0 0 0 0 0 0 0 0 0 0 0 0
##$SHL_OFFSCOEFF1= (0..95)
0 0 0 0 0 0 0 0 0 0 0 0 0 0 0 0 0 0 0 0 0 0 0 0 0 0 0 0 0 0 0 0 0 0 0 0
0 0 0 0 0 0 0 0 0 0 0 0 0 0 0 0 0 0 0 0 0 0 0 0 0 0 0 0 0 0 0 0 0 0 0 0
0 0 0 0 0 0 0 0 0 0 0 0 0 0 0 0 0 0 0 0 0 0 0 0
##$SHL_OFFSCOEFF10= (0..95)
0 0 0 0 0 0 0 0 0 0 0 0 0 0 0 0 0 0 0 0 0 0 0 0 0 0 0 0 0 0 0 0 0 0 0 0
0 0 0 0 0 0 0 0 0 0 0 0 0 0 0 0 0 0 0 0 0 0 0 0 0 0 0 0 0 0 0 0 0 0 0 0
0 0 0 0 0 0 0 0 0 0 0 0 0 0 0 0 0 0 0 0 0 0 0 0
##$SHL_OFFSCOEFF11= (0..95)
0 0 0 0 0 0 0 0 0 0 0 0 0 0 0 0 0 0 0 0 0 0 0 0 0 0 0 0 0 0 0 0 0 0 0 0
0 0 0 0 0 0 0 0 0 0 0 0 0 0 0 0 0 0 0 0 0 0 0 0 0 0 0 0 0 0 0 0 0 0 0 0
0 0 0 0 0 0 0 0 0 0 0 0 0 0 0 0 0 0 0 0 0 0 0 0
##$SHL_OFFSCOEFF12= (0..95)
0 0 0 0 0 0 0 0 0 0 0 0 0 0 0 0 0 0 0 0 0 0 0 0 0 0 0 0 0 0 0 0 0 0 0 0
0 0 0 0 0 0 0 0 0 0 0 0 0 0 0 0 0 0 0 0 0 0 0 0 0 0 0 0 0 0 0 0 0 0 0 0
0 0 0 0 0 0 0 0 0 0 0 0 0 0 0 0 0 0 0 0 0 0 0 0
##$SHL_OFFSCOEFF13= (0..95)
0 0 0 0 0 0 0 0 0 0 0 0 0 0 0 0 0 0 0 0 0 0 0 0 0 0 0 0 0 0 0 0 0 0 0 0
0 0 0 0 0 0 0 0 0 0 0 0 0 0 0 0 0 0 0 0 0 0 0 0 0 0 0 0 0 0 0 0 0 0 0 0
0 0 0 0 0 0 0 0 0 0 0 0 0 0 0 0 0 0 0 0 0 0 0 0
##$SHL_OFFSCOEFF14= (0..95)
0 0 0 0 0 0 0 0 0 0 0 0 0 0 0 0 0 0 0 0 0 0 0 0 0 0 0 0 0 0 0 0 0 0 0 0
0 0 0 0 0 0 0 0 0 0 0 0 0 0 0 0 0 0 0 0 0 0 0 0 0 0 0 0 0 0 0 0 0 0 0 0
0 0 0 0 0 0 0 0 0 0 0 0 0 0 0 0 0 0 0 0 0 0 0 0
##$SHL_OFFSCOEFF15= (0..95)
0 0 0 0 0 0 0 0 0 0 0 0 0 0 0 0 0 0 0 0 0 0 0 0 0 0 0 0 0 0 0 0 0 0 0 0
0 0 0 0 0 0 0 0 0 0 0 0 0 0 0 0 0 0 0 0 0 0 0 0 0 0 0 0 0 0 0 0 0 0 0 0
0 0 0 0 0 0 0 0 0 0 0 0 0 0 0 0 0 0 0 0 0 0 0 0
##$SHL_OFFSCOEFF2= (0..95)
0 0 0 0 0 0 0 0 0 0 0 0 0 0 0 0 0 0 0 0 0 0 0 0 0 0 0 0 0 0 0 0 0 0 0 0
0 0 0 0 0 0 0 0 0 0 0 0 0 0 0 0 0 0 0 0 0 0 0 0 0 0 0 0 0 0 0 0 0 0 0 0
0 0 0 0 0 0 0 0 0 0 0 0 0 0 0 0 0 0 0 0 0 0 0 0
##$SHL_OFFSCOEFF3= (0..95)
0 0 0 0 0 0 0 0 0 0 0 0 0 0 0 0 0 0 0 0 0 0 0 0 0 0 0 0 0 0 0 0 0 0 0 0
0 0 0 0 0 0 0 0 0 0 0 0 0 0 0 0 0 0 0 0 0 0 0 0 0 0 0 0 0 0 0 0 0 0 0 0
0 0 0 0 0 0 0 0 0 0 0 0 0 0 0 0 0 0 0 0 0 0 0 0
##$SHL_OFFSCOEFF4= (0..95)
0 0 0 0 0 0 0 0 0 0 0 0 0 0 0 0 0 0 0 0 0 0 0 0 0 0 0 0 0 0 0 0 0 0 0 0
0 0 0 0 0 0 0 0 0 0 0 0 0 0 0 0 0 0 0 0 0 0 0 0 0 0 0 0 0 0 0 0 0 0 0 0
0 0 0 0 0 0 0 0 0 0 0 0 0 0 0 0 0 0 0 0 0 0 0 0
##$SHL_OFFSCOEFF5= (0..95)
0 0 0 0 0 0 0 0 0 0 0 0 0 0 0 0 0 0 0 0 0 0 0 0 0 0 0 0 0 0 0 0 0 0 0 0
0 0 0 0 0 0 0 0 0 0 0 0 0 0 0 0 0 0 0 0 0 0 0 0 0 0 0 0 0 0 0 0 0 0 0 0
0 0 0 0 0 0 0 0 0 0 0 0 0 0 0 0 0 0 0 0 0 0 0 0
##$SHL_OFFSCOEFF6= (0..95)
0 0 0 0 0 0 0 0 0 0 0 0 0 0 0 0 0 0 0 0 0 0 0 0 0 0 0 0 0 0 0 0 0 0 0 0
0 0 0 0 0 0 0 0 0 0 0 0 0 0 0 0 0 0 0 0 0 0 0 0 0 0 0 0 0 0 0 0 0 0 0 0
0 0 0 0 0 0 0 0 0 0 0 0 0 0 0 0 0 0 0 0 0 0 0 0
##$SHL_OFFSCOEFF7= (0..95)
0 0 0 0 0 0 0 0 0 0 0 0 0 0 0 0 0 0 0 0 0 0 0 0 0 0 0 0 0 0 0 0 0 0 0 0
0 0 0 0 0 0 0 0 0 0 0 0 0 0 0 0 0 0 0 0 0 0 0 0 0 0 0 0 0 0 0 0 0 0 0 0
0 0 0 0 0 0 0 0 0 0 0 0 0 0 0 0 0 0 0 0 0 0 0 0
##$SHL_OFFSCOEFF8= (0..95)
0 0 0 0 0 0 0 0 0 0 0 0 0 0 0 0 0 0 0 0 0 0 0 0 0 0 0 0 0 0 0 0 0 0 0 0
0 0 0 0 0 0 0 0 0 0 0 0 0 0 0 0 0 0 0 0 0 0 0 0 0 0 0 0 0 0 0 0 0 0 0 0
0 0 0 0 0 0 0 0 0 0 0 0 0 0 0 0 0 0 0 0 0 0 0 0
##$SHL_OFFSCOEFF9= (0..95)
0 0 0 0 0 0 0 0 0 0 0 0 0 0 0 0 0 0 0 0 0 0 0 0 0 0 0 0 0 0 0 0 0 0 0 0
0 0 0 0 0 0 0 0 0 0 0 0 0 0 0 0 0 0 0 0 0 0 0 0 0 0 0 0 0 0 0 0 0 0 0 0
0 0 0 0 0 0 0 0 0 0 0 0 0 0 0 0 0 0 0 0 0 0 0 0
##$SHL_PHASE= (0..15)
0 0 0 0 0 0 0 0 0 0 0 0 0 0 0 0
##$SHL_PHASEFAC= (0..15)
0 0 0 0 0 0 0 0 0 0 0 0 0 0 0 0
##$SHL_POWERINDEX= (0..15)
0 0 0 0 0 0 0 0 0 0 0 0 0 0 0 0
##$SHL_QUADCOEFF= (0..15)
0 0 0 0 0 0 0 0 0 0 0 0 0 0 0 0
##$SHL_RIGHTLIMIT= (0..15)
0 0 0 0 0 0 0 0 0 0 0 0 0 0 0 0
##$SHL_SCALEFACTOR= (0..15)
1 1 1 1 1 1 1 1 1 1 1 1 1 1 1 1
##$SHL_SF= (0..15)
<> <> <> <> <> <> <> <> <> <> <> <> <> <> <> <>
##$SHL_SFCOEFFS0= (0..200)
0 0 0 0 0 0 0 0 0 0 0 0 0 0 0 0 0 0 0 0 0 0 0 0 0 0 0 0 0 0 0 0 0 0 0 0
0 0 0 0 0 0 0 0 0 0 0 0 0 0 0 0 0 0 0 0 0 0 0 0 0 0 0 0 0 0 0 0 0 0 0 0
0 0 0 0 0 0 0 0 0 0 0 0 0 0 0 0 0 0 0 0 0 0 0 0 0 0 0 0 0 0 0 0 0 0 0 0
0 0 0 0 0 0 0 0 0 0 0 0 0 0 0 0 0 0 0 0 0 0 0 0 0 0 0 0 0 0 0 0 0 0 0 0
0 0 0 0 0 0 0 0 0 0 0 0 0 0 0 0 0 0 0 0 0 0 0 0 0 0 0 0 0 0 0 0 0 0 0 0
0 0 0 0 0 0 0 0 0 0 0 0 0 0 0 0 0 0 0 0 0
##$SHL_SFCOEFFS1= (0..200)
0 0 0 0 0 0 0 0 0 0 0 0 0 0 0 0 0 0 0 0 0 0 0 0 0 0 0 0 0 0 0 0 0 0 0 0
0 0 0 0 0 0 0 0 0 0 0 0 0 0 0 0 0 0 0 0 0 0 0 0 0 0 0 0 0 0 0 0 0 0 0 0
0 0 0 0 0 0 0 0 0 0 0 0 0 0 0 0 0 0 0 0 0 0 0 0 0 0 0 0 0 0 0 0 0 0 0 0
0 0 0 0 0 0 0 0 0 0 0 0 0 0 0 0 0 0 0 0 0 0 0 0 0 0 0 0 0 0 0 0 0 0 0 0
0 0 0 0 0 0 0 0 0 0 0 0 0 0 0 0 0 0 0 0 0 0 0 0 0 0 0 0 0 0 0 0 0 0 0 0
0 0 0 0 0 0 0 0 0 0 0 0 0 0 0 0 0 0 0 0 0
##$SHL_SFCOEFFS10= (0..200)
0 0 0 0 0 0 0 0 0 0 0 0 0 0 0 0 0 0 0 0 0 0 0 0 0 0 0 0 0 0 0 0 0 0 0 0
0 0 0 0 0 0 0 0 0 0 0 0 0 0 0 0 0 0 0 0 0 0 0 0 0 0 0 0 0 0 0 0 0 0 0 0
0 0 0 0 0 0 0 0 0 0 0 0 0 0 0 0 0 0 0 0 0 0 0 0 0 0 0 0 0 0 0 0 0 0 0 0
0 0 0 0 0 0 0 0 0 0 0 0 0 0 0 0 0 0 0 0 0 0 0 0 0 0 0 0 0 0 0 0 0 0 0 0
0 0 0 0 0 0 0 0 0 0 0 0 0 0 0 0 0 0 0 0 0 0 0 0 0 0 0 0 0 0 0 0 0 0 0 0
0 0 0 0 0 0 0 0 0 0 0 0 0 0 0 0 0 0 0 0 0
##$SHL_SFCOEFFS11= (0..200)
0 0 0 0 0 0 0 0 0 0 0 0 0 0 0 0 0 0 0 0 0 0 0 0 0 0 0 0 0 0 0 0 0 0 0 0
0 0 0 0 0 0 0 0 0 0 0 0 0 0 0 0 0 0 0 0 0 0 0 0 0 0 0 0 0 0 0 0 0 0 0 0
0 0 0 0 0 0 0 0 0 0 0 0 0 0 0 0 0 0 0 0 0 0 0 0 0 0 0 0 0 0 0 0 0 0 0 0
0 0 0 0 0 0 0 0 0 0 0 0 0 0 0 0 0 0 0 0 0 0 0 0 0 0 0 0 0 0 0 0 0 0 0 0
0 0 0 0 0 0 0 0 0 0 0 0 0 0 0 0 0 0 0 0 0 0 0 0 0 0 0 0 0 0 0 0 0 0 0 0
0 0 0 0 0 0 0 0 0 0 0 0 0 0 0 0 0 0 0 0 0
##$SHL_SFCOEFFS12= (0..200)
0 0 0 0 0 0 0 0 0 0 0 0 0 0 0 0 0 0 0 0 0 0 0 0 0 0 0 0 0 0 0 0 0 0 0 0
0 0 0 0 0 0 0 0 0 0 0 0 0 0 0 0 0 0 0 0 0 0 0 0 0 0 0 0 0 0 0 0 0 0 0 0
0 0 0 0 0 0 0 0 0 0 0 0 0 0 0 0 0 0 0 0 0 0 0 0 0 0 0 0 0 0 0 0 0 0 0 0
0 0 0 0 0 0 0 0 0 0 0 0 0 0 0 0 0 0 0 0 0 0 0 0 0 0 0 0 0 0 0 0 0 0 0 0
0 0 0 0 0 0 0 0 0 0 0 0 0 0 0 0 0 0 0 0 0 0 0 0 0 0 0 0 0 0 0 0 0 0 0 0
0 0 0 0 0 0 0 0 0 0 0 0 0 0 0 0 0 0 0 0 0
##$SHL_SFCOEFFS13= (0..200)
0 0 0 0 0 0 0 0 0 0 0 0 0 0 0 0 0 0 0 0 0 0 0 0 0 0 0 0 0 0 0 0 0 0 0 0
0 0 0 0 0 0 0 0 0 0 0 0 0 0 0 0 0 0 0 0 0 0 0 0 0 0 0 0 0 0 0 0 0 0 0 0
0 0 0 0 0 0 0 0 0 0 0 0 0 0 0 0 0 0 0 0 0 0 0 0 0 0 0 0 0 0 0 0 0 0 0 0
0 0 0 0 0 0 0 0 0 0 0 0 0 0 0 0 0 0 0 0 0 0 0 0 0 0 0 0 0 0 0 0 0 0 0 0
0 0 0 0 0 0 0 0 0 0 0 0 0 0 0 0 0 0 0 0 0 0 0 0 0 0 0 0 0 0 0 0 0 0 0 0
0 0 0 0 0 0 0 0 0 0 0 0 0 0 0 0 0 0 0 0 0
##$SHL_SFCOEFFS14= (0..200)
0 0 0 0 0 0 0 0 0 0 0 0 0 0 0 0 0 0 0 0 0 0 0 0 0 0 0 0 0 0 0 0 0 0 0 0
0 0 0 0 0 0 0 0 0 0 0 0 0 0 0 0 0 0 0 0 0 0 0 0 0 0 0 0 0 0 0 0 0 0 0 0
0 0 0 0 0 0 0 0 0 0 0 0 0 0 0 0 0 0 0 0 0 0 0 0 0 0 0 0 0 0 0 0 0 0 0 0
0 0 0 0 0 0 0 0 0 0 0 0 0 0 0 0 0 0 0 0 0 0 0 0 0 0 0 0 0 0 0 0 0 0 0 0
0 0 0 0 0 0 0 0 0 0 0 0 0 0 0 0 0 0 0 0 0 0 0 0 0 0 0 0 0 0 0 0 0 0 0 0
0 0 0 0 0 0 0 0 0 0 0 0 0 0 0 0 0 0 0 0 0
##$SHL_SFCOEFFS15= (0..200)
0 0 0 0 0 0 0 0 0 0 0 0 0 0 0 0 0 0 0 0 0 0 0 0 0 0 0 0 0 0 0 0 0 0 0 0
0 0 0 0 0 0 0 0 0 0 0 0 0 0 0 0 0 0 0 0 0 0 0 0 0 0 0 0 0 0 0 0 0 0 0 0
0 0 0 0 0 0 0 0 0 0 0 0 0 0 0 0 0 0 0 0 0 0 0 0 0 0 0 0 0 0 0 0 0 0 0 0
0 0 0 0 0 0 0 0 0 0 0 0 0 0 0 0 0 0 0 0 0 0 0 0 0 0 0 0 0 0 0 0 0 0 0 0
0 0 0 0 0 0 0 0 0 0 0 0 0 0 0 0 0 0 0 0 0 0 0 0 0 0 0 0 0 0 0 0 0 0 0 0
0 0 0 0 0 0 0 0 0 0 0 0 0 0 0 0 0 0 0 0 0
##$SHL_SFCOEFFS2= (0..200)
0 0 0 0 0 0 0 0 0 0 0 0 0 0 0 0 0 0 0 0 0 0 0 0 0 0 0 0 0 0 0 0 0 0 0 0
0 0 0 0 0 0 0 0 0 0 0 0 0 0 0 0 0 0 0 0 0 0 0 0 0 0 0 0 0 0 0 0 0 0 0 0
0 0 0 0 0 0 0 0 0 0 0 0 0 0 0 0 0 0 0 0 0 0 0 0 0 0 0 0 0 0 0 0 0 0 0 0
0 0 0 0 0 0 0 0 0 0 0 0 0 0 0 0 0 0 0 0 0 0 0 0 0 0 0 0 0 0 0 0 0 0 0 0
0 0 0 0 0 0 0 0 0 0 0 0 0 0 0 0 0 0 0 0 0 0 0 0 0 0 0 0 0 0 0 0 0 0 0 0
0 0 0 0 0 0 0 0 0 0 0 0 0 0 0 0 0 0 0 0 0
##$SHL_SFCOEFFS3= (0..200)
0 0 0 0 0 0 0 0 0 0 0 0 0 0 0 0 0 0 0 0 0 0 0 0 0 0 0 0 0 0 0 0 0 0 0 0
0 0 0 0 0 0 0 0 0 0 0 0 0 0 0 0 0 0 0 0 0 0 0 0 0 0 0 0 0 0 0 0 0 0 0 0
0 0 0 0 0 0 0 0 0 0 0 0 0 0 0 0 0 0 0 0 0 0 0 0 0 0 0 0 0 0 0 0 0 0 0 0
0 0 0 0 0 0 0 0 0 0 0 0 0 0 0 0 0 0 0 0 0 0 0 0 0 0 0 0 0 0 0 0 0 0 0 0
0 0 0 0 0 0 0 0 0 0 0 0 0 0 0 0 0 0 0 0 0 0 0 0 0 0 0 0 0 0 0 0 0 0 0 0
0 0 0 0 0 0 0 0 0 0 0 0 0 0 0 0 0 0 0 0 0
##$SHL_SFCOEFFS4= (0..200)
0 0 0 0 0 0 0 0 0 0 0 0 0 0 0 0 0 0 0 0 0 0 0 0 0 0 0 0 0 0 0 0 0 0 0 0
0 0 0 0 0 0 0 0 0 0 0 0 0 0 0 0 0 0 0 0 0 0 0 0 0 0 0 0 0 0 0 0 0 0 0 0
0 0 0 0 0 0 0 0 0 0 0 0 0 0 0 0 0 0 0 0 0 0 0 0 0 0 0 0 0 0 0 0 0 0 0 0
0 0 0 0 0 0 0 0 0 0 0 0 0 0 0 0 0 0 0 0 0 0 0 0 0 0 0 0 0 0 0 0 0 0 0 0
0 0 0 0 0 0 0 0 0 0 0 0 0 0 0 0 0 0 0 0 0 0 0 0 0 0 0 0 0 0 0 0 0 0 0 0
0 0 0 0 0 0 0 0 0 0 0 0 0 0 0 0 0 0 0 0 0
##$SHL_SFCOEFFS5= (0..200)
0 0 0 0 0 0 0 0 0 0 0 0 0 0 0 0 0 0 0 0 0 0 0 0 0 0 0 0 0 0 0 0 0 0 0 0
0 0 0 0 0 0 0 0 0 0 0 0 0 0 0 0 0 0 0 0 0 0 0 0 0 0 0 0 0 0 0 0 0 0 0 0
0 0 0 0 0 0 0 0 0 0 0 0 0 0 0 0 0 0 0 0 0 0 0 0 0 0 0 0 0 0 0 0 0 0 0 0
0 0 0 0 0 0 0 0 0 0 0 0 0 0 0 0 0 0 0 0 0 0 0 0 0 0 0 0 0 0 0 0 0 0 0 0
0 0 0 0 0 0 0 0 0 0 0 0 0 0 0 0 0 0 0 0 0 0 0 0 0 0 0 0 0 0 0 0 0 0 0 0
0 0 0 0 0 0 0 0 0 0 0 0 0 0 0 0 0 0 0 0 0
##$SHL_SFCOEFFS6= (0..200)
0 0 0 0 0 0 0 0 0 0 0 0 0 0 0 0 0 0 0 0 0 0 0 0 0 0 0 0 0 0 0 0 0 0 0 0
0 0 0 0 0 0 0 0 0 0 0 0 0 0 0 0 0 0 0 0 0 0 0 0 0 0 0 0 0 0 0 0 0 0 0 0
0 0 0 0 0 0 0 0 0 0 0 0 0 0 0 0 0 0 0 0 0 0 0 0 0 0 0 0 0 0 0 0 0 0 0 0
0 0 0 0 0 0 0 0 0 0 0 0 0 0 0 0 0 0 0 0 0 0 0 0 0 0 0 0 0 0 0 0 0 0 0 0
0 0 0 0 0 0 0 0 0 0 0 0 0 0 0 0 0 0 0 0 0 0 0 0 0 0 0 0 0 0 0 0 0 0 0 0
0 0 0 0 0 0 0 0 0 0 0 0 0 0 0 0 0 0 0 0 0
##$SHL_SFCOEFFS7= (0..200)
0 0 0 0 0 0 0 0 0 0 0 0 0 0 0 0 0 0 0 0 0 0 0 0 0 0 0 0 0 0 0 0 0 0 0 0
0 0 0 0 0 0 0 0 0 0 0 0 0 0 0 0 0 0 0 0 0 0 0 0 0 0 0 0 0 0 0 0 0 0 0 0
0 0 0 0 0 0 0 0 0 0 0 0 0 0 0 0 0 0 0 0 0 0 0 0 0 0 0 0 0 0 0 0 0 0 0 0
0 0 0 0 0 0 0 0 0 0 0 0 0 0 0 0 0 0 0 0 0 0 0 0 0 0 0 0 0 0 0 0 0 0 0 0
0 0 0 0 0 0 0 0 0 0 0 0 0 0 0 0 0 0 0 0 0 0 0 0 0 0 0 0 0 0 0 0 0 0 0 0
0 0 0 0 0 0 0 0 0 0 0 0 0 0 0 0 0 0 0 0 0
##$SHL_SFCOEFFS8= (0..200)
0 0 0 0 0 0 0 0 0 0 0 0 0 0 0 0 0 0 0 0 0 0 0 0 0 0 0 0 0 0 0 0 0 0 0 0
0 0 0 0 0 0 0 0 0 0 0 0 0 0 0 0 0 0 0 0 0 0 0 0 0 0 0 0 0 0 0 0 0 0 0 0
0 0 0 0 0 0 0 0 0 0 0 0 0 0 0 0 0 0 0 0 0 0 0 0 0 0 0 0 0 0 0 0 0 0 0 0
0 0 0 0 0 0 0 0 0 0 0 0 0 0 0 0 0 0 0 0 0 0 0 0 0 0 0 0 0 0 0 0 0 0 0 0
0 0 0 0 0 0 0 0 0 0 0 0 0 0 0 0 0 0 0 0 0 0 0 0 0 0 0 0 0 0 0 0 0 0 0 0
0 0 0 0 0 0 0 0 0 0 0 0 0 0 0 0 0 0 0 0 0
##$SHL_SFCOEFFS9= (0..200)
0 0 0 0 0 0 0 0 0 0 0 0 0 0 0 0 0 0 0 0 0 0 0 0 0 0 0 0 0 0 0 0 0 0 0 0
0 0 0 0 0 0 0 0 0 0 0 0 0 0 0 0 0 0 0 0 0 0 0 0 0 0 0 0 0 0 0 0 0 0 0 0
0 0 0 0 0 0 0 0 0 0 0 0 0 0 0 0 0 0 0 0 0 0 0 0 0 0 0 0 0 0 0 0 0 0 0 0
0 0 0 0 0 0 0 0 0 0 0 0 0 0 0 0 0 0 0 0 0 0 0 0 0 0 0 0 0 0 0 0 0 0 0 0
0 0 0 0 0 0 0 0 0 0 0 0 0 0 0 0 0 0 0 0 0 0 0 0 0 0 0 0 0 0 0 0 0 0 0 0
0 0 0 0 0 0 0 0 0 0 0 0 0 0 0 0 0 0 0 0 0
##$SHL_SMOOTHED= (0..15)
0 0 0 0 0 0 0 0 0 0 0 0 0 0 0 0
##$SHL_SMOOTHING= (0..15)
0 0 0 0 0 0 0 0 0 0 0 0 0 0 0 0
##$SHL_SPOAL= (0..15)
0 0 0 0 0 0 0 0 0 0 0 0 0 0 0 0
##$SHL_SPOFFS= (0..15)
0 0 0 0 0 0 0 0 0 0 0 0 0 0 0 0
##$SHL_SPOPH= (0..15)
0 0 0 0 0 0 0 0 0 0 0 0 0 0 0 0
##$SHL_STARTAMP= (0..15)
0 0 0 0 0 0 0 0 0 0 0 0 0 0 0 0
##$SHL_SW= (0..15)
0 0 0 0 0 0 0 0 0 0 0 0 0 0 0 0
##$SHL_SWDIR= (0..15)
-1 -1 -1 -1 -1 -1 -1 -1 -1 -1 -1 -1 -1 -1 -1 -1
##$SHL_TANKAPPA= (0..15)
0 0 0 0 0 0 0 0 0 0 0 0 0 0 0 0
##$SHL_TOTROT= (0..15)
90 0 0 0 0 0 0 0 0 0 0 0 0 0 0 0
##$SHL_TRUNCLEV= (0..15)
0 0 0 0 0 0 0 0 0 0 0 0 0 0 0 0
##$SHL_TYPE= (0..15)
<Excitation> <> <> <> <> <> <> <> <> <> <> <> <> <> <> <>
##$SHL_WINDOWSIZE= (0..15)
0 0 0 0 0 0 0 0 0 0 0 0 0 0 0 0
##$SHL_ZETA= (0..15)
0 0 0 0 0 0 0 0 0 0 0 0 0 0 0 0
##NPOINTS= 1250
##XYPOINTS= (XY..XY)
57.515100, 100.053182
56.587407, 101.390946
55.654137, 102.740085
54.715664, 104.101175
53.772369, 105.474834
52.824643, 106.861718
51.872884, 108.262534
50.917498, 109.678036
49.958901, 111.109032
48.997519, 112.556389
48.033790, 114.021039
47.068163, 115.503980
46.101097, 117.006288
45.133070, 118.529119
44.164570, 120.073720
43.196104, 121.641433
42.228197, 123.233707
41.261392, 124.852105
40.296256, 126.498315
39.333378, 128.174164
38.373373, 129.881623
37.416885, 131.622830
36.464591, 133.400095
35.517204, 135.215919
34.575473, 137.073011
33.640194, 138.974302
32.712210, 140.922962
31.792417, 142.922421
30.881772, 144.976380
29.981296, 147.088833
29.092086, 149.264076
28.215317, 151.506721
27.352254, 153.821699
26.504262, 156.214260
25.672810, 158.689962
24.859486, 161.254643
24.066004, 163.914377
23.294211, 166.675408
22.546098, 169.544049
21.823802, 172.526546
21.129607, 175.628898
20.465947, 178.856627
19.835390, 182.214481
19.240622, 185.706094
18.684420, 189.333580
18.169612, 193.097092
17.699018, 196.994357
17.275387, 201.020244
16.901308, 205.166388
16.579121, 209.420952
16.310814, 213.768576
16.097928, 218.190570
15.941467, 222.665369
15.841827, 227.169260
15.798757, 231.677309
15.811347, 236.164428
15.878055, 240.606448
15.996764, 244.981102
16.164863, 249.268811
16.379349, 253.453224
16.636935, 257.521487
16.934159, 261.464251
17.267477, 265.275489
17.633351, 268.952151
18.028318, 272.493740
18.449041, 275.901855
18.892348, 279.179741
19.355255, 282.331868
19.834977, 285.363572
20.328937, 288.280748
20.834756, 291.089598
21.350254, 293.796439
21.873434, 296.407556
22.402473, 298.929087
22.935710, 301.366954
23.471628, 303.726807
24.008849, 306.013998
24.546115, 308.233561
25.082280, 310.390212
25.616301, 312.488348
26.147224, 314.532061
26.674176, 316.525148
27.196363, 318.471130
27.713054, 320.373263
28.223581, 322.234562
28.727331, 324.057812
29.223741, 325.845590
29.712291, 327.600276
30.192507, 329.324073
30.663949, 331.019017
31.126213, 332.686996
31.578926, 334.329755
32.021744, 335.948913
32.454350, 337.545973
32.876452, 339.122328
33.287780, 340.679276
33.688085, 342.218022
34.077140, 343.739688
34.454733, 345.245321
34.820671, 346.735899
35.174778, 348.212333
35.516892, 349.675479
35.846865, 351.126134
36.164563, 352.565050
36.469865, 353.992930
36.762663, 355.410435
37.042859, 356.818188
37.310366, 358.216777
37.565110, 359.606755
37.807025, 0.988645
38.036056, 2.362943
38.252156, 3.730119
38.455288, 5.090617
38.645424, 6.444862
38.822544, 7.793256
38.986637, 9.136184
39.137698, 10.474012
39.275733, 11.807093
39.400753, 13.135762
39.512777, 14.460342
39.611832, 15.781144
39.697951, 17.098466
39.771173, 18.412598
39.831547, 19.723819
39.879125, 21.032399
39.913969, 22.338600
39.936143, 23.642678
39.945720, 24.944882
39.942780, 26.245454
39.927407, 27.544633
39.899691, 28.842651
39.859729, 30.139740
39.807624, 31.436123
39.743481, 32.732025
39.667416, 34.027666
39.579546, 35.323266
39.479997, 36.619042
39.368896, 37.915210
39.246380, 39.211988
39.112587, 40.509591
38.967664, 41.808237
38.811760, 43.108145
38.645029, 44.409532
38.467633, 45.712622
38.279736, 47.017638
38.081507, 48.324806
37.873122, 49.634358
37.654760, 50.946526
37.426604, 52.261549
37.188844, 53.579669
36.941672, 54.901136
36.685286, 56.226202
36.419890, 57.555129
36.145689, 58.888183
35.862895, 60.225639
35.571724, 61.567780
35.272397, 62.914896
34.965138, 64.267289
34.650176, 65.625268
34.327746, 66.989154
33.998085, 68.359279
33.661437, 69.735988
33.318047, 71.119636
32.968168, 72.510594
32.612056, 73.909247
32.249971, 75.315993
31.882178, 76.731248
31.508947, 78.155445
31.130553, 79.589033
30.747274, 81.032482
30.359394, 82.486278
29.967202, 83.950933
29.570992, 85.426976
29.171062, 86.914960
28.767716, 88.415464
28.361264, 89.929089
27.952020, 91.456463
27.540304, 92.998240
27.126441, 94.555105
26.710763, 96.127767
26.293609, 97.716968
25.875320, 99.323480
25.456249, 100.948104
25.036750, 102.591677
24.617188, 104.255064
24.197933, 105.939163
23.779361, 107.644905
23.361859, 109.373252
22.945819, 111.125197
22.531639, 112.901760
22.119729, 114.703991
21.710503, 116.532962
21.304387, 118.389768
20.901811, 120.275520
20.503216, 122.191340
20.109051, 124.138357
19.719770, 126.117694
19.335838, 128.130466
18.957726, 130.177763
18.585910, 132.260639
18.220873, 134.380101
17.863104, 136.537089
17.513094, 138.732457
17.171337, 140.966958
16.838326, 143.241216
16.514556, 145.555704
16.200513, 147.910718
15.896681, 150.306351
15.603530, 152.742464
15.321518, 155.218658
15.051087, 157.734248
14.792656, 160.288234
14.546616, 162.879281
14.313329, 165.505700
14.093121, 168.165432
13.886274, 170.856038
13.693028, 173.574706
13.513568, 176.318249
13.348027, 179.083129
13.196474, 181.865482
13.058920, 184.661152
12.935309, 187.465735
12.825518, 190.274636
12.729357, 193.083121
12.646570, 195.886386
12.576834, 198.679618
12.519768, 201.458065
12.474928, 204.217095
12.441818, 206.952255
12.419894, 209.659327
12.408569, 212.334370
12.407218, 214.973753
12.415190, 217.574189
12.431808, 220.132742
12.456378, 222.646843
12.488199, 225.114286
12.526561, 227.533218
12.570760, 229.902128
12.620095, 232.219825
12.673876, 234.485415
12.731428, 236.698276
12.792094, 238.858028
12.855237, 240.964506
12.920242, 243.017732
12.986522, 245.017885
13.053512, 246.965276
13.120678, 248.860324
13.187511, 250.703529
13.253532, 252.495458
13.318292, 254.236717
13.381368, 255.927940
13.442369, 257.569770
13.500930, 259.162849
13.556717, 260.707804
13.609421, 262.205236
13.658765, 263.655711
13.704496, 265.059757
13.746389, 266.417852
13.784248, 267.730419
13.817902, 268.997826
13.847206, 270.220378
13.872043, 271.398315
13.892320, 272.531812
13.907973, 273.620974
13.918962, 274.665835
13.925273, 275.666360
13.926921, 276.622443
13.923946, 277.533908
13.916415, 278.400508
13.904423, 279.221928
13.888092, 279.997787
13.867575, 280.727642
13.843050, 281.410988
13.814728, 282.047265
13.782849, 282.635861
13.747685, 283.176122
13.709539, 283.667357
13.668746, 284.108846
13.625677, 284.499854
13.580734, 284.839641
13.534355, 285.127477
13.487013, 285.362656
13.439218, 285.544519
13.391513, 285.672471
13.344479, 285.746006
13.298730, 285.764729
13.254916, 285.728390
13.213720, 285.636904
13.175857, 285.490392
13.142070, 285.289203
13.113131, 285.033954
13.089833, 284.725556
13.072989, 284.365245
13.063426, 283.954609
13.061978, 283.495611
13.069484, 282.990602
13.086775, 282.442334
13.114673, 281.853959
13.153979, 281.229017
13.205465, 280.571421
13.269869, 279.885423
13.347885, 279.175575
13.440154, 278.446676
13.547262, 277.703711
13.669731, 276.951787
13.808012, 276.196061
13.962488, 275.441662
14.133463, 274.693626
14.321171, 273.956817
14.525765, 273.235871
14.747328, 272.535137
14.985870, 271.858627
15.241334, 271.209988
15.513600, 270.592467
15.802489, 270.008905
16.107769, 269.461726
16.429159, 268.952946
16.766340, 268.484181
17.118953, 268.056672
17.486610, 267.671303
17.868897, 267.328635
18.265379, 267.028928
18.675605, 266.772180
19.099109, 266.558153
19.535419, 266.386409
19.984056, 266.256332
20.444535, 266.167163
20.916372, 266.118022
21.399084, 266.107931
21.892189, 266.135836
22.395208, 266.200628
22.907669, 266.301156
23.429101, 266.436241
23.959043, 266.604692
24.497038, 266.805315
25.042636, 267.036920
25.595393, 267.298329
26.154874, 267.588386
26.720648, 267.905955
27.292293, 268.249931
27.869391, 268.619235
28.451533, 269.012825
29.038316, 269.429691
29.629341, 269.868857
30.224216, 270.329385
30.822555, 270.810372
31.423978, 271.310951
32.028109, 271.830289
32.634577, 272.367588
33.243015, 272.922086
33.853064, 273.493052
34.464365, 274.079787
35.076567, 274.681625
35.689320, 275.297927
36.302279, 275.928086
36.915104, 276.571520
37.527456, 277.227675
38.139002, 277.896022
38.749411, 278.576057
39.358355, 279.267297
39.965510, 279.969285
40.570555, 280.681581
41.173172, 281.403768
41.773044, 282.135448
42.369861, 282.876239
42.963311, 283.625779
43.553089, 284.383721
44.138890, 285.149735
44.720412, 285.923504
45.297358, 286.704727
45.869432, 287.493115
46.436339, 288.288395
46.997791, 289.090301
47.553498, 289.898584
48.103176, 290.713002
48.646543, 291.533325
49.183319, 292.359334
49.713227, 293.190818
50.235994, 294.027574
50.751347, 294.869411
51.259020, 295.716143
51.758745, 296.567593
52.250261, 297.423591
52.733309, 298.283974
53.207631, 299.148586
53.672974, 300.017277
54.129087, 300.889903
54.575724, 301.766326
55.012640, 302.646414
55.439595, 303.530037
55.856349, 304.417075
56.262670, 305.307409
56.658327, 306.200925
57.043091, 307.097515
57.416738, 307.997073
57.779049, 308.899499
58.129806, 309.804693
58.468796, 310.712563
58.795809, 311.623018
59.110640, 312.535970
59.413085, 313.451334
59.702948, 314.369029
59.980033, 315.288977
60.244150, 316.211100
60.495113, 317.135324
60.732739, 318.061580
60.956851, 318.989796
61.167273, 319.919907
61.363837, 320.851847
61.546376, 321.785554
61.714729, 322.720965
61.868740, 323.658022
62.008254, 324.596667
62.133126, 325.536843
62.243210, 326.478495
62.338368, 327.421571
62.418465, 328.366017
62.483371, 329.311784
62.532962, 330.258822
62.567116, 331.207081
62.585718, 332.156515
62.588656, 333.107076
62.575826, 334.058719
62.547124, 335.011399
62.502456, 335.965071
62.441729, 336.919693
62.364857, 337.875220
62.271758, 338.831611
62.162357, 339.788823
62.036581, 340.746816
61.894365, 341.705546
61.735646, 342.664975
61.560370, 343.625059
61.368484, 344.585760
61.159944, 345.547035
60.934708, 346.508845
60.692742, 347.471148
60.434015, 348.433903
60.158503, 349.397068
59.866185, 350.360602
59.557048, 351.324462
59.231083, 352.288605
58.888286, 353.252988
58.528659, 354.217565
58.152208, 355.182292
57.758946, 356.147121
57.348891, 357.112006
56.922065, 358.076895
56.478498, 359.041740
56.018222, 0.006487
55.541277, 0.971081
55.047707, 1.935466
54.537562, 2.899584
54.010897, 3.863371
53.467773, 4.826765
52.908254, 5.789696
52.332413, 6.752093
51.740326, 7.713882
51.132074, 8.674982
50.507744, 9.635309
49.867429, 10.594772
49.211227, 11.553276
48.539239, 12.510719
47.851575, 13.466990
47.148347, 14.421971
46.429674, 15.375536
45.695681, 16.327546
44.946495, 17.277855
44.182252, 18.226300
43.403090, 19.172705
42.609155, 20.116880
41.800595, 21.058614
40.977568, 21.997678
40.140231, 22.933818
39.288752, 23.866754
38.423300, 24.796177
37.544052, 25.721742
36.651190, 26.643065
35.744899, 27.559717
34.825373, 28.471215
33.892808, 29.377015
32.947410, 30.276500
31.989387, 31.168972
31.018954, 32.053630
30.036335, 32.929555
29.041757, 33.795690
28.035456, 34.650805
27.017677, 35.493467
25.988672, 36.321994
24.948702, 37.134395
23.898040, 37.928299
22.836971, 38.700862
21.765795, 39.448635
20.684830, 40.167402
19.594415, 40.851948
18.494916, 41.495752
17.386735, 42.090547
16.270321, 42.625697
15.146185, 43.087293
14.014929, 43.456788
12.877279, 43.708913
11.734151, 43.808364
10.586753, 43.704328
9.436761, 43.321095
8.286649, 42.541043
7.140325, 41.172023
6.004486, 38.880406
4.891761, 35.043124
3.828851, 28.399870
2.879779, 16.270963
2.207427, 353.946263
2.107274, 322.020725
2.652488, 296.006705
3.562890, 281.364467
4.631352, 273.452197
5.773375, 268.950758
6.954784, 266.281935
8.159991, 264.682323
9.380974, 263.752778
10.613157, 263.268115
11.853696, 263.092826
13.100682, 263.140905
14.352751, 263.355308
15.608865, 263.696783
16.868198, 264.137476
18.130062, 264.657087
19.393863, 265.240484
20.659072, 265.876165
21.925206, 266.555229
23.191818, 267.270687
24.458484, 268.016971
25.724801, 268.789597
26.990381, 269.584907
28.254847, 270.399894
29.517828, 271.232058
30.778966, 272.079308
32.037904, 272.939878
33.294292, 273.812269
34.547784, 274.695199
35.798039, 275.587566
37.044715, 276.488416
38.287476, 277.396921
39.525989, 278.312356
40.759921, 279.234086
41.988942, 280.161552
43.212724, 281.094259
44.430942, 282.031767
45.643272, 282.973686
46.849391, 283.919665
48.048980, 284.869391
49.241720, 285.822581
50.427295, 286.778982
51.605391, 287.738361
52.775695, 288.700513
53.937897, 289.665245
55.091689, 290.632387
56.236766, 291.601779
57.372822, 292.573278
58.499557, 293.546751
59.616673, 294.522078
60.723871, 295.499145
61.820859, 296.477850
62.907344, 297.458097
63.983037, 298.439798
65.047654, 299.422872
66.100909, 300.407242
67.142523, 301.392838
68.172218, 302.379594
69.189720, 303.367450
70.194758, 304.356347
71.187062, 305.346232
72.166369, 306.337055
73.132416, 307.328769
74.084946, 308.321331
75.023703, 309.314698
75.948437, 310.308831
76.858900, 311.303694
77.754848, 312.299253
78.636041, 313.295473
79.502243, 314.292325
80.353221, 315.289779
81.188748, 316.287808
82.008598, 317.286384
82.812552, 318.285483
83.600394, 319.285082
84.371912, 320.285156
85.126898, 321.285686
85.865150, 322.286650
86.586468, 323.288029
87.290658, 324.289803
87.977531, 325.291955
88.646902, 326.294469
89.298590, 327.297326
89.932419, 328.300511
90.548219, 329.304010
91.145823, 330.307808
91.725070, 331.311889
92.285804, 332.316242
92.827873, 333.320853
93.351131, 334.325708
93.855436, 335.330797
94.340652, 336.336106
94.806648, 337.341625
95.253297, 338.347343
95.680480, 339.353248
96.088080, 340.359330
96.475987, 341.365579
96.844096, 342.371985
97.192308, 343.378539
97.520528, 344.385229
97.828667, 345.392048
98.116642, 346.398987
98.384374, 347.406035
98.631792, 348.413185
98.858829, 349.420428
99.065421, 350.427755
99.251515, 351.435158
99.417059, 352.442628
99.562008, 353.450158
99.686323, 354.457740
99.789970, 355.465364
99.872922, 356.473025
99.935155, 357.480712
99.976654, 358.488420
99.997406, 359.496139
99.997406, 0.503861
99.976654, 1.511580
99.935155, 2.519288
99.872922, 3.526975
99.789970, 4.534636
99.686323, 5.542260
99.562008, 6.549842
99.417059, 7.557372
99.251515, 8.564842
99.065421, 9.572245
98.858829, 10.579572
98.631792, 11.586815
98.384374, 12.593965
98.116642, 13.601013
97.828667, 14.607952
97.520528, 15.614771
97.192308, 16.621461
96.844096, 17.628015
96.475987, 18.634421
96.088080, 19.640670
95.680480, 20.646752
95.253297, 21.652657
94.806648, 22.658375
94.340652, 23.663894
93.855436, 24.669203
93.351131, 25.674292
92.827873, 26.679147
92.285804, 27.683758
91.725070, 28.688111
91.145823, 29.692192
90.548219, 30.695990
89.932419, 31.699489
89.298590, 32.702674
88.646902, 33.705531
87.977531, 34.708045
87.290658, 35.710197
86.586468, 36.711971
85.865150, 37.713350
85.126898, 38.714314
84.371912, 39.714844
83.600394, 40.714918
82.812552, 41.714517
82.008598, 42.713616
81.188748, 43.712192
80.353221, 44.710221
79.502243, 45.707675
78.636041, 46.704527
77.754848, 47.700747
76.858900, 48.696306
75.948437, 49.691169
75.023703, 50.685302
74.084946, 51.678669
73.132416, 52.671231
72.166369, 53.662945
71.187062, 54.653768
70.194758, 55.643653
69.189720, 56.632550
68.172218, 57.620406
67.142523, 58.607162
66.100909, 59.592758
65.047654, 60.577128
63.983037, 61.560202
62.907344, 62.541903
61.820859, 63.522150
60.723871, 64.500855
59.616673, 65.477922
58.499557, 66.453249
57.372822, 67.426722
56.236766, 68.398221
55.091689, 69.367613
53.937897, 70.334755
52.775695, 71.299487
51.605391, 72.261639
50.427295, 73.221018
49.241720, 74.177419
48.048980, 75.130609
46.849391, 76.080335
45.643272, 77.026314
44.430942, 77.968233
43.212724, 78.905741
41.988942, 79.838448
40.759921, 80.765914
39.525989, 81.687644
38.287476, 82.603079
37.044715, 83.511584
35.798039, 84.412434
34.547784, 85.304801
33.294292, 86.187731
32.037904, 87.060122
30.778966, 87.920692
29.517828, 88.767942
28.254847, 89.600106
26.990381, 90.415093
25.724801, 91.210403
24.458484, 91.983029
23.191818, 92.729313
21.925206, 93.444771
20.659072, 94.123835
19.393863, 94.759516
18.130062, 95.342913
16.868198, 95.862524
15.608865, 96.303217
14.352751, 96.644692
13.100682, 96.859095
11.853696, 96.907174
10.613157, 96.731885
9.380974, 96.247222
8.159991, 95.317677
6.954784, 93.718065
5.773375, 91.049242
4.631352, 86.547803
3.562890, 78.635533
2.652488, 63.993295
2.107274, 37.979275
2.207427, 6.053737
2.879779, 343.729037
3.828851, 331.600130
4.891761, 324.956876
6.004486, 321.119594
7.140325, 318.827977
8.286649, 317.458957
9.436761, 316.678905
10.586753, 316.295672
11.734151, 316.191636
12.877279, 316.291087
14.014929, 316.543212
15.146185, 316.912707
16.270321, 317.374303
17.386735, 317.909453
18.494916, 318.504248
19.594415, 319.148052
20.684830, 319.832598
21.765795, 320.551365
22.836971, 321.299138
23.898040, 322.071701
24.948702, 322.865605
25.988672, 323.678006
27.017677, 324.506533
28.035456, 325.349195
29.041757, 326.204310
30.036335, 327.070445
31.018954, 327.946370
31.989387, 328.831028
32.947410, 329.723500
33.892808, 330.622985
34.825373, 331.528785
35.744899, 332.440283
36.651190, 333.356935
37.544052, 334.278258
38.423300, 335.203823
39.288752, 336.133246
40.140231, 337.066182
40.977568, 338.002322
41.800595, 338.941386
42.609155, 339.883120
43.403090, 340.827295
44.182252, 341.773700
44.946495, 342.722145
45.695681, 343.672454
46.429674, 344.624464
47.148347, 345.578029
47.851575, 346.533010
48.539239, 347.489281
49.211227, 348.446724
49.867429, 349.405228
50.507744, 350.364691
51.132074, 351.325018
51.740326, 352.286118
52.332413, 353.247907
52.908254, 354.210304
53.467773, 355.173235
54.010897, 356.136629
54.537562, 357.100416
55.047707, 358.064534
55.541277, 359.028919
56.018222, 359.993513
56.478498, 0.958260
56.922065, 1.923105
57.348891, 2.887994
57.758946, 3.852879
58.152208, 4.817708
58.528659, 5.782435
58.888286, 6.747012
59.231083, 7.711395
59.557048, 8.675538
59.866185, 9.639398
60.158503, 10.602932
60.434015, 11.566097
60.692742, 12.528852
60.934708, 13.491155
61.159944, 14.452965
61.368484, 15.414240
61.560370, 16.374941
61.735646, 17.335025
61.894365, 18.294454
62.036581, 19.253184
62.162357, 20.211177
62.271758, 21.168389
62.364857, 22.124780
62.441729, 23.080307
62.502456, 24.034929
62.547124, 24.988601
62.575826, 25.941281
62.588656, 26.892924
62.585718, 27.843485
62.567116, 28.792919
62.532962, 29.741178
62.483371, 30.688216
62.418465, 31.633983
62.338368, 32.578429
62.243210, 33.521505
62.133126, 34.463157
62.008254, 35.403333
61.868740, 36.341978
61.714729, 37.279035
61.546376, 38.214446
61.363837, 39.148153
61.167273, 40.080093
60.956851, 41.010204
60.732739, 41.938420
60.495113, 42.864676
60.244150, 43.788900
59.980033, 44.711023
59.702948, 45.630971
59.413085, 46.548666
59.110640, 47.464030
58.795809, 48.376982
58.468796, 49.287437
58.129806, 50.195307
57.779049, 51.100501
57.416738, 52.002927
57.043091, 52.902485
56.658327, 53.799075
56.262670, 54.692591
55.856349, 55.582925
55.439595, 56.469963
55.012640, 57.353586
54.575724, 58.233674
54.129087, 59.110097
53.672974, 59.982723
53.207631, 60.851414
52.733309, 61.716026
52.250261, 62.576409
51.758745, 63.432407
51.259020, 64.283857
50.751347, 65.130589
50.235994, 65.972426
49.713227, 66.809182
49.183319, 67.640666
48.646543, 68.466675
48.103176, 69.286998
47.553498, 70.101416
46.997791, 70.909699
46.436339, 71.711605
45.869432, 72.506885
45.297358, 73.295273
44.720412, 74.076496
44.138890, 74.850265
43.553089, 75.616279
42.963311, 76.374221
42.369861, 77.123761
41.773044, 77.864552
41.173172, 78.596232
40.570555, 79.318419
39.965510, 80.030715
39.358355, 80.732703
38.749411, 81.423943
38.139002, 82.103978
37.527456, 82.772325
36.915104, 83.428480
36.302279, 84.071914
35.689320, 84.702073
35.076567, 85.318375
34.464365, 85.920213
33.853064, 86.506948
33.243015, 87.077914
32.634577, 87.632412
32.028109, 88.169711
31.423978, 88.689049
30.822555, 89.189628
30.224216, 89.670615
29.629341, 90.131143
29.038316, 90.570309
28.451533, 90.987175
27.869391, 91.380765
27.292293, 91.750069
26.720648, 92.094045
26.154874, 92.411614
25.595393, 92.701671
25.042636, 92.963080
24.497038, 93.194685
23.959043, 93.395308
23.429101, 93.563759
22.907669, 93.698844
22.395208, 93.799372
21.892189, 93.864164
21.399084, 93.892069
20.916372, 93.881978
20.444535, 93.832837
19.984056, 93.743668
19.535419, 93.613591
19.099109, 93.441847
18.675605, 93.227820
18.265379, 92.971072
17.868897, 92.671365
17.486610, 92.328697
17.118953, 91.943328
16.766340, 91.515819
16.429159, 91.047054
16.107769, 90.538274
15.802489, 89.991095
15.513600, 89.407533
15.241334, 88.790012
14.985870, 88.141373
14.747328, 87.464863
14.525765, 86.764129
14.321171, 86.043183
14.133463, 85.306374
13.962488, 84.558338
13.808012, 83.803939
13.669731, 83.048213
13.547262, 82.296289
13.440154, 81.553324
13.347885, 80.824425
13.269869, 80.114577
13.205465, 79.428579
13.153979, 78.770983
13.114673, 78.146041
13.086775, 77.557666
13.069484, 77.009398
13.061978, 76.504389
13.063426, 76.045391
13.072989, 75.634755
13.089833, 75.274444
13.113131, 74.966046
13.142070, 74.710797
13.175857, 74.509608
13.213720, 74.363096
13.254916, 74.271610
13.298730, 74.235271
13.344479, 74.253994
13.391513, 74.327529
13.439218, 74.455481
13.487013, 74.637344
13.534355, 74.872523
13.580734, 75.160359
13.625677, 75.500146
13.668746, 75.891154
13.709539, 76.332643
13.747685, 76.823878
13.782849, 77.364139
13.814728, 77.952735
13.843050, 78.589012
13.867575, 79.272358
13.888092, 80.002213
13.904423, 80.778072
13.916415, 81.599492
13.923946, 82.466092
13.926921, 83.377557
13.925273, 84.333640
13.918962, 85.334165
13.907973, 86.379026
13.892320, 87.468188
13.872043, 88.601685
13.847206, 89.779622
13.817902, 91.002174
13.784248, 92.269581
13.746389, 93.582148
13.704496, 94.940243
13.658765, 96.344289
13.609421, 97.794764
13.556717, 99.292196
13.500930, 100.837151
13.442369, 102.430230
13.381368, 104.072060
13.318292, 105.763283
13.253532, 107.504542
13.187511, 109.296471
13.120678, 111.139676
13.053512, 113.034724
12.986522, 114.982115
12.920242, 116.982268
12.855237, 119.035494
12.792094, 121.141972
12.731428, 123.301724
12.673876, 125.514585
12.620095, 127.780175
12.570760, 130.097872
12.526561, 132.466782
12.488199, 134.885714
12.456378, 137.353157
12.431808, 139.867258
12.415190, 142.425811
12.407218, 145.026247
12.408569, 147.665630
12.419894, 150.340673
12.441818, 153.047745
12.474928, 155.782905
12.519768, 158.541935
12.576834, 161.320382
12.646570, 164.113614
12.729357, 166.916879
12.825518, 169.725364
12.935309, 172.534265
13.058920, 175.338848
13.196474, 178.134518
13.348027, 180.916871
13.513568, 183.681751
13.693028, 186.425294
13.886274, 189.143962
14.093121, 191.834568
14.313329, 194.494300
14.546616, 197.120719
14.792656, 199.711766
15.051087, 202.265752
15.321518, 204.781342
15.603530, 207.257536
15.896681, 209.693649
16.200513, 212.089282
16.514556, 214.444296
16.838326, 216.758784
17.171337, 219.033042
17.513094, 221.267543
17.863104, 223.462911
18.220873, 225.619899
18.585910, 227.739361
18.957726, 229.822237
19.335838, 231.869534
19.719770, 233.882306
20.109051, 235.861643
20.503216, 237.808660
20.901811, 239.724480
21.304387, 241.610232
21.710503, 243.467038
22.119729, 245.296009
22.531639, 247.098240
22.945819, 248.874803
23.361859, 250.626748
23.779361, 252.355095
24.197933, 254.060837
24.617188, 255.744936
25.036750, 257.408323
25.456249, 259.051896
25.875320, 260.676520
26.293609, 262.283032
26.710763, 263.872233
27.126441, 265.444895
27.540304, 267.001760
27.952020, 268.543537
28.361264, 270.070911
28.767716, 271.584536
29.171062, 273.085040
29.570992, 274.573024
29.967202, 276.049067
30.359394, 277.513722
30.747274, 278.967518
31.130553, 280.410967
31.508947, 281.844555
31.882178, 283.268752
32.249971, 284.684007
32.612056, 286.090753
32.968168, 287.489406
33.318047, 288.880364
33.661437, 290.264012
33.998085, 291.640721
34.327746, 293.010846
34.650176, 294.374732
34.965138, 295.732711
35.272397, 297.085104
35.571724, 298.432220
35.862895, 299.774361
36.145689, 301.111817
36.419890, 302.444871
36.685286, 303.773798
36.941672, 305.098864
37.188844, 306.420331
37.426604, 307.738451
37.654760, 309.053474
37.873122, 310.365642
38.081507, 311.675194
38.279736, 312.982362
38.467633, 314.287378
38.645029, 315.590468
38.811760, 316.891855
38.967664, 318.191763
39.112587, 319.490409
39.246380, 320.788012
39.368896, 322.084790
39.479997, 323.380958
39.579546, 324.676734
39.667416, 325.972334
39.743481, 327.267975
39.807624, 328.563877
39.859729, 329.860260
39.899691, 331.157349
39.927407, 332.455367
39.942780, 333.754546
39.945720, 335.055118
39.936143, 336.357322
39.913969, 337.661400
39.879125, 338.967601
39.831547, 340.276181
39.771173, 341.587402
39.697951, 342.901534
39.611832, 344.218856
39.512777, 345.539658
39.400753, 346.864238
39.275733, 348.192907
39.137698, 349.525988
38.986637, 350.863816
38.822544, 352.206744
38.645424, 353.555138
38.455288, 354.909383
38.252156, 356.269881
38.036056, 357.637057
37.807025, 359.011355
37.565110, 0.393245
37.310366, 1.783223
37.042859, 3.181812
36.762663, 4.589565
36.469865, 6.007070
36.164563, 7.434950
35.846865, 8.873866
35.516892, 10.324521
35.174778, 11.787667
34.820671, 13.264101
34.454733, 14.754679
34.077140, 16.260312
33.688085, 17.781978
33.287780, 19.320724
32.876452, 20.877672
32.454350, 22.454027
32.021744, 24.051087
31.578926, 25.670245
31.126213, 27.313004
30.663949, 28.980983
30.192507, 30.675927
29.712291, 32.399724
29.223741, 34.154410
28.727331, 35.942188
28.223581, 37.765438
27.713054, 39.626737
27.196363, 41.528870
26.674176, 43.474852
26.147224, 45.467939
25.616301, 47.511652
25.082280, 49.609788
24.546115, 51.766439
24.008849, 53.986002
23.471628, 56.273193
22.935710, 58.633046
22.402473, 61.070913
21.873434, 63.592444
21.350254, 66.203561
20.834756, 68.910402
20.328937, 71.719252
19.834977, 74.636428
19.355255, 77.668132
18.892348, 80.820259
18.449041, 84.098145
18.028318, 87.506260
17.633351, 91.047849
17.267477, 94.724511
16.934159, 98.535749
16.636935, 102.478513
16.379349, 106.546776
16.164863, 110.731189
15.996764, 115.018898
15.878055, 119.393552
15.811347, 123.835572
15.798757, 128.322691
15.841827, 132.830740
15.941467, 137.334631
16.097928, 141.809430
16.310814, 146.231424
16.579121, 150.579048
16.901308, 154.833612
17.275387, 158.979756
17.699018, 163.005643
18.169612, 166.902908
18.684420, 170.666420
19.240622, 174.293906
19.835390, 177.785519
20.465947, 181.143373
21.129607, 184.371102
21.823802, 187.473454
22.546098, 190.455951
23.294211, 193.324592
24.066004, 196.085623
24.859486, 198.745357
25.672810, 201.310038
26.504262, 203.785740
27.352254, 206.178301
28.215317, 208.493279
29.092086, 210.735924
29.981296, 212.911167
30.881772, 215.023620
31.792417, 217.077579
32.712210, 219.077038
33.640194, 221.025698
34.575473, 222.926989
35.517204, 224.784081
36.464591, 226.599905
37.416885, 228.377170
38.373373, 230.118377
39.333378, 231.825836
40.296256, 233.501685
41.261392, 235.147895
42.228197, 236.766293
43.196104, 238.358567
44.164570, 239.926280
45.133070, 241.470881
46.101097, 242.993712
47.068163, 244.496020
48.033790, 245.978961
48.997519, 247.443611
49.958901, 248.890968
50.917498, 250.321964
51.872884, 251.737466
52.824643, 253.138282
53.772369, 254.525166
54.715664, 255.898825
55.654137, 257.259915
56.587407, 258.609054
57.515100, 259.946818
##END=
