##TITLE= Parameter file, TopSpin 4.3.0
##JCAMPDX= 5.0
##DATATYPE= Parameter Values
##ORIGIN= Bruker BioSpin GmbH
##OWNER= nmrsu
$$ 2024-02-10 17:26:33.894 +0000  nmrsu@4CE1161FJM
$$ C:/Bruker/TopSpin4.3.0/exp/stan/nmr/lists/wave/user/multisupp_aux_d8
$$ process C:\Bruker\TopSpin4.3.0\prog\mod\xwinshape.exe
##MINX= 3.33761000
##MAXX= 99.99751800
##MINY= 0.25632600
##MAXY= 359.74367400
##$SHAPE_ADDPHASE= 0
##$SHAPE_AMP= 99.99751798
##$SHAPE_BWFAC= 0
##$SHAPE_BWFAC50= 0
##$SHAPE_CALCBW= yes
##$SHAPE_CALCINTEG= yes
##$SHAPE_EXMODE= <Excitation>
##$SHAPE_EXPAND= <>
##$SHAPE_EXPANDCF= (0..143)
0 0 0 0 0 0 0 0 0 0 0 0 0 0 0 0 0 0 0 0 0 0 0 0 0 0 0 0 0 0 0 0 0 0 0 0
0 0 0 0 0 0 0 0 0 0 0 0 0 0 0 0 0 0 0 0 0 0 0 0 0 0 0 0 0 0 0 0 0 0 0 0
0 0 0 0 0 0 0 0 0 0 0 0 0 0 0 0 0 0 0 0 0 0 0 0 0 0 0 0 0 0 0 0 0 0 0 0
0 0 0 0 0 0 0 0 0 0 0 0 0 0 0 0 0 0 0 0 0 0 0 0 0 0 0 0 0 0 0 0 0 0 0 0
##$SHAPE_EXPFAC= 0
##$SHAPE_FRACEND= 0
##$SHAPE_FRACORG= 0
##$SHAPE_FRACSTART= 0
##$SHAPE_INTEGFAC= 0
##$SHAPE_KEEPRES= yes
##$SHAPE_LENGTH= 25000.000373
##$SHAPE_MAN= <M>
##$SHAPE_MODE= 4
##$SHAPE_MODFREQ= 0
##$SHAPE_MODPHASE= 0
##$SHAPE_MODSCALE= 0
##$SHAPE_MODSW= 0
##$SHAPE_MODSWDIR= -1
##$SHAPE_NPOINTS= 1250
##$SHAPE_OFFS= <1 4>
##$SHAPE_OFFSCOEFF= (0..95)
-8.241119 0 100 -59.611847 0 100 -213.21462 0 100 -285.34003 0 100 0 0
0 0 0 0 0 0 0 0 0 0 0 0 0 0 0 0 0 0 0 0 0 0 0 0 0 0 0 0 0 0 0 0 0 0 0 0
0 0 0 0 0 0 0 0 0 0 0 0 0 0 0 0 0 0 0 0 0 0 0 0 0 0 0 0 0 0 0 0 0 0 0 0
0 0 0 0 0 0 0 0 0 0
##$SHAPE_PARAMETER= <>
##$SHAPE_REPHFAC= 0
##$SHAPE_RES= 0
##$SHAPE_SCALEFAC= 1.00002482
##$SHAPE_SCALETYPE= 0
##$SHAPE_SPOAL= 0
##$SHAPE_SPOFFS= 0
##$SHAPE_SPOPH= 0
##$SHAPE_TOTROT= 90
##$SHAPE_TYPE= <Excitation>
##$SHAPE_USER_DEF= <>
##$SHAPE_VERSION= 2.1
##$SHL_ADDPHASE= (0..15)
0 0 0 0 0 0 0 0 0 0 0 0 0 0 0 0
##$SHL_ALIGNOFFSET= (0..15)
0 0 0 0 0 0 0 0 0 0 0 0 0 0 0 0
##$SHL_AMP= (0..15)
100 0 0 0 0 0 0 0 0 0 0 0 0 0 0 0
##$SHL_AMPFAC= (0..15)
0 0 0 0 0 0 0 0 0 0 0 0 0 0 0 0
##$SHL_BETA= (0..15)
0 0 0 0 0 0 0 0 0 0 0 0 0 0 0 0
##$SHL_BWFAC= (0..15)
1.116 0 0 0 0 0 0 0 0 0 0 0 0 0 0 0
##$SHL_CALCBW= (0..15)
yes yes yes yes yes yes yes yes yes yes yes yes yes yes yes yes
##$SHL_CALCINTEG= (0..15)
yes yes yes yes yes yes yes yes yes yes yes yes yes yes yes yes
##$SHL_CENTERAMP= (0..15)
0 0 0 0 0 0 0 0 0 0 0 0 0 0 0 0
##$SHL_CYCNUM= (0..15)
0 0 0 0 0 0 0 0 0 0 0 0 0 0 0 0
##$SHL_DIPOLCPL= (0..15)
0 0 0 0 0 0 0 0 0 0 0 0 0 0 0 0
##$SHL_ENDAMP= (0..15)
0 0 0 0 0 0 0 0 0 0 0 0 0 0 0 0
##$SHL_EXMODE= (0..15)
<Excitation> <> <> <> <> <> <> <> <> <> <> <> <> <> <> <>
##$SHL_EXPAND= (0..15)
<> <> <> <> <> <> <> <> <> <> <> <> <> <> <> <>
##$SHL_EXPANDCF0= (0..143)
0 0 0 0 0 0 0 0 0 0 0 0 0 0 0 0 0 0 0 0 0 0 0 0 0 0 0 0 0 0 0 0 0 0 0 0
0 0 0 0 0 0 0 0 0 0 0 0 0 0 0 0 0 0 0 0 0 0 0 0 0 0 0 0 0 0 0 0 0 0 0 0
0 0 0 0 0 0 0 0 0 0 0 0 0 0 0 0 0 0 0 0 0 0 0 0 0 0 0 0 0 0 0 0 0 0 0 0
0 0 0 0 0 0 0 0 0 0 0 0 0 0 0 0 0 0 0 0 0 0 0 0 0 0 0 0 0 0 0 0 0 0 0 0
##$SHL_EXPANDCF1= (0..143)
0 0 0 0 0 0 0 0 0 0 0 0 0 0 0 0 0 0 0 0 0 0 0 0 0 0 0 0 0 0 0 0 0 0 0 0
0 0 0 0 0 0 0 0 0 0 0 0 0 0 0 0 0 0 0 0 0 0 0 0 0 0 0 0 0 0 0 0 0 0 0 0
0 0 0 0 0 0 0 0 0 0 0 0 0 0 0 0 0 0 0 0 0 0 0 0 0 0 0 0 0 0 0 0 0 0 0 0
0 0 0 0 0 0 0 0 0 0 0 0 0 0 0 0 0 0 0 0 0 0 0 0 0 0 0 0 0 0 0 0 0 0 0 0
##$SHL_EXPANDCF10= (0..143)
0 0 0 0 0 0 0 0 0 0 0 0 0 0 0 0 0 0 0 0 0 0 0 0 0 0 0 0 0 0 0 0 0 0 0 0
0 0 0 0 0 0 0 0 0 0 0 0 0 0 0 0 0 0 0 0 0 0 0 0 0 0 0 0 0 0 0 0 0 0 0 0
0 0 0 0 0 0 0 0 0 0 0 0 0 0 0 0 0 0 0 0 0 0 0 0 0 0 0 0 0 0 0 0 0 0 0 0
0 0 0 0 0 0 0 0 0 0 0 0 0 0 0 0 0 0 0 0 0 0 0 0 0 0 0 0 0 0 0 0 0 0 0 0
##$SHL_EXPANDCF11= (0..143)
0 0 0 0 0 0 0 0 0 0 0 0 0 0 0 0 0 0 0 0 0 0 0 0 0 0 0 0 0 0 0 0 0 0 0 0
0 0 0 0 0 0 0 0 0 0 0 0 0 0 0 0 0 0 0 0 0 0 0 0 0 0 0 0 0 0 0 0 0 0 0 0
0 0 0 0 0 0 0 0 0 0 0 0 0 0 0 0 0 0 0 0 0 0 0 0 0 0 0 0 0 0 0 0 0 0 0 0
0 0 0 0 0 0 0 0 0 0 0 0 0 0 0 0 0 0 0 0 0 0 0 0 0 0 0 0 0 0 0 0 0 0 0 0
##$SHL_EXPANDCF12= (0..143)
0 0 0 0 0 0 0 0 0 0 0 0 0 0 0 0 0 0 0 0 0 0 0 0 0 0 0 0 0 0 0 0 0 0 0 0
0 0 0 0 0 0 0 0 0 0 0 0 0 0 0 0 0 0 0 0 0 0 0 0 0 0 0 0 0 0 0 0 0 0 0 0
0 0 0 0 0 0 0 0 0 0 0 0 0 0 0 0 0 0 0 0 0 0 0 0 0 0 0 0 0 0 0 0 0 0 0 0
0 0 0 0 0 0 0 0 0 0 0 0 0 0 0 0 0 0 0 0 0 0 0 0 0 0 0 0 0 0 0 0 0 0 0 0
##$SHL_EXPANDCF13= (0..143)
0 0 0 0 0 0 0 0 0 0 0 0 0 0 0 0 0 0 0 0 0 0 0 0 0 0 0 0 0 0 0 0 0 0 0 0
0 0 0 0 0 0 0 0 0 0 0 0 0 0 0 0 0 0 0 0 0 0 0 0 0 0 0 0 0 0 0 0 0 0 0 0
0 0 0 0 0 0 0 0 0 0 0 0 0 0 0 0 0 0 0 0 0 0 0 0 0 0 0 0 0 0 0 0 0 0 0 0
0 0 0 0 0 0 0 0 0 0 0 0 0 0 0 0 0 0 0 0 0 0 0 0 0 0 0 0 0 0 0 0 0 0 0 0
##$SHL_EXPANDCF14= (0..143)
0 0 0 0 0 0 0 0 0 0 0 0 0 0 0 0 0 0 0 0 0 0 0 0 0 0 0 0 0 0 0 0 0 0 0 0
0 0 0 0 0 0 0 0 0 0 0 0 0 0 0 0 0 0 0 0 0 0 0 0 0 0 0 0 0 0 0 0 0 0 0 0
0 0 0 0 0 0 0 0 0 0 0 0 0 0 0 0 0 0 0 0 0 0 0 0 0 0 0 0 0 0 0 0 0 0 0 0
0 0 0 0 0 0 0 0 0 0 0 0 0 0 0 0 0 0 0 0 0 0 0 0 0 0 0 0 0 0 0 0 0 0 0 0
##$SHL_EXPANDCF15= (0..143)
0 0 0 0 0 0 0 0 0 0 0 0 0 0 0 0 0 0 0 0 0 0 0 0 0 0 0 0 0 0 0 0 0 0 0 0
0 0 0 0 0 0 0 0 0 0 0 0 0 0 0 0 0 0 0 0 0 0 0 0 0 0 0 0 0 0 0 0 0 0 0 0
0 0 0 0 0 0 0 0 0 0 0 0 0 0 0 0 0 0 0 0 0 0 0 0 0 0 0 0 0 0 0 0 0 0 0 0
0 0 0 0 0 0 0 0 0 0 0 0 0 0 0 0 0 0 0 0 0 0 0 0 0 0 0 0 0 0 0 0 0 0 0 0
##$SHL_EXPANDCF2= (0..143)
0 0 0 0 0 0 0 0 0 0 0 0 0 0 0 0 0 0 0 0 0 0 0 0 0 0 0 0 0 0 0 0 0 0 0 0
0 0 0 0 0 0 0 0 0 0 0 0 0 0 0 0 0 0 0 0 0 0 0 0 0 0 0 0 0 0 0 0 0 0 0 0
0 0 0 0 0 0 0 0 0 0 0 0 0 0 0 0 0 0 0 0 0 0 0 0 0 0 0 0 0 0 0 0 0 0 0 0
0 0 0 0 0 0 0 0 0 0 0 0 0 0 0 0 0 0 0 0 0 0 0 0 0 0 0 0 0 0 0 0 0 0 0 0
##$SHL_EXPANDCF3= (0..143)
0 0 0 0 0 0 0 0 0 0 0 0 0 0 0 0 0 0 0 0 0 0 0 0 0 0 0 0 0 0 0 0 0 0 0 0
0 0 0 0 0 0 0 0 0 0 0 0 0 0 0 0 0 0 0 0 0 0 0 0 0 0 0 0 0 0 0 0 0 0 0 0
0 0 0 0 0 0 0 0 0 0 0 0 0 0 0 0 0 0 0 0 0 0 0 0 0 0 0 0 0 0 0 0 0 0 0 0
0 0 0 0 0 0 0 0 0 0 0 0 0 0 0 0 0 0 0 0 0 0 0 0 0 0 0 0 0 0 0 0 0 0 0 0
##$SHL_EXPANDCF4= (0..143)
0 0 0 0 0 0 0 0 0 0 0 0 0 0 0 0 0 0 0 0 0 0 0 0 0 0 0 0 0 0 0 0 0 0 0 0
0 0 0 0 0 0 0 0 0 0 0 0 0 0 0 0 0 0 0 0 0 0 0 0 0 0 0 0 0 0 0 0 0 0 0 0
0 0 0 0 0 0 0 0 0 0 0 0 0 0 0 0 0 0 0 0 0 0 0 0 0 0 0 0 0 0 0 0 0 0 0 0
0 0 0 0 0 0 0 0 0 0 0 0 0 0 0 0 0 0 0 0 0 0 0 0 0 0 0 0 0 0 0 0 0 0 0 0
##$SHL_EXPANDCF5= (0..143)
0 0 0 0 0 0 0 0 0 0 0 0 0 0 0 0 0 0 0 0 0 0 0 0 0 0 0 0 0 0 0 0 0 0 0 0
0 0 0 0 0 0 0 0 0 0 0 0 0 0 0 0 0 0 0 0 0 0 0 0 0 0 0 0 0 0 0 0 0 0 0 0
0 0 0 0 0 0 0 0 0 0 0 0 0 0 0 0 0 0 0 0 0 0 0 0 0 0 0 0 0 0 0 0 0 0 0 0
0 0 0 0 0 0 0 0 0 0 0 0 0 0 0 0 0 0 0 0 0 0 0 0 0 0 0 0 0 0 0 0 0 0 0 0
##$SHL_EXPANDCF6= (0..143)
0 0 0 0 0 0 0 0 0 0 0 0 0 0 0 0 0 0 0 0 0 0 0 0 0 0 0 0 0 0 0 0 0 0 0 0
0 0 0 0 0 0 0 0 0 0 0 0 0 0 0 0 0 0 0 0 0 0 0 0 0 0 0 0 0 0 0 0 0 0 0 0
0 0 0 0 0 0 0 0 0 0 0 0 0 0 0 0 0 0 0 0 0 0 0 0 0 0 0 0 0 0 0 0 0 0 0 0
0 0 0 0 0 0 0 0 0 0 0 0 0 0 0 0 0 0 0 0 0 0 0 0 0 0 0 0 0 0 0 0 0 0 0 0
##$SHL_EXPANDCF7= (0..143)
0 0 0 0 0 0 0 0 0 0 0 0 0 0 0 0 0 0 0 0 0 0 0 0 0 0 0 0 0 0 0 0 0 0 0 0
0 0 0 0 0 0 0 0 0 0 0 0 0 0 0 0 0 0 0 0 0 0 0 0 0 0 0 0 0 0 0 0 0 0 0 0
0 0 0 0 0 0 0 0 0 0 0 0 0 0 0 0 0 0 0 0 0 0 0 0 0 0 0 0 0 0 0 0 0 0 0 0
0 0 0 0 0 0 0 0 0 0 0 0 0 0 0 0 0 0 0 0 0 0 0 0 0 0 0 0 0 0 0 0 0 0 0 0
##$SHL_EXPANDCF8= (0..143)
0 0 0 0 0 0 0 0 0 0 0 0 0 0 0 0 0 0 0 0 0 0 0 0 0 0 0 0 0 0 0 0 0 0 0 0
0 0 0 0 0 0 0 0 0 0 0 0 0 0 0 0 0 0 0 0 0 0 0 0 0 0 0 0 0 0 0 0 0 0 0 0
0 0 0 0 0 0 0 0 0 0 0 0 0 0 0 0 0 0 0 0 0 0 0 0 0 0 0 0 0 0 0 0 0 0 0 0
0 0 0 0 0 0 0 0 0 0 0 0 0 0 0 0 0 0 0 0 0 0 0 0 0 0 0 0 0 0 0 0 0 0 0 0
##$SHL_EXPANDCF9= (0..143)
0 0 0 0 0 0 0 0 0 0 0 0 0 0 0 0 0 0 0 0 0 0 0 0 0 0 0 0 0 0 0 0 0 0 0 0
0 0 0 0 0 0 0 0 0 0 0 0 0 0 0 0 0 0 0 0 0 0 0 0 0 0 0 0 0 0 0 0 0 0 0 0
0 0 0 0 0 0 0 0 0 0 0 0 0 0 0 0 0 0 0 0 0 0 0 0 0 0 0 0 0 0 0 0 0 0 0 0
0 0 0 0 0 0 0 0 0 0 0 0 0 0 0 0 0 0 0 0 0 0 0 0 0 0 0 0 0 0 0 0 0 0 0 0
##$SHL_EXPFAC= (0..15)
0 0 0 0 0 0 0 0 0 0 0 0 0 0 0 0
##$SHL_FRACEND= (0..15)
0 0 0 0 0 0 0 0 0 0 0 0 0 0 0 0
##$SHL_FRACORG= (0..15)
0 0 0 0 0 0 0 0 0 0 0 0 0 0 0 0
##$SHL_FRACSTART= (0..15)
0 0 0 0 0 0 0 0 0 0 0 0 0 0 0 0
##$SHL_FULLHALF= (0..15)
0 0 0 0 0 0 0 0 0 0 0 0 0 0 0 0
##$SHL_FUNCAMP= (0..15)
100 0 0 0 0 0 0 0 0 0 0 0 0 0 0 0
##$SHL_FUNCTION= (0..15)
<Rectangle> <> <> <> <> <> <> <> <> <> <> <> <> <> <> <>
##$SHL_GCO= (0..15)
<> <> <> <> <> <> <> <> <> <> <> <> <> <> <> <>
##$SHL_GCOCOEFFS0= (0..59)
0 0 0 0 0 0 0 0 0 0 0 0 0 0 0 0 0 0 0 0 0 0 0 0 0 0 0 0 0 0 0 0 0 0 0 0
0 0 0 0 0 0 0 0 0 0 0 0 0 0 0 0 0 0 0 0 0 0 0 0
##$SHL_GCOCOEFFS1= (0..59)
0 0 0 0 0 0 0 0 0 0 0 0 0 0 0 0 0 0 0 0 0 0 0 0 0 0 0 0 0 0 0 0 0 0 0 0
0 0 0 0 0 0 0 0 0 0 0 0 0 0 0 0 0 0 0 0 0 0 0 0
##$SHL_GCOCOEFFS10= (0..59)
0 0 0 0 0 0 0 0 0 0 0 0 0 0 0 0 0 0 0 0 0 0 0 0 0 0 0 0 0 0 0 0 0 0 0 0
0 0 0 0 0 0 0 0 0 0 0 0 0 0 0 0 0 0 0 0 0 0 0 0
##$SHL_GCOCOEFFS11= (0..59)
0 0 0 0 0 0 0 0 0 0 0 0 0 0 0 0 0 0 0 0 0 0 0 0 0 0 0 0 0 0 0 0 0 0 0 0
0 0 0 0 0 0 0 0 0 0 0 0 0 0 0 0 0 0 0 0 0 0 0 0
##$SHL_GCOCOEFFS12= (0..59)
0 0 0 0 0 0 0 0 0 0 0 0 0 0 0 0 0 0 0 0 0 0 0 0 0 0 0 0 0 0 0 0 0 0 0 0
0 0 0 0 0 0 0 0 0 0 0 0 0 0 0 0 0 0 0 0 0 0 0 0
##$SHL_GCOCOEFFS13= (0..59)
0 0 0 0 0 0 0 0 0 0 0 0 0 0 0 0 0 0 0 0 0 0 0 0 0 0 0 0 0 0 0 0 0 0 0 0
0 0 0 0 0 0 0 0 0 0 0 0 0 0 0 0 0 0 0 0 0 0 0 0
##$SHL_GCOCOEFFS14= (0..59)
0 0 0 0 0 0 0 0 0 0 0 0 0 0 0 0 0 0 0 0 0 0 0 0 0 0 0 0 0 0 0 0 0 0 0 0
0 0 0 0 0 0 0 0 0 0 0 0 0 0 0 0 0 0 0 0 0 0 0 0
##$SHL_GCOCOEFFS15= (0..59)
0 0 0 0 0 0 0 0 0 0 0 0 0 0 0 0 0 0 0 0 0 0 0 0 0 0 0 0 0 0 0 0 0 0 0 0
0 0 0 0 0 0 0 0 0 0 0 0 0 0 0 0 0 0 0 0 0 0 0 0
##$SHL_GCOCOEFFS2= (0..59)
0 0 0 0 0 0 0 0 0 0 0 0 0 0 0 0 0 0 0 0 0 0 0 0 0 0 0 0 0 0 0 0 0 0 0 0
0 0 0 0 0 0 0 0 0 0 0 0 0 0 0 0 0 0 0 0 0 0 0 0
##$SHL_GCOCOEFFS3= (0..59)
0 0 0 0 0 0 0 0 0 0 0 0 0 0 0 0 0 0 0 0 0 0 0 0 0 0 0 0 0 0 0 0 0 0 0 0
0 0 0 0 0 0 0 0 0 0 0 0 0 0 0 0 0 0 0 0 0 0 0 0
##$SHL_GCOCOEFFS4= (0..59)
0 0 0 0 0 0 0 0 0 0 0 0 0 0 0 0 0 0 0 0 0 0 0 0 0 0 0 0 0 0 0 0 0 0 0 0
0 0 0 0 0 0 0 0 0 0 0 0 0 0 0 0 0 0 0 0 0 0 0 0
##$SHL_GCOCOEFFS5= (0..59)
0 0 0 0 0 0 0 0 0 0 0 0 0 0 0 0 0 0 0 0 0 0 0 0 0 0 0 0 0 0 0 0 0 0 0 0
0 0 0 0 0 0 0 0 0 0 0 0 0 0 0 0 0 0 0 0 0 0 0 0
##$SHL_GCOCOEFFS6= (0..59)
0 0 0 0 0 0 0 0 0 0 0 0 0 0 0 0 0 0 0 0 0 0 0 0 0 0 0 0 0 0 0 0 0 0 0 0
0 0 0 0 0 0 0 0 0 0 0 0 0 0 0 0 0 0 0 0 0 0 0 0
##$SHL_GCOCOEFFS7= (0..59)
0 0 0 0 0 0 0 0 0 0 0 0 0 0 0 0 0 0 0 0 0 0 0 0 0 0 0 0 0 0 0 0 0 0 0 0
0 0 0 0 0 0 0 0 0 0 0 0 0 0 0 0 0 0 0 0 0 0 0 0
##$SHL_GCOCOEFFS8= (0..59)
0 0 0 0 0 0 0 0 0 0 0 0 0 0 0 0 0 0 0 0 0 0 0 0 0 0 0 0 0 0 0 0 0 0 0 0
0 0 0 0 0 0 0 0 0 0 0 0 0 0 0 0 0 0 0 0 0 0 0 0
##$SHL_GCOCOEFFS9= (0..59)
0 0 0 0 0 0 0 0 0 0 0 0 0 0 0 0 0 0 0 0 0 0 0 0 0 0 0 0 0 0 0 0 0 0 0 0
0 0 0 0 0 0 0 0 0 0 0 0 0 0 0 0 0 0 0 0 0 0 0 0
##$SHL_INTEGFAC= (0..15)
1 0 0 0 0 0 0 0 0 0 0 0 0 0 0 0
##$SHL_LB= (0..15)
0 0 0 0 0 0 0 0 0 0 0 0 0 0 0 0
##$SHL_LEFTLIMIT= (0..15)
0 0 0 0 0 0 0 0 0 0 0 0 0 0 0 0
##$SHL_LENGTH= (0..15)
25000.000373 0 0 0 0 0 0 0 0 0 0 0 0 0 0 0
##$SHL_MAN= (0..15)
<> <> <> <> <> <> <> <> <> <> <> <> <> <> <> <>
##$SHL_MEANAMP= (0..15)
0 0 0 0 0 0 0 0 0 0 0 0 0 0 0 0
##$SHL_MODAMP= (0..15)
0 0 0 0 0 0 0 0 0 0 0 0 0 0 0 0
##$SHL_MODE= (0..15)
0 0 0 0 0 0 0 0 0 0 0 0 0 0 0 0
##$SHL_MODFREQ= (0..15)
0 0 0 0 0 0 0 0 0 0 0 0 0 0 0 0
##$SHL_MODPHASE= (0..15)
0 0 0 0 0 0 0 0 0 0 0 0 0 0 0 0
##$SHL_MODSCALE= (0..15)
0 0 0 0 0 0 0 0 0 0 0 0 0 0 0 0
##$SHL_MODSW= (0..15)
0 0 0 0 0 0 0 0 0 0 0 0 0 0 0 0
##$SHL_MODSWDIR= (0..15)
-1 -1 -1 -1 -1 -1 -1 -1 -1 -1 -1 -1 -1 -1 -1 -1
##$SHL_MU= (0..15)
0 0 0 0 0 0 0 0 0 0 0 0 0 0 0 0
##$SHL_NPOINTS= (0..15)
1250 0 0 0 0 0 0 0 0 0 0 0 0 0 0 0
##$SHL_OFFS= (0..15)
<> <> <> <> <> <> <> <> <> <> <> <> <> <> <> <>
##$SHL_OFFSCOEFF0= (0..95)
0 0 0 0 0 0 0 0 0 0 0 0 0 0 0 0 0 0 0 0 0 0 0 0 0 0 0 0 0 0 0 0 0 0 0 0
0 0 0 0 0 0 0 0 0 0 0 0 0 0 0 0 0 0 0 0 0 0 0 0 0 0 0 0 0 0 0 0 0 0 0 0
0 0 0 0 0 0 0 0 0 0 0 0 0 0 0 0 0 0 0 0 0 0 0 0
##$SHL_OFFSCOEFF1= (0..95)
0 0 0 0 0 0 0 0 0 0 0 0 0 0 0 0 0 0 0 0 0 0 0 0 0 0 0 0 0 0 0 0 0 0 0 0
0 0 0 0 0 0 0 0 0 0 0 0 0 0 0 0 0 0 0 0 0 0 0 0 0 0 0 0 0 0 0 0 0 0 0 0
0 0 0 0 0 0 0 0 0 0 0 0 0 0 0 0 0 0 0 0 0 0 0 0
##$SHL_OFFSCOEFF10= (0..95)
0 0 0 0 0 0 0 0 0 0 0 0 0 0 0 0 0 0 0 0 0 0 0 0 0 0 0 0 0 0 0 0 0 0 0 0
0 0 0 0 0 0 0 0 0 0 0 0 0 0 0 0 0 0 0 0 0 0 0 0 0 0 0 0 0 0 0 0 0 0 0 0
0 0 0 0 0 0 0 0 0 0 0 0 0 0 0 0 0 0 0 0 0 0 0 0
##$SHL_OFFSCOEFF11= (0..95)
0 0 0 0 0 0 0 0 0 0 0 0 0 0 0 0 0 0 0 0 0 0 0 0 0 0 0 0 0 0 0 0 0 0 0 0
0 0 0 0 0 0 0 0 0 0 0 0 0 0 0 0 0 0 0 0 0 0 0 0 0 0 0 0 0 0 0 0 0 0 0 0
0 0 0 0 0 0 0 0 0 0 0 0 0 0 0 0 0 0 0 0 0 0 0 0
##$SHL_OFFSCOEFF12= (0..95)
0 0 0 0 0 0 0 0 0 0 0 0 0 0 0 0 0 0 0 0 0 0 0 0 0 0 0 0 0 0 0 0 0 0 0 0
0 0 0 0 0 0 0 0 0 0 0 0 0 0 0 0 0 0 0 0 0 0 0 0 0 0 0 0 0 0 0 0 0 0 0 0
0 0 0 0 0 0 0 0 0 0 0 0 0 0 0 0 0 0 0 0 0 0 0 0
##$SHL_OFFSCOEFF13= (0..95)
0 0 0 0 0 0 0 0 0 0 0 0 0 0 0 0 0 0 0 0 0 0 0 0 0 0 0 0 0 0 0 0 0 0 0 0
0 0 0 0 0 0 0 0 0 0 0 0 0 0 0 0 0 0 0 0 0 0 0 0 0 0 0 0 0 0 0 0 0 0 0 0
0 0 0 0 0 0 0 0 0 0 0 0 0 0 0 0 0 0 0 0 0 0 0 0
##$SHL_OFFSCOEFF14= (0..95)
0 0 0 0 0 0 0 0 0 0 0 0 0 0 0 0 0 0 0 0 0 0 0 0 0 0 0 0 0 0 0 0 0 0 0 0
0 0 0 0 0 0 0 0 0 0 0 0 0 0 0 0 0 0 0 0 0 0 0 0 0 0 0 0 0 0 0 0 0 0 0 0
0 0 0 0 0 0 0 0 0 0 0 0 0 0 0 0 0 0 0 0 0 0 0 0
##$SHL_OFFSCOEFF15= (0..95)
0 0 0 0 0 0 0 0 0 0 0 0 0 0 0 0 0 0 0 0 0 0 0 0 0 0 0 0 0 0 0 0 0 0 0 0
0 0 0 0 0 0 0 0 0 0 0 0 0 0 0 0 0 0 0 0 0 0 0 0 0 0 0 0 0 0 0 0 0 0 0 0
0 0 0 0 0 0 0 0 0 0 0 0 0 0 0 0 0 0 0 0 0 0 0 0
##$SHL_OFFSCOEFF2= (0..95)
0 0 0 0 0 0 0 0 0 0 0 0 0 0 0 0 0 0 0 0 0 0 0 0 0 0 0 0 0 0 0 0 0 0 0 0
0 0 0 0 0 0 0 0 0 0 0 0 0 0 0 0 0 0 0 0 0 0 0 0 0 0 0 0 0 0 0 0 0 0 0 0
0 0 0 0 0 0 0 0 0 0 0 0 0 0 0 0 0 0 0 0 0 0 0 0
##$SHL_OFFSCOEFF3= (0..95)
0 0 0 0 0 0 0 0 0 0 0 0 0 0 0 0 0 0 0 0 0 0 0 0 0 0 0 0 0 0 0 0 0 0 0 0
0 0 0 0 0 0 0 0 0 0 0 0 0 0 0 0 0 0 0 0 0 0 0 0 0 0 0 0 0 0 0 0 0 0 0 0
0 0 0 0 0 0 0 0 0 0 0 0 0 0 0 0 0 0 0 0 0 0 0 0
##$SHL_OFFSCOEFF4= (0..95)
0 0 0 0 0 0 0 0 0 0 0 0 0 0 0 0 0 0 0 0 0 0 0 0 0 0 0 0 0 0 0 0 0 0 0 0
0 0 0 0 0 0 0 0 0 0 0 0 0 0 0 0 0 0 0 0 0 0 0 0 0 0 0 0 0 0 0 0 0 0 0 0
0 0 0 0 0 0 0 0 0 0 0 0 0 0 0 0 0 0 0 0 0 0 0 0
##$SHL_OFFSCOEFF5= (0..95)
0 0 0 0 0 0 0 0 0 0 0 0 0 0 0 0 0 0 0 0 0 0 0 0 0 0 0 0 0 0 0 0 0 0 0 0
0 0 0 0 0 0 0 0 0 0 0 0 0 0 0 0 0 0 0 0 0 0 0 0 0 0 0 0 0 0 0 0 0 0 0 0
0 0 0 0 0 0 0 0 0 0 0 0 0 0 0 0 0 0 0 0 0 0 0 0
##$SHL_OFFSCOEFF6= (0..95)
0 0 0 0 0 0 0 0 0 0 0 0 0 0 0 0 0 0 0 0 0 0 0 0 0 0 0 0 0 0 0 0 0 0 0 0
0 0 0 0 0 0 0 0 0 0 0 0 0 0 0 0 0 0 0 0 0 0 0 0 0 0 0 0 0 0 0 0 0 0 0 0
0 0 0 0 0 0 0 0 0 0 0 0 0 0 0 0 0 0 0 0 0 0 0 0
##$SHL_OFFSCOEFF7= (0..95)
0 0 0 0 0 0 0 0 0 0 0 0 0 0 0 0 0 0 0 0 0 0 0 0 0 0 0 0 0 0 0 0 0 0 0 0
0 0 0 0 0 0 0 0 0 0 0 0 0 0 0 0 0 0 0 0 0 0 0 0 0 0 0 0 0 0 0 0 0 0 0 0
0 0 0 0 0 0 0 0 0 0 0 0 0 0 0 0 0 0 0 0 0 0 0 0
##$SHL_OFFSCOEFF8= (0..95)
0 0 0 0 0 0 0 0 0 0 0 0 0 0 0 0 0 0 0 0 0 0 0 0 0 0 0 0 0 0 0 0 0 0 0 0
0 0 0 0 0 0 0 0 0 0 0 0 0 0 0 0 0 0 0 0 0 0 0 0 0 0 0 0 0 0 0 0 0 0 0 0
0 0 0 0 0 0 0 0 0 0 0 0 0 0 0 0 0 0 0 0 0 0 0 0
##$SHL_OFFSCOEFF9= (0..95)
0 0 0 0 0 0 0 0 0 0 0 0 0 0 0 0 0 0 0 0 0 0 0 0 0 0 0 0 0 0 0 0 0 0 0 0
0 0 0 0 0 0 0 0 0 0 0 0 0 0 0 0 0 0 0 0 0 0 0 0 0 0 0 0 0 0 0 0 0 0 0 0
0 0 0 0 0 0 0 0 0 0 0 0 0 0 0 0 0 0 0 0 0 0 0 0
##$SHL_PHASE= (0..15)
0 0 0 0 0 0 0 0 0 0 0 0 0 0 0 0
##$SHL_PHASEFAC= (0..15)
0 0 0 0 0 0 0 0 0 0 0 0 0 0 0 0
##$SHL_POWERINDEX= (0..15)
0 0 0 0 0 0 0 0 0 0 0 0 0 0 0 0
##$SHL_QUADCOEFF= (0..15)
0 0 0 0 0 0 0 0 0 0 0 0 0 0 0 0
##$SHL_RIGHTLIMIT= (0..15)
0 0 0 0 0 0 0 0 0 0 0 0 0 0 0 0
##$SHL_SCALEFACTOR= (0..15)
1 1 1 1 1 1 1 1 1 1 1 1 1 1 1 1
##$SHL_SF= (0..15)
<> <> <> <> <> <> <> <> <> <> <> <> <> <> <> <>
##$SHL_SFCOEFFS0= (0..200)
0 0 0 0 0 0 0 0 0 0 0 0 0 0 0 0 0 0 0 0 0 0 0 0 0 0 0 0 0 0 0 0 0 0 0 0
0 0 0 0 0 0 0 0 0 0 0 0 0 0 0 0 0 0 0 0 0 0 0 0 0 0 0 0 0 0 0 0 0 0 0 0
0 0 0 0 0 0 0 0 0 0 0 0 0 0 0 0 0 0 0 0 0 0 0 0 0 0 0 0 0 0 0 0 0 0 0 0
0 0 0 0 0 0 0 0 0 0 0 0 0 0 0 0 0 0 0 0 0 0 0 0 0 0 0 0 0 0 0 0 0 0 0 0
0 0 0 0 0 0 0 0 0 0 0 0 0 0 0 0 0 0 0 0 0 0 0 0 0 0 0 0 0 0 0 0 0 0 0 0
0 0 0 0 0 0 0 0 0 0 0 0 0 0 0 0 0 0 0 0 0
##$SHL_SFCOEFFS1= (0..200)
0 0 0 0 0 0 0 0 0 0 0 0 0 0 0 0 0 0 0 0 0 0 0 0 0 0 0 0 0 0 0 0 0 0 0 0
0 0 0 0 0 0 0 0 0 0 0 0 0 0 0 0 0 0 0 0 0 0 0 0 0 0 0 0 0 0 0 0 0 0 0 0
0 0 0 0 0 0 0 0 0 0 0 0 0 0 0 0 0 0 0 0 0 0 0 0 0 0 0 0 0 0 0 0 0 0 0 0
0 0 0 0 0 0 0 0 0 0 0 0 0 0 0 0 0 0 0 0 0 0 0 0 0 0 0 0 0 0 0 0 0 0 0 0
0 0 0 0 0 0 0 0 0 0 0 0 0 0 0 0 0 0 0 0 0 0 0 0 0 0 0 0 0 0 0 0 0 0 0 0
0 0 0 0 0 0 0 0 0 0 0 0 0 0 0 0 0 0 0 0 0
##$SHL_SFCOEFFS10= (0..200)
0 0 0 0 0 0 0 0 0 0 0 0 0 0 0 0 0 0 0 0 0 0 0 0 0 0 0 0 0 0 0 0 0 0 0 0
0 0 0 0 0 0 0 0 0 0 0 0 0 0 0 0 0 0 0 0 0 0 0 0 0 0 0 0 0 0 0 0 0 0 0 0
0 0 0 0 0 0 0 0 0 0 0 0 0 0 0 0 0 0 0 0 0 0 0 0 0 0 0 0 0 0 0 0 0 0 0 0
0 0 0 0 0 0 0 0 0 0 0 0 0 0 0 0 0 0 0 0 0 0 0 0 0 0 0 0 0 0 0 0 0 0 0 0
0 0 0 0 0 0 0 0 0 0 0 0 0 0 0 0 0 0 0 0 0 0 0 0 0 0 0 0 0 0 0 0 0 0 0 0
0 0 0 0 0 0 0 0 0 0 0 0 0 0 0 0 0 0 0 0 0
##$SHL_SFCOEFFS11= (0..200)
0 0 0 0 0 0 0 0 0 0 0 0 0 0 0 0 0 0 0 0 0 0 0 0 0 0 0 0 0 0 0 0 0 0 0 0
0 0 0 0 0 0 0 0 0 0 0 0 0 0 0 0 0 0 0 0 0 0 0 0 0 0 0 0 0 0 0 0 0 0 0 0
0 0 0 0 0 0 0 0 0 0 0 0 0 0 0 0 0 0 0 0 0 0 0 0 0 0 0 0 0 0 0 0 0 0 0 0
0 0 0 0 0 0 0 0 0 0 0 0 0 0 0 0 0 0 0 0 0 0 0 0 0 0 0 0 0 0 0 0 0 0 0 0
0 0 0 0 0 0 0 0 0 0 0 0 0 0 0 0 0 0 0 0 0 0 0 0 0 0 0 0 0 0 0 0 0 0 0 0
0 0 0 0 0 0 0 0 0 0 0 0 0 0 0 0 0 0 0 0 0
##$SHL_SFCOEFFS12= (0..200)
0 0 0 0 0 0 0 0 0 0 0 0 0 0 0 0 0 0 0 0 0 0 0 0 0 0 0 0 0 0 0 0 0 0 0 0
0 0 0 0 0 0 0 0 0 0 0 0 0 0 0 0 0 0 0 0 0 0 0 0 0 0 0 0 0 0 0 0 0 0 0 0
0 0 0 0 0 0 0 0 0 0 0 0 0 0 0 0 0 0 0 0 0 0 0 0 0 0 0 0 0 0 0 0 0 0 0 0
0 0 0 0 0 0 0 0 0 0 0 0 0 0 0 0 0 0 0 0 0 0 0 0 0 0 0 0 0 0 0 0 0 0 0 0
0 0 0 0 0 0 0 0 0 0 0 0 0 0 0 0 0 0 0 0 0 0 0 0 0 0 0 0 0 0 0 0 0 0 0 0
0 0 0 0 0 0 0 0 0 0 0 0 0 0 0 0 0 0 0 0 0
##$SHL_SFCOEFFS13= (0..200)
0 0 0 0 0 0 0 0 0 0 0 0 0 0 0 0 0 0 0 0 0 0 0 0 0 0 0 0 0 0 0 0 0 0 0 0
0 0 0 0 0 0 0 0 0 0 0 0 0 0 0 0 0 0 0 0 0 0 0 0 0 0 0 0 0 0 0 0 0 0 0 0
0 0 0 0 0 0 0 0 0 0 0 0 0 0 0 0 0 0 0 0 0 0 0 0 0 0 0 0 0 0 0 0 0 0 0 0
0 0 0 0 0 0 0 0 0 0 0 0 0 0 0 0 0 0 0 0 0 0 0 0 0 0 0 0 0 0 0 0 0 0 0 0
0 0 0 0 0 0 0 0 0 0 0 0 0 0 0 0 0 0 0 0 0 0 0 0 0 0 0 0 0 0 0 0 0 0 0 0
0 0 0 0 0 0 0 0 0 0 0 0 0 0 0 0 0 0 0 0 0
##$SHL_SFCOEFFS14= (0..200)
0 0 0 0 0 0 0 0 0 0 0 0 0 0 0 0 0 0 0 0 0 0 0 0 0 0 0 0 0 0 0 0 0 0 0 0
0 0 0 0 0 0 0 0 0 0 0 0 0 0 0 0 0 0 0 0 0 0 0 0 0 0 0 0 0 0 0 0 0 0 0 0
0 0 0 0 0 0 0 0 0 0 0 0 0 0 0 0 0 0 0 0 0 0 0 0 0 0 0 0 0 0 0 0 0 0 0 0
0 0 0 0 0 0 0 0 0 0 0 0 0 0 0 0 0 0 0 0 0 0 0 0 0 0 0 0 0 0 0 0 0 0 0 0
0 0 0 0 0 0 0 0 0 0 0 0 0 0 0 0 0 0 0 0 0 0 0 0 0 0 0 0 0 0 0 0 0 0 0 0
0 0 0 0 0 0 0 0 0 0 0 0 0 0 0 0 0 0 0 0 0
##$SHL_SFCOEFFS15= (0..200)
0 0 0 0 0 0 0 0 0 0 0 0 0 0 0 0 0 0 0 0 0 0 0 0 0 0 0 0 0 0 0 0 0 0 0 0
0 0 0 0 0 0 0 0 0 0 0 0 0 0 0 0 0 0 0 0 0 0 0 0 0 0 0 0 0 0 0 0 0 0 0 0
0 0 0 0 0 0 0 0 0 0 0 0 0 0 0 0 0 0 0 0 0 0 0 0 0 0 0 0 0 0 0 0 0 0 0 0
0 0 0 0 0 0 0 0 0 0 0 0 0 0 0 0 0 0 0 0 0 0 0 0 0 0 0 0 0 0 0 0 0 0 0 0
0 0 0 0 0 0 0 0 0 0 0 0 0 0 0 0 0 0 0 0 0 0 0 0 0 0 0 0 0 0 0 0 0 0 0 0
0 0 0 0 0 0 0 0 0 0 0 0 0 0 0 0 0 0 0 0 0
##$SHL_SFCOEFFS2= (0..200)
0 0 0 0 0 0 0 0 0 0 0 0 0 0 0 0 0 0 0 0 0 0 0 0 0 0 0 0 0 0 0 0 0 0 0 0
0 0 0 0 0 0 0 0 0 0 0 0 0 0 0 0 0 0 0 0 0 0 0 0 0 0 0 0 0 0 0 0 0 0 0 0
0 0 0 0 0 0 0 0 0 0 0 0 0 0 0 0 0 0 0 0 0 0 0 0 0 0 0 0 0 0 0 0 0 0 0 0
0 0 0 0 0 0 0 0 0 0 0 0 0 0 0 0 0 0 0 0 0 0 0 0 0 0 0 0 0 0 0 0 0 0 0 0
0 0 0 0 0 0 0 0 0 0 0 0 0 0 0 0 0 0 0 0 0 0 0 0 0 0 0 0 0 0 0 0 0 0 0 0
0 0 0 0 0 0 0 0 0 0 0 0 0 0 0 0 0 0 0 0 0
##$SHL_SFCOEFFS3= (0..200)
0 0 0 0 0 0 0 0 0 0 0 0 0 0 0 0 0 0 0 0 0 0 0 0 0 0 0 0 0 0 0 0 0 0 0 0
0 0 0 0 0 0 0 0 0 0 0 0 0 0 0 0 0 0 0 0 0 0 0 0 0 0 0 0 0 0 0 0 0 0 0 0
0 0 0 0 0 0 0 0 0 0 0 0 0 0 0 0 0 0 0 0 0 0 0 0 0 0 0 0 0 0 0 0 0 0 0 0
0 0 0 0 0 0 0 0 0 0 0 0 0 0 0 0 0 0 0 0 0 0 0 0 0 0 0 0 0 0 0 0 0 0 0 0
0 0 0 0 0 0 0 0 0 0 0 0 0 0 0 0 0 0 0 0 0 0 0 0 0 0 0 0 0 0 0 0 0 0 0 0
0 0 0 0 0 0 0 0 0 0 0 0 0 0 0 0 0 0 0 0 0
##$SHL_SFCOEFFS4= (0..200)
0 0 0 0 0 0 0 0 0 0 0 0 0 0 0 0 0 0 0 0 0 0 0 0 0 0 0 0 0 0 0 0 0 0 0 0
0 0 0 0 0 0 0 0 0 0 0 0 0 0 0 0 0 0 0 0 0 0 0 0 0 0 0 0 0 0 0 0 0 0 0 0
0 0 0 0 0 0 0 0 0 0 0 0 0 0 0 0 0 0 0 0 0 0 0 0 0 0 0 0 0 0 0 0 0 0 0 0
0 0 0 0 0 0 0 0 0 0 0 0 0 0 0 0 0 0 0 0 0 0 0 0 0 0 0 0 0 0 0 0 0 0 0 0
0 0 0 0 0 0 0 0 0 0 0 0 0 0 0 0 0 0 0 0 0 0 0 0 0 0 0 0 0 0 0 0 0 0 0 0
0 0 0 0 0 0 0 0 0 0 0 0 0 0 0 0 0 0 0 0 0
##$SHL_SFCOEFFS5= (0..200)
0 0 0 0 0 0 0 0 0 0 0 0 0 0 0 0 0 0 0 0 0 0 0 0 0 0 0 0 0 0 0 0 0 0 0 0
0 0 0 0 0 0 0 0 0 0 0 0 0 0 0 0 0 0 0 0 0 0 0 0 0 0 0 0 0 0 0 0 0 0 0 0
0 0 0 0 0 0 0 0 0 0 0 0 0 0 0 0 0 0 0 0 0 0 0 0 0 0 0 0 0 0 0 0 0 0 0 0
0 0 0 0 0 0 0 0 0 0 0 0 0 0 0 0 0 0 0 0 0 0 0 0 0 0 0 0 0 0 0 0 0 0 0 0
0 0 0 0 0 0 0 0 0 0 0 0 0 0 0 0 0 0 0 0 0 0 0 0 0 0 0 0 0 0 0 0 0 0 0 0
0 0 0 0 0 0 0 0 0 0 0 0 0 0 0 0 0 0 0 0 0
##$SHL_SFCOEFFS6= (0..200)
0 0 0 0 0 0 0 0 0 0 0 0 0 0 0 0 0 0 0 0 0 0 0 0 0 0 0 0 0 0 0 0 0 0 0 0
0 0 0 0 0 0 0 0 0 0 0 0 0 0 0 0 0 0 0 0 0 0 0 0 0 0 0 0 0 0 0 0 0 0 0 0
0 0 0 0 0 0 0 0 0 0 0 0 0 0 0 0 0 0 0 0 0 0 0 0 0 0 0 0 0 0 0 0 0 0 0 0
0 0 0 0 0 0 0 0 0 0 0 0 0 0 0 0 0 0 0 0 0 0 0 0 0 0 0 0 0 0 0 0 0 0 0 0
0 0 0 0 0 0 0 0 0 0 0 0 0 0 0 0 0 0 0 0 0 0 0 0 0 0 0 0 0 0 0 0 0 0 0 0
0 0 0 0 0 0 0 0 0 0 0 0 0 0 0 0 0 0 0 0 0
##$SHL_SFCOEFFS7= (0..200)
0 0 0 0 0 0 0 0 0 0 0 0 0 0 0 0 0 0 0 0 0 0 0 0 0 0 0 0 0 0 0 0 0 0 0 0
0 0 0 0 0 0 0 0 0 0 0 0 0 0 0 0 0 0 0 0 0 0 0 0 0 0 0 0 0 0 0 0 0 0 0 0
0 0 0 0 0 0 0 0 0 0 0 0 0 0 0 0 0 0 0 0 0 0 0 0 0 0 0 0 0 0 0 0 0 0 0 0
0 0 0 0 0 0 0 0 0 0 0 0 0 0 0 0 0 0 0 0 0 0 0 0 0 0 0 0 0 0 0 0 0 0 0 0
0 0 0 0 0 0 0 0 0 0 0 0 0 0 0 0 0 0 0 0 0 0 0 0 0 0 0 0 0 0 0 0 0 0 0 0
0 0 0 0 0 0 0 0 0 0 0 0 0 0 0 0 0 0 0 0 0
##$SHL_SFCOEFFS8= (0..200)
0 0 0 0 0 0 0 0 0 0 0 0 0 0 0 0 0 0 0 0 0 0 0 0 0 0 0 0 0 0 0 0 0 0 0 0
0 0 0 0 0 0 0 0 0 0 0 0 0 0 0 0 0 0 0 0 0 0 0 0 0 0 0 0 0 0 0 0 0 0 0 0
0 0 0 0 0 0 0 0 0 0 0 0 0 0 0 0 0 0 0 0 0 0 0 0 0 0 0 0 0 0 0 0 0 0 0 0
0 0 0 0 0 0 0 0 0 0 0 0 0 0 0 0 0 0 0 0 0 0 0 0 0 0 0 0 0 0 0 0 0 0 0 0
0 0 0 0 0 0 0 0 0 0 0 0 0 0 0 0 0 0 0 0 0 0 0 0 0 0 0 0 0 0 0 0 0 0 0 0
0 0 0 0 0 0 0 0 0 0 0 0 0 0 0 0 0 0 0 0 0
##$SHL_SFCOEFFS9= (0..200)
0 0 0 0 0 0 0 0 0 0 0 0 0 0 0 0 0 0 0 0 0 0 0 0 0 0 0 0 0 0 0 0 0 0 0 0
0 0 0 0 0 0 0 0 0 0 0 0 0 0 0 0 0 0 0 0 0 0 0 0 0 0 0 0 0 0 0 0 0 0 0 0
0 0 0 0 0 0 0 0 0 0 0 0 0 0 0 0 0 0 0 0 0 0 0 0 0 0 0 0 0 0 0 0 0 0 0 0
0 0 0 0 0 0 0 0 0 0 0 0 0 0 0 0 0 0 0 0 0 0 0 0 0 0 0 0 0 0 0 0 0 0 0 0
0 0 0 0 0 0 0 0 0 0 0 0 0 0 0 0 0 0 0 0 0 0 0 0 0 0 0 0 0 0 0 0 0 0 0 0
0 0 0 0 0 0 0 0 0 0 0 0 0 0 0 0 0 0 0 0 0
##$SHL_SMOOTHED= (0..15)
0 0 0 0 0 0 0 0 0 0 0 0 0 0 0 0
##$SHL_SMOOTHING= (0..15)
0 0 0 0 0 0 0 0 0 0 0 0 0 0 0 0
##$SHL_SPOAL= (0..15)
0 0 0 0 0 0 0 0 0 0 0 0 0 0 0 0
##$SHL_SPOFFS= (0..15)
0 0 0 0 0 0 0 0 0 0 0 0 0 0 0 0
##$SHL_SPOPH= (0..15)
0 0 0 0 0 0 0 0 0 0 0 0 0 0 0 0
##$SHL_STARTAMP= (0..15)
0 0 0 0 0 0 0 0 0 0 0 0 0 0 0 0
##$SHL_SW= (0..15)
0 0 0 0 0 0 0 0 0 0 0 0 0 0 0 0
##$SHL_SWDIR= (0..15)
-1 -1 -1 -1 -1 -1 -1 -1 -1 -1 -1 -1 -1 -1 -1 -1
##$SHL_TANKAPPA= (0..15)
0 0 0 0 0 0 0 0 0 0 0 0 0 0 0 0
##$SHL_TOTROT= (0..15)
90 0 0 0 0 0 0 0 0 0 0 0 0 0 0 0
##$SHL_TRUNCLEV= (0..15)
0 0 0 0 0 0 0 0 0 0 0 0 0 0 0 0
##$SHL_TYPE= (0..15)
<Excitation> <> <> <> <> <> <> <> <> <> <> <> <> <> <> <>
##$SHL_WINDOWSIZE= (0..15)
0 0 0 0 0 0 0 0 0 0 0 0 0 0 0 0
##$SHL_ZETA= (0..15)
0 0 0 0 0 0 0 0 0 0 0 0 0 0 0 0
##NPOINTS= 1250
##XYPOINTS= (XY..XY)
44.395746, 112.382024
43.743721, 114.269027
43.097902, 116.179918
42.458849, 118.115326
41.827128, 120.075875
41.203319, 122.062171
40.588007, 124.074807
39.981787, 126.114349
39.385259, 128.181335
38.799031, 130.276266
38.223718, 132.399601
37.659935, 134.551746
37.108304, 136.733049
36.569447, 138.943788
36.043982, 141.184165
35.532529, 143.454293
35.035700, 145.754187
34.554098, 148.083757
34.088317, 150.442793
33.638937, 152.830958
33.206518, 155.247781
32.791603, 157.692644
32.394705, 160.164779
32.016311, 162.663259
31.656874, 165.186994
31.316809, 167.734730
30.996491, 170.305051
30.696246, 172.896374
30.416354, 175.506962
30.157038, 178.134927
29.918468, 180.778239
29.700751, 183.434746
29.503933, 186.102183
29.327996, 188.778191
29.172857, 191.460341
29.038366, 194.146152
28.924308, 196.833117
28.830402, 199.518724
28.756305, 202.200481
28.701611, 204.875938
28.665856, 207.542712
28.648523, 210.198505
28.649040, 212.841126
28.666791, 215.468503
28.701117, 218.078702
28.751324, 220.669935
28.816681, 223.240571
28.896436, 225.789140
28.989809, 228.314337
29.096009, 230.815023
29.214227, 233.290222
29.343652, 235.739120
29.483465, 238.161057
29.632850, 240.555521
29.790994, 242.922142
29.957094, 245.260678
30.130353, 247.571012
30.309990, 249.853137
30.495240, 252.107150
30.685352, 254.333238
30.879595, 256.531671
31.077259, 258.702792
31.277654, 260.847007
31.480112, 262.964779
31.683986, 265.056615
31.888654, 267.123066
32.093515, 269.164711
32.297991, 271.182161
32.501529, 273.176043
32.703597, 275.147004
32.903684, 277.095699
33.101306, 279.022794
33.295995, 280.928955
33.487308, 282.814852
33.674821, 284.681152
33.858132, 286.528517
34.036858, 288.357604
34.210633, 290.169061
34.379114, 291.963528
34.541972, 293.741635
34.698897, 295.504000
34.849598, 297.251228
34.993797, 298.983916
35.131235, 300.702643
35.261666, 302.407980
35.384861, 304.100481
35.500604, 305.780691
35.608693, 307.449138
35.708941, 309.106341
35.801173, 310.752806
35.885228, 312.389024
35.960954, 314.015478
36.028215, 315.632638
36.086884, 317.240963
36.136848, 318.840901
36.178001, 320.432892
36.210250, 322.017365
36.233514, 323.594739
36.247719, 325.165428
36.252802, 326.729833
36.248710, 328.288353
36.235399, 329.841376
36.212834, 331.389286
36.180989, 332.932459
36.139847, 334.471269
36.089399, 336.006083
36.029644, 337.537263
35.960592, 339.065171
35.882256, 340.590163
35.794661, 342.112592
35.697839, 343.632813
35.591828, 345.151177
35.476676, 346.668034
35.352435, 348.183735
35.219167, 349.698631
35.076941, 351.213075
34.925832, 352.727422
34.765923, 354.242027
34.597302, 355.757251
34.420068, 357.273456
34.234323, 358.791012
34.040176, 0.310291
33.837746, 1.831672
33.627155, 3.355539
33.408534, 4.882286
33.182021, 6.412314
32.947759, 7.946032
32.705899, 9.483858
32.456597, 11.026224
32.200020, 12.573570
31.936337, 14.126349
31.665726, 15.685029
31.388373, 17.250090
31.104469, 18.822028
30.814214, 20.401356
30.517814, 21.988605
30.215483, 23.584321
29.907443, 25.189073
29.593921, 26.803449
29.275155, 28.428060
28.951389, 30.063538
28.622878, 31.710541
28.289881, 33.369753
27.952669, 35.041883
27.611521, 36.727668
27.266725, 38.427875
26.918579, 40.143301
26.567390, 41.874773
26.213477, 43.623152
25.857166, 45.389329
25.498798, 47.174233
25.138722, 48.978823
24.777301, 50.804094
24.414910, 52.651076
24.051934, 54.520832
23.688774, 56.414458
23.325844, 58.333082
22.963570, 60.277861
22.602394, 62.249980
22.242773, 64.250647
21.885179, 66.281088
21.530097, 68.342542
21.178032, 70.436255
20.829502, 72.563470
20.485040, 74.725420
20.145197, 76.923309
19.810539, 79.158309
19.481646, 81.431535
19.159114, 83.744032
18.843548, 86.096752
18.535571, 88.490536
18.235810, 90.926084
17.944904, 93.403931
17.663496, 95.924420
17.392230, 98.487669
17.131748, 101.093544
16.882690, 103.741626
16.645680, 106.431182
16.421329, 109.161140
16.210227, 111.930062
16.012933, 114.736125
15.829975, 117.577110
15.661835, 120.450392
15.508952, 123.352947
15.371707, 126.281362
15.250420, 129.231858
15.145345, 132.200323
15.056664, 135.182356
14.984482, 138.173320
14.928827, 141.168401
14.889645, 144.162679
14.866801, 147.151193
14.860080, 150.129020
14.869189, 153.091340
14.893763, 156.033506
14.933366, 158.951102
14.987498, 161.840001
15.055604, 164.696403
15.137077, 167.516869
15.231270, 170.298348
15.337498, 173.038183
15.455051, 175.734116
15.583196, 178.384285
15.721189, 180.987205
15.868277, 183.541754
16.023705, 186.047144
16.186722, 188.502896
16.356585, 190.908810
16.532564, 193.264935
16.713941, 195.571538
16.900018, 197.829075
17.090116, 200.038159
17.283577, 202.199539
17.479767, 204.314070
17.678073, 206.382696
17.877909, 208.406424
18.078711, 210.386309
18.279939, 212.323436
18.481079, 214.218912
18.681640, 216.073846
18.881154, 217.889343
19.079176, 219.666498
19.275284, 221.406383
19.469076, 223.110045
19.660173, 224.778501
19.848215, 226.412732
20.032864, 228.013684
20.213798, 229.582259
20.390717, 231.119323
20.563335, 232.625695
20.731386, 234.102153
20.894622, 235.549430
21.052807, 236.968217
21.205726, 238.359160
21.353176, 239.722863
21.494970, 241.059884
21.630936, 242.370744
21.760916, 243.655917
21.884766, 244.915841
22.002355, 246.150911
22.113568, 247.361482
22.218301, 248.547874
22.316465, 249.710366
22.407982, 250.849201
22.492789, 251.964586
22.570835, 253.056692
22.642082, 254.125656
22.706504, 255.171578
22.764091, 256.194529
22.814842, 257.194542
22.858772, 258.171622
22.895907, 259.125739
22.926289, 260.056833
22.949970, 260.964813
22.967018, 261.849558
22.977515, 262.710918
22.981556, 263.548714
22.979251, 264.362736
22.970723, 265.152751
22.956112, 265.918495
22.935573, 266.659681
22.909275, 267.375996
22.877405, 268.067102
22.840164, 268.732639
22.797771, 269.372227
22.750464, 269.985464
22.698494, 270.571933
22.642134, 271.131199
22.581673, 271.662814
22.517420, 272.166321
22.449702, 272.641253
22.378867, 273.087140
22.305281, 273.503513
22.229330, 273.889907
22.151424, 274.245863
22.071988, 274.570942
21.991472, 274.864721
21.910344, 275.126806
21.829094, 275.356837
21.748232, 275.554497
21.668288, 275.719518
21.589810, 275.851692
21.513367, 275.950880
21.439545, 276.017020
21.368944, 276.050140
21.302184, 276.050366
21.239894, 276.017932
21.182717, 275.953194
21.131307, 275.856634
21.086320, 275.728873
21.048422, 275.570679
21.018276, 275.382972
20.996545, 275.166832
20.983884, 274.923501
20.980942, 274.654383
20.988351, 274.361051
21.006727, 274.045232
21.036665, 273.708811
21.078735, 273.353819
21.133473, 272.982419
21.201387, 272.596896
21.282943, 272.199637
21.378569, 271.793111
21.488649, 271.379854
21.613521, 270.962440
21.753473, 270.543458
21.908744, 270.125494
22.079524, 269.711099
22.265948, 269.302772
22.468103, 268.902937
22.686024, 268.513919
22.919695, 268.137931
23.169054, 267.777055
23.433992, 267.433230
23.714358, 267.108241
24.009956, 266.803714
24.320555, 266.521108
24.645889, 266.261715
24.985657, 266.026660
25.339530, 265.816902
25.707155, 265.633243
26.088153, 265.476328
26.482128, 265.346658
26.888663, 265.244595
27.307331, 265.170374
27.737689, 265.124110
28.179286, 265.105809
28.631665, 265.115382
29.094360, 265.152648
29.566903, 265.217350
30.048824, 265.309162
30.539651, 265.427696
31.038912, 265.572515
31.546137, 265.743136
32.060858, 265.939041
32.582611, 266.159682
33.110932, 266.404488
33.645366, 266.672868
34.185458, 266.964219
34.730762, 267.277928
35.280835, 267.613380
35.835238, 267.969955
36.393541, 268.347035
36.955318, 268.744007
37.520148, 269.160265
38.087617, 269.595208
38.657317, 270.048247
39.228845, 270.518804
39.801803, 271.006310
40.375801, 271.510213
40.950452, 272.029972
41.525377, 272.565059
42.100201, 273.114964
42.674554, 273.679187
43.248072, 274.257247
43.820396, 274.848673
44.391173, 275.453014
44.960053, 276.069830
45.526693, 276.698695
46.090752, 277.339199
46.651896, 277.990946
47.209796, 278.653552
47.764125, 279.326646
48.314562, 280.009874
48.860792, 280.702889
49.402501, 281.405359
49.939381, 282.116965
50.471128, 282.837397
50.997443, 283.566357
51.518030, 284.303559
52.032596, 285.048726
52.540855, 285.801592
53.042523, 286.561899
53.537319, 287.329399
54.024969, 288.103854
54.505200, 288.885034
54.977744, 289.672717
55.442338, 290.466688
55.898720, 291.266742
56.346635, 292.072680
56.785830, 292.884310
57.216056, 293.701447
57.637068, 294.523912
58.048627, 295.351533
58.450493, 296.184143
58.842435, 297.021583
59.224223, 297.863696
59.595632, 298.710333
59.956440, 299.561350
60.306429, 300.416606
60.645387, 301.275966
60.973103, 302.139300
61.289372, 303.006480
61.593992, 303.877385
61.886765, 304.751896
62.167499, 305.629897
62.436004, 306.511279
62.692094, 307.395932
62.935589, 308.283753
63.166311, 309.174640
63.384088, 310.068495
63.588750, 310.965221
63.780135, 311.864727
63.958080, 312.766922
64.122432, 313.671719
64.273038, 314.579031
64.409752, 315.488776
64.532430, 316.400873
64.640934, 317.315242
64.735131, 318.231808
64.814891, 319.150494
64.880089, 320.071227
64.930604, 320.993935
64.966322, 321.918547
64.987130, 322.844996
64.992921, 323.773212
64.983595, 324.703131
64.959053, 325.634686
64.919202, 326.567814
64.863954, 327.502451
64.793226, 328.438536
64.706940, 329.376006
64.605020, 330.314802
64.487398, 331.254862
64.354010, 332.196128
64.204795, 333.138541
64.039700, 334.082041
63.858673, 335.026570
63.661670, 335.972071
63.448650, 336.918484
63.219578, 337.865751
62.974424, 338.813814
62.713161, 339.762615
62.435769, 340.712094
62.142231, 341.662191
61.832538, 342.612848
61.506682, 343.564001
61.164664, 344.515591
60.806485, 345.467554
60.432156, 346.419826
60.041690, 347.372341
59.635106, 348.325033
59.212426, 349.277834
58.773681, 350.230671
58.318902, 351.183474
57.848129, 352.136166
57.361406, 353.088669
56.858779, 354.040904
56.340303, 354.992785
55.806036, 355.944225
55.256041, 356.895133
54.690386, 357.845412
54.109143, 358.794961
53.512392, 359.743674
52.900215, 0.691439
52.272700, 1.638137
51.629938, 2.583643
50.972029, 3.527822
50.299075, 4.470533
49.611183, 5.411623
48.908465, 6.350929
48.191040, 7.288276
47.459028, 8.223476
46.712559, 9.156328
45.951763, 10.086611
45.176778, 11.014087
44.387747, 11.938500
43.584816, 12.859568
42.768138, 13.776985
41.937872, 14.690413
41.094179, 15.599484
40.237228, 16.503792
39.367192, 17.402888
38.484252, 18.296275
37.588591, 19.183399
36.680401, 20.063645
35.759878, 20.936322
34.827226, 21.800657
33.882656, 22.655776
32.926385, 23.500692
31.958638, 24.334282
30.979648, 25.155263
29.989659, 25.962165
28.988923, 26.753295
27.977706, 27.526687
26.956284, 28.280053
25.924951, 29.010708
24.884016, 29.715481
23.833811, 30.390605
22.774692, 31.031563
21.707046, 31.632898
20.631299, 32.187953
19.547926, 32.688528
18.457464, 33.124407
17.360533, 33.482706
16.257862, 33.746953
15.150332, 33.895767
14.039032, 33.900920
12.925354, 33.724424
11.811130, 33.314051
10.698865, 32.596231
9.592118, 31.464487
8.496174, 29.760049
7.419257, 27.238561
6.374845, 23.512567
5.386207, 17.956761
4.495239, 9.586892
3.777324, 357.093722
3.351631, 339.770321
3.337610, 319.838534
3.744453, 302.119543
4.461929, 289.185807
5.369556, 280.493849
6.388822, 274.727893
7.475757, 270.866426
8.605954, 268.255997
9.765314, 266.491810
10.945255, 265.319181
12.140274, 264.573112
13.346665, 264.143270
14.561815, 263.953623
15.783804, 263.950320
17.011167, 264.094281
18.242744, 264.356519
19.477591, 264.715117
20.714912, 265.153216
21.954021, 265.657646
23.194313, 266.217980
24.435244, 266.825857
25.676316, 267.474497
26.917067, 268.158349
28.157062, 268.872821
29.395891, 269.614089
30.633159, 270.378937
31.868486, 271.164644
33.101505, 271.968893
34.331858, 272.789698
35.559195, 273.625346
36.783175, 274.474355
38.003461, 275.335432
39.219722, 276.207448
40.431632, 277.089409
41.638868, 277.980440
42.841111, 278.879765
44.038048, 279.786695
45.229365, 280.700614
46.414754, 281.620972
47.593909, 282.547276
48.766525, 283.479081
49.932303, 284.415985
51.090943, 285.357627
52.242150, 286.303676
53.385630, 287.253833
54.521092, 288.207824
55.648247, 289.165401
56.766810, 290.126335
57.876496, 291.090417
58.977023, 292.057453
60.068114, 293.027267
61.149491, 293.999696
62.220881, 294.974587
63.282012, 295.951802
64.332617, 296.931210
65.372429, 297.912691
66.401184, 298.896132
67.418624, 299.881431
68.424490, 300.868489
69.418528, 301.857215
70.400486, 302.847525
71.370116, 303.839339
72.327173, 304.832582
73.271413, 305.827184
74.202598, 306.823079
75.120492, 307.820205
76.024863, 308.818505
76.915480, 309.817922
77.792120, 310.818404
78.654558, 311.819904
79.502577, 312.822372
80.335961, 313.825767
81.154499, 314.830045
81.957982, 315.835168
82.746208, 316.841097
83.518976, 317.847795
84.276089, 318.855230
85.017355, 319.863369
85.742586, 320.872179
86.451597, 321.881632
87.144208, 322.891699
87.820243, 323.902353
88.479529, 324.913567
89.121899, 325.925316
89.747190, 326.937577
90.355241, 327.950326
90.945899, 328.963540
91.519012, 329.977200
92.074435, 330.991283
92.612026, 332.005770
93.131648, 333.020641
93.633168, 334.035878
94.116458, 335.051463
94.581396, 336.067379
95.027863, 337.083607
95.455744, 338.100133
95.864930, 339.116939
96.255317, 340.134011
96.626806, 341.151332
96.979300, 342.168888
97.312711, 343.186665
97.626954, 344.204649
97.921947, 345.222824
98.197615, 346.241179
98.453888, 347.259699
98.690701, 348.278371
98.907993, 349.297183
99.105708, 350.316121
99.283796, 351.335174
99.442212, 352.354328
99.580914, 353.373571
99.699868, 354.392891
99.799042, 355.412277
99.878412, 356.431716
99.937957, 357.451196
99.977663, 358.470706
99.997518, 359.490233
99.997518, 0.509767
99.977663, 1.529294
99.937957, 2.548804
99.878412, 3.568284
99.799042, 4.587723
99.699868, 5.607109
99.580914, 6.626429
99.442212, 7.645672
99.283796, 8.664826
99.105708, 9.683879
98.907993, 10.702817
98.690701, 11.721629
98.453888, 12.740301
98.197615, 13.758821
97.921947, 14.777176
97.626954, 15.795351
97.312711, 16.813335
96.979300, 17.831112
96.626806, 18.848668
96.255317, 19.865989
95.864930, 20.883061
95.455744, 21.899867
95.027863, 22.916393
94.581396, 23.932621
94.116458, 24.948537
93.633168, 25.964122
93.131648, 26.979359
92.612026, 27.994230
92.074435, 29.008717
91.519012, 30.022800
90.945899, 31.036460
90.355241, 32.049674
89.747190, 33.062423
89.121899, 34.074684
88.479529, 35.086433
87.820243, 36.097647
87.144208, 37.108301
86.451597, 38.118368
85.742586, 39.127821
85.017355, 40.136631
84.276089, 41.144770
83.518976, 42.152205
82.746208, 43.158903
81.957982, 44.164832
81.154499, 45.169955
80.335961, 46.174233
79.502577, 47.177628
78.654558, 48.180096
77.792120, 49.181596
76.915480, 50.182078
76.024863, 51.181495
75.120492, 52.179795
74.202598, 53.176921
73.271413, 54.172816
72.327173, 55.167418
71.370116, 56.160661
70.400486, 57.152475
69.418528, 58.142785
68.424490, 59.131511
67.418624, 60.118569
66.401184, 61.103868
65.372429, 62.087309
64.332617, 63.068790
63.282012, 64.048198
62.220881, 65.025413
61.149491, 66.000304
60.068114, 66.972733
58.977023, 67.942547
57.876496, 68.909583
56.766810, 69.873665
55.648247, 70.834599
54.521092, 71.792176
53.385630, 72.746167
52.242150, 73.696324
51.090943, 74.642373
49.932303, 75.584015
48.766525, 76.520919
47.593909, 77.452724
46.414754, 78.379028
45.229365, 79.299386
44.038048, 80.213305
42.841111, 81.120235
41.638868, 82.019560
40.431632, 82.910591
39.219722, 83.792552
38.003461, 84.664568
36.783175, 85.525645
35.559195, 86.374654
34.331858, 87.210302
33.101505, 88.031107
31.868486, 88.835356
30.633159, 89.621063
29.395891, 90.385911
28.157062, 91.127179
26.917067, 91.841651
25.676316, 92.525503
24.435244, 93.174143
23.194313, 93.782020
21.954021, 94.342354
20.714912, 94.846784
19.477591, 95.284883
18.242744, 95.643481
17.011167, 95.905719
15.783804, 96.049680
14.561815, 96.046377
13.346665, 95.856730
12.140274, 95.426888
10.945255, 94.680819
9.765314, 93.508190
8.605954, 91.744003
7.475757, 89.133574
6.388822, 85.272107
5.369556, 79.506151
4.461929, 70.814193
3.744453, 57.880457
3.337610, 40.161466
3.351631, 20.229679
3.777324, 2.906278
4.495239, 350.413108
5.386207, 342.043239
6.374845, 336.487433
7.419257, 332.761439
8.496174, 330.239951
9.592118, 328.535513
10.698865, 327.403769
11.811130, 326.685949
12.925354, 326.275576
14.039032, 326.099080
15.150332, 326.104233
16.257862, 326.253047
17.360533, 326.517294
18.457464, 326.875593
19.547926, 327.311472
20.631299, 327.812047
21.707046, 328.367102
22.774692, 328.968437
23.833811, 329.609395
24.884016, 330.284519
25.924951, 330.989292
26.956284, 331.719947
27.977706, 332.473313
28.988923, 333.246705
29.989659, 334.037835
30.979648, 334.844737
31.958638, 335.665718
32.926385, 336.499308
33.882656, 337.344224
34.827226, 338.199343
35.759878, 339.063678
36.680401, 339.936355
37.588591, 340.816601
38.484252, 341.703725
39.367192, 342.597112
40.237228, 343.496208
41.094179, 344.400516
41.937872, 345.309587
42.768138, 346.223015
43.584816, 347.140432
44.387747, 348.061500
45.176778, 348.985913
45.951763, 349.913389
46.712559, 350.843672
47.459028, 351.776524
48.191040, 352.711724
48.908465, 353.649071
49.611183, 354.588377
50.299075, 355.529467
50.972029, 356.472178
51.629938, 357.416357
52.272700, 358.361863
52.900215, 359.308561
53.512392, 0.256326
54.109143, 1.205039
54.690386, 2.154588
55.256041, 3.104867
55.806036, 4.055775
56.340303, 5.007215
56.858779, 5.959096
57.361406, 6.911331
57.848129, 7.863834
58.318902, 8.816526
58.773681, 9.769329
59.212426, 10.722166
59.635106, 11.674967
60.041690, 12.627659
60.432156, 13.580174
60.806485, 14.532446
61.164664, 15.484409
61.506682, 16.435999
61.832538, 17.387152
62.142231, 18.337809
62.435769, 19.287906
62.713161, 20.237385
62.974424, 21.186186
63.219578, 22.134249
63.448650, 23.081516
63.661670, 24.027929
63.858673, 24.973430
64.039700, 25.917959
64.204795, 26.861459
64.354010, 27.803872
64.487398, 28.745138
64.605020, 29.685198
64.706940, 30.623994
64.793226, 31.561464
64.863954, 32.497549
64.919202, 33.432186
64.959053, 34.365314
64.983595, 35.296869
64.992921, 36.226788
64.987130, 37.155004
64.966322, 38.081453
64.930604, 39.006065
64.880089, 39.928773
64.814891, 40.849506
64.735131, 41.768192
64.640934, 42.684758
64.532430, 43.599127
64.409752, 44.511224
64.273038, 45.420969
64.122432, 46.328281
63.958080, 47.233078
63.780135, 48.135273
63.588750, 49.034779
63.384088, 49.931505
63.166311, 50.825360
62.935589, 51.716247
62.692094, 52.604068
62.436004, 53.488721
62.167499, 54.370103
61.886765, 55.248104
61.593992, 56.122615
61.289372, 56.993520
60.973103, 57.860700
60.645387, 58.724034
60.306429, 59.583394
59.956440, 60.438650
59.595632, 61.289667
59.224223, 62.136304
58.842435, 62.978417
58.450493, 63.815857
58.048627, 64.648467
57.637068, 65.476088
57.216056, 66.298553
56.785830, 67.115690
56.346635, 67.927320
55.898720, 68.733258
55.442338, 69.533312
54.977744, 70.327283
54.505200, 71.114966
54.024969, 71.896146
53.537319, 72.670601
53.042523, 73.438101
52.540855, 74.198408
52.032596, 74.951274
51.518030, 75.696441
50.997443, 76.433643
50.471128, 77.162603
49.939381, 77.883035
49.402501, 78.594641
48.860792, 79.297111
48.314562, 79.990126
47.764125, 80.673354
47.209796, 81.346448
46.651896, 82.009054
46.090752, 82.660801
45.526693, 83.301305
44.960053, 83.930170
44.391173, 84.546986
43.820396, 85.151327
43.248072, 85.742753
42.674554, 86.320813
42.100201, 86.885036
41.525377, 87.434941
40.950452, 87.970028
40.375801, 88.489787
39.801803, 88.993690
39.228845, 89.481196
38.657317, 89.951753
38.087617, 90.404792
37.520148, 90.839735
36.955318, 91.255993
36.393541, 91.652965
35.835238, 92.030045
35.280835, 92.386620
34.730762, 92.722072
34.185458, 93.035781
33.645366, 93.327132
33.110932, 93.595512
32.582611, 93.840318
32.060858, 94.060959
31.546137, 94.256864
31.038912, 94.427485
30.539651, 94.572304
30.048824, 94.690838
29.566903, 94.782650
29.094360, 94.847352
28.631665, 94.884618
28.179286, 94.894191
27.737689, 94.875890
27.307331, 94.829626
26.888663, 94.755405
26.482128, 94.653342
26.088153, 94.523672
25.707155, 94.366757
25.339530, 94.183098
24.985657, 93.973340
24.645889, 93.738285
24.320555, 93.478892
24.009956, 93.196286
23.714358, 92.891759
23.433992, 92.566770
23.169054, 92.222945
22.919695, 91.862069
22.686024, 91.486081
22.468103, 91.097063
22.265948, 90.697228
22.079524, 90.288901
21.908744, 89.874506
21.753473, 89.456542
21.613521, 89.037560
21.488649, 88.620146
21.378569, 88.206889
21.282943, 87.800363
21.201387, 87.403104
21.133473, 87.017581
21.078735, 86.646181
21.036665, 86.291189
21.006727, 85.954768
20.988351, 85.638949
20.980942, 85.345617
20.983884, 85.076499
20.996545, 84.833168
21.018276, 84.617028
21.048422, 84.429321
21.086320, 84.271127
21.131307, 84.143366
21.182717, 84.046806
21.239894, 83.982068
21.302184, 83.949634
21.368944, 83.949860
21.439545, 83.982980
21.513367, 84.049120
21.589810, 84.148308
21.668288, 84.280482
21.748232, 84.445503
21.829094, 84.643163
21.910344, 84.873194
21.991472, 85.135279
22.071988, 85.429058
22.151424, 85.754137
22.229330, 86.110093
22.305281, 86.496487
22.378867, 86.912860
22.449702, 87.358747
22.517420, 87.833679
22.581673, 88.337186
22.642134, 88.868801
22.698494, 89.428067
22.750464, 90.014536
22.797771, 90.627773
22.840164, 91.267361
22.877405, 91.932898
22.909275, 92.624004
22.935573, 93.340319
22.956112, 94.081505
22.970723, 94.847249
22.979251, 95.637264
22.981556, 96.451286
22.977515, 97.289082
22.967018, 98.150442
22.949970, 99.035187
22.926289, 99.943167
22.895907, 100.874261
22.858772, 101.828378
22.814842, 102.805458
22.764091, 103.805471
22.706504, 104.828422
22.642082, 105.874344
22.570835, 106.943308
22.492789, 108.035414
22.407982, 109.150799
22.316465, 110.289634
22.218301, 111.452126
22.113568, 112.638518
22.002355, 113.849089
21.884766, 115.084159
21.760916, 116.344083
21.630936, 117.629256
21.494970, 118.940116
21.353176, 120.277137
21.205726, 121.640840
21.052807, 123.031783
20.894622, 124.450570
20.731386, 125.897847
20.563335, 127.374305
20.390717, 128.880677
20.213798, 130.417741
20.032864, 131.986316
19.848215, 133.587268
19.660173, 135.221499
19.469076, 136.889955
19.275284, 138.593617
19.079176, 140.333502
18.881154, 142.110657
18.681640, 143.926154
18.481079, 145.781088
18.279939, 147.676564
18.078711, 149.613691
17.877909, 151.593576
17.678073, 153.617304
17.479767, 155.685930
17.283577, 157.800461
17.090116, 159.961841
16.900018, 162.170925
16.713941, 164.428462
16.532564, 166.735065
16.356585, 169.091190
16.186722, 171.497104
16.023705, 173.952856
15.868277, 176.458246
15.721189, 179.012795
15.583196, 181.615715
15.455051, 184.265884
15.337498, 186.961817
15.231270, 189.701652
15.137077, 192.483131
15.055604, 195.303597
14.987498, 198.159999
14.933366, 201.048898
14.893763, 203.966494
14.869189, 206.908660
14.860080, 209.870980
14.866801, 212.848807
14.889645, 215.837321
14.928827, 218.831599
14.984482, 221.826680
15.056664, 224.817644
15.145345, 227.799677
15.250420, 230.768142
15.371707, 233.718638
15.508952, 236.647053
15.661835, 239.549608
15.829975, 242.422890
16.012933, 245.263875
16.210227, 248.069938
16.421329, 250.838860
16.645680, 253.568818
16.882690, 256.258374
17.131748, 258.906456
17.392230, 261.512331
17.663496, 264.075580
17.944904, 266.596069
18.235810, 269.073916
18.535571, 271.509464
18.843548, 273.903248
19.159114, 276.255968
19.481646, 278.568465
19.810539, 280.841691
20.145197, 283.076691
20.485040, 285.274580
20.829502, 287.436530
21.178032, 289.563745
21.530097, 291.657458
21.885179, 293.718912
22.242773, 295.749353
22.602394, 297.750020
22.963570, 299.722139
23.325844, 301.666918
23.688774, 303.585542
24.051934, 305.479168
24.414910, 307.348924
24.777301, 309.195906
25.138722, 311.021177
25.498798, 312.825767
25.857166, 314.610671
26.213477, 316.376848
26.567390, 318.125227
26.918579, 319.856699
27.266725, 321.572125
27.611521, 323.272332
27.952669, 324.958117
28.289881, 326.630247
28.622878, 328.289459
28.951389, 329.936462
29.275155, 331.571940
29.593921, 333.196551
29.907443, 334.810927
30.215483, 336.415679
30.517814, 338.011395
30.814214, 339.598644
31.104469, 341.177972
31.388373, 342.749910
31.665726, 344.314971
31.936337, 345.873651
32.200020, 347.426430
32.456597, 348.973776
32.705899, 350.516142
32.947759, 352.053968
33.182021, 353.587686
33.408534, 355.117714
33.627155, 356.644461
33.837746, 358.168328
34.040176, 359.689709
34.234323, 1.208988
34.420068, 2.726544
34.597302, 4.242749
34.765923, 5.757973
34.925832, 7.272578
35.076941, 8.786925
35.219167, 10.301369
35.352435, 11.816265
35.476676, 13.331966
35.591828, 14.848823
35.697839, 16.367187
35.794661, 17.887408
35.882256, 19.409837
35.960592, 20.934829
36.029644, 22.462737
36.089399, 23.993917
36.139847, 25.528731
36.180989, 27.067541
36.212834, 28.610714
36.235399, 30.158624
36.248710, 31.711647
36.252802, 33.270167
36.247719, 34.834572
36.233514, 36.405261
36.210250, 37.982635
36.178001, 39.567108
36.136848, 41.159099
36.086884, 42.759037
36.028215, 44.367362
35.960954, 45.984522
35.885228, 47.610976
35.801173, 49.247194
35.708941, 50.893659
35.608693, 52.550862
35.500604, 54.219309
35.384861, 55.899519
35.261666, 57.592020
35.131235, 59.297357
34.993797, 61.016084
34.849598, 62.748772
34.698897, 64.496000
34.541972, 66.258365
34.379114, 68.036472
34.210633, 69.830939
34.036858, 71.642396
33.858132, 73.471483
33.674821, 75.318848
33.487308, 77.185148
33.295995, 79.071045
33.101306, 80.977206
32.903684, 82.904301
32.703597, 84.852996
32.501529, 86.823957
32.297991, 88.817839
32.093515, 90.835289
31.888654, 92.876934
31.683986, 94.943385
31.480112, 97.035221
31.277654, 99.152993
31.077259, 101.297208
30.879595, 103.468329
30.685352, 105.666762
30.495240, 107.892850
30.309990, 110.146863
30.130353, 112.428988
29.957094, 114.739322
29.790994, 117.077858
29.632850, 119.444479
29.483465, 121.838943
29.343652, 124.260880
29.214227, 126.709778
29.096009, 129.184977
28.989809, 131.685663
28.896436, 134.210860
28.816681, 136.759429
28.751324, 139.330065
28.701117, 141.921298
28.666791, 144.531497
28.649040, 147.158874
28.648523, 149.801495
28.665856, 152.457288
28.701611, 155.124062
28.756305, 157.799519
28.830402, 160.481276
28.924308, 163.166883
29.038366, 165.853848
29.172857, 168.539659
29.327996, 171.221809
29.503933, 173.897817
29.700751, 176.565254
29.918468, 179.221761
30.157038, 181.865073
30.416354, 184.493038
30.696246, 187.103626
30.996491, 189.694949
31.316809, 192.265270
31.656874, 194.813006
32.016311, 197.336741
32.394705, 199.835221
32.791603, 202.307356
33.206518, 204.752219
33.638937, 207.169042
34.088317, 209.557207
34.554098, 211.916243
35.035700, 214.245813
35.532529, 216.545707
36.043982, 218.815835
36.569447, 221.056212
37.108304, 223.266951
37.659935, 225.448254
38.223718, 227.600399
38.799031, 229.723734
39.385259, 231.818665
39.981787, 233.885651
40.588007, 235.925193
41.203319, 237.937829
41.827128, 239.924125
42.458849, 241.884674
43.097902, 243.820082
43.743721, 245.730973
44.395746, 247.617976
##END=
