##TITLE= Parameter file, TopSpin 4.3.0
##JCAMPDX= 5.0
##DATATYPE= Parameter Values
##ORIGIN= Bruker BioSpin GmbH
##OWNER= nmrsu
$$ 2024-02-06 13:34:07.885 +0000  nmrsu@4CE1161FJM
$$ C:/Bruker/TopSpin4.3.0/exp/stan/nmr/lists/wave/user/multisupp_aux_d8
$$ process C:\Bruker\TopSpin4.3.0\prog\mod\xwinshape.exe
##MINX= 0.32704800
##MAXX= 99.99999300
##MINY= 0.29482600
##MAXY= 359.70517400
##$SHAPE_ADDPHASE= 0
##$SHAPE_AMP= 99.99999257
##$SHAPE_BWFAC= 0
##$SHAPE_BWFAC50= 0
##$SHAPE_CALCBW= yes
##$SHAPE_CALCINTEG= yes
##$SHAPE_EXMODE= <Excitation>
##$SHAPE_EXPAND= <>
##$SHAPE_EXPANDCF= (0..143)
0 0 0 0 0 0 0 0 0 0 0 0 0 0 0 0 0 0 0 0 0 0 0 0 0 0 0 0 0 0 0 0 0 0 0 0
0 0 0 0 0 0 0 0 0 0 0 0 0 0 0 0 0 0 0 0 0 0 0 0 0 0 0 0 0 0 0 0 0 0 0 0
0 0 0 0 0 0 0 0 0 0 0 0 0 0 0 0 0 0 0 0 0 0 0 0 0 0 0 0 0 0 0 0 0 0 0 0
0 0 0 0 0 0 0 0 0 0 0 0 0 0 0 0 0 0 0 0 0 0 0 0 0 0 0 0 0 0 0 0 0 0 0 0
##$SHAPE_EXPFAC= 0
##$SHAPE_FRACEND= 0
##$SHAPE_FRACORG= 0
##$SHAPE_FRACSTART= 0
##$SHAPE_INTEGFAC= 0
##$SHAPE_KEEPRES= yes
##$SHAPE_LENGTH= 25000.000373
##$SHAPE_MAN= <M>
##$SHAPE_MODE= 2
##$SHAPE_MODFREQ= 0
##$SHAPE_MODPHASE= 0
##$SHAPE_MODSCALE= 0
##$SHAPE_MODSW= 0
##$SHAPE_MODSWDIR= -1
##$SHAPE_NPOINTS= 1250
##$SHAPE_OFFS= <1 2>
##$SHAPE_OFFSCOEFF= (0..95)
52.891418 0 100 -216.68344 0 100 0 0 0 0 0 0 0 0 0 0 0 0 0 0 0 0 0 0 0
0 0 0 0 0 0 0 0 0 0 0 0 0 0 0 0 0 0 0 0 0 0 0 0 0 0 0 0 0 0 0 0 0 0 0 0
0 0 0 0 0 0 0 0 0 0 0 0 0 0 0 0 0 0 0 0 0 0 0 0 0 0 0 0 0 0 0 0 0 0 0
##$SHAPE_PARAMETER= <>
##$SHAPE_REPHFAC= 0
##$SHAPE_RES= 0
##$SHAPE_SCALEFAC= 1.00000007
##$SHAPE_SCALETYPE= 0
##$SHAPE_SPOAL= 0
##$SHAPE_SPOFFS= 0
##$SHAPE_SPOPH= 0
##$SHAPE_TOTROT= 90
##$SHAPE_TYPE= <Excitation>
##$SHAPE_USER_DEF= <>
##$SHAPE_VERSION= 2.1
##$SHL_ADDPHASE= (0..15)
0 0 0 0 0 0 0 0 0 0 0 0 0 0 0 0
##$SHL_ALIGNOFFSET= (0..15)
0 0 0 0 0 0 0 0 0 0 0 0 0 0 0 0
##$SHL_AMP= (0..15)
100 0 0 0 0 0 0 0 0 0 0 0 0 0 0 0
##$SHL_AMPFAC= (0..15)
0 0 0 0 0 0 0 0 0 0 0 0 0 0 0 0
##$SHL_BETA= (0..15)
0 0 0 0 0 0 0 0 0 0 0 0 0 0 0 0
##$SHL_BWFAC= (0..15)
1.116 0 0 0 0 0 0 0 0 0 0 0 0 0 0 0
##$SHL_CALCBW= (0..15)
yes yes yes yes yes yes yes yes yes yes yes yes yes yes yes yes
##$SHL_CALCINTEG= (0..15)
yes yes yes yes yes yes yes yes yes yes yes yes yes yes yes yes
##$SHL_CENTERAMP= (0..15)
0 0 0 0 0 0 0 0 0 0 0 0 0 0 0 0
##$SHL_CYCNUM= (0..15)
0 0 0 0 0 0 0 0 0 0 0 0 0 0 0 0
##$SHL_DIPOLCPL= (0..15)
0 0 0 0 0 0 0 0 0 0 0 0 0 0 0 0
##$SHL_ENDAMP= (0..15)
0 0 0 0 0 0 0 0 0 0 0 0 0 0 0 0
##$SHL_EXMODE= (0..15)
<Excitation> <> <> <> <> <> <> <> <> <> <> <> <> <> <> <>
##$SHL_EXPAND= (0..15)
<> <> <> <> <> <> <> <> <> <> <> <> <> <> <> <>
##$SHL_EXPANDCF0= (0..143)
0 0 0 0 0 0 0 0 0 0 0 0 0 0 0 0 0 0 0 0 0 0 0 0 0 0 0 0 0 0 0 0 0 0 0 0
0 0 0 0 0 0 0 0 0 0 0 0 0 0 0 0 0 0 0 0 0 0 0 0 0 0 0 0 0 0 0 0 0 0 0 0
0 0 0 0 0 0 0 0 0 0 0 0 0 0 0 0 0 0 0 0 0 0 0 0 0 0 0 0 0 0 0 0 0 0 0 0
0 0 0 0 0 0 0 0 0 0 0 0 0 0 0 0 0 0 0 0 0 0 0 0 0 0 0 0 0 0 0 0 0 0 0 0
##$SHL_EXPANDCF1= (0..143)
0 0 0 0 0 0 0 0 0 0 0 0 0 0 0 0 0 0 0 0 0 0 0 0 0 0 0 0 0 0 0 0 0 0 0 0
0 0 0 0 0 0 0 0 0 0 0 0 0 0 0 0 0 0 0 0 0 0 0 0 0 0 0 0 0 0 0 0 0 0 0 0
0 0 0 0 0 0 0 0 0 0 0 0 0 0 0 0 0 0 0 0 0 0 0 0 0 0 0 0 0 0 0 0 0 0 0 0
0 0 0 0 0 0 0 0 0 0 0 0 0 0 0 0 0 0 0 0 0 0 0 0 0 0 0 0 0 0 0 0 0 0 0 0
##$SHL_EXPANDCF10= (0..143)
0 0 0 0 0 0 0 0 0 0 0 0 0 0 0 0 0 0 0 0 0 0 0 0 0 0 0 0 0 0 0 0 0 0 0 0
0 0 0 0 0 0 0 0 0 0 0 0 0 0 0 0 0 0 0 0 0 0 0 0 0 0 0 0 0 0 0 0 0 0 0 0
0 0 0 0 0 0 0 0 0 0 0 0 0 0 0 0 0 0 0 0 0 0 0 0 0 0 0 0 0 0 0 0 0 0 0 0
0 0 0 0 0 0 0 0 0 0 0 0 0 0 0 0 0 0 0 0 0 0 0 0 0 0 0 0 0 0 0 0 0 0 0 0
##$SHL_EXPANDCF11= (0..143)
0 0 0 0 0 0 0 0 0 0 0 0 0 0 0 0 0 0 0 0 0 0 0 0 0 0 0 0 0 0 0 0 0 0 0 0
0 0 0 0 0 0 0 0 0 0 0 0 0 0 0 0 0 0 0 0 0 0 0 0 0 0 0 0 0 0 0 0 0 0 0 0
0 0 0 0 0 0 0 0 0 0 0 0 0 0 0 0 0 0 0 0 0 0 0 0 0 0 0 0 0 0 0 0 0 0 0 0
0 0 0 0 0 0 0 0 0 0 0 0 0 0 0 0 0 0 0 0 0 0 0 0 0 0 0 0 0 0 0 0 0 0 0 0
##$SHL_EXPANDCF12= (0..143)
0 0 0 0 0 0 0 0 0 0 0 0 0 0 0 0 0 0 0 0 0 0 0 0 0 0 0 0 0 0 0 0 0 0 0 0
0 0 0 0 0 0 0 0 0 0 0 0 0 0 0 0 0 0 0 0 0 0 0 0 0 0 0 0 0 0 0 0 0 0 0 0
0 0 0 0 0 0 0 0 0 0 0 0 0 0 0 0 0 0 0 0 0 0 0 0 0 0 0 0 0 0 0 0 0 0 0 0
0 0 0 0 0 0 0 0 0 0 0 0 0 0 0 0 0 0 0 0 0 0 0 0 0 0 0 0 0 0 0 0 0 0 0 0
##$SHL_EXPANDCF13= (0..143)
0 0 0 0 0 0 0 0 0 0 0 0 0 0 0 0 0 0 0 0 0 0 0 0 0 0 0 0 0 0 0 0 0 0 0 0
0 0 0 0 0 0 0 0 0 0 0 0 0 0 0 0 0 0 0 0 0 0 0 0 0 0 0 0 0 0 0 0 0 0 0 0
0 0 0 0 0 0 0 0 0 0 0 0 0 0 0 0 0 0 0 0 0 0 0 0 0 0 0 0 0 0 0 0 0 0 0 0
0 0 0 0 0 0 0 0 0 0 0 0 0 0 0 0 0 0 0 0 0 0 0 0 0 0 0 0 0 0 0 0 0 0 0 0
##$SHL_EXPANDCF14= (0..143)
0 0 0 0 0 0 0 0 0 0 0 0 0 0 0 0 0 0 0 0 0 0 0 0 0 0 0 0 0 0 0 0 0 0 0 0
0 0 0 0 0 0 0 0 0 0 0 0 0 0 0 0 0 0 0 0 0 0 0 0 0 0 0 0 0 0 0 0 0 0 0 0
0 0 0 0 0 0 0 0 0 0 0 0 0 0 0 0 0 0 0 0 0 0 0 0 0 0 0 0 0 0 0 0 0 0 0 0
0 0 0 0 0 0 0 0 0 0 0 0 0 0 0 0 0 0 0 0 0 0 0 0 0 0 0 0 0 0 0 0 0 0 0 0
##$SHL_EXPANDCF15= (0..143)
0 0 0 0 0 0 0 0 0 0 0 0 0 0 0 0 0 0 0 0 0 0 0 0 0 0 0 0 0 0 0 0 0 0 0 0
0 0 0 0 0 0 0 0 0 0 0 0 0 0 0 0 0 0 0 0 0 0 0 0 0 0 0 0 0 0 0 0 0 0 0 0
0 0 0 0 0 0 0 0 0 0 0 0 0 0 0 0 0 0 0 0 0 0 0 0 0 0 0 0 0 0 0 0 0 0 0 0
0 0 0 0 0 0 0 0 0 0 0 0 0 0 0 0 0 0 0 0 0 0 0 0 0 0 0 0 0 0 0 0 0 0 0 0
##$SHL_EXPANDCF2= (0..143)
0 0 0 0 0 0 0 0 0 0 0 0 0 0 0 0 0 0 0 0 0 0 0 0 0 0 0 0 0 0 0 0 0 0 0 0
0 0 0 0 0 0 0 0 0 0 0 0 0 0 0 0 0 0 0 0 0 0 0 0 0 0 0 0 0 0 0 0 0 0 0 0
0 0 0 0 0 0 0 0 0 0 0 0 0 0 0 0 0 0 0 0 0 0 0 0 0 0 0 0 0 0 0 0 0 0 0 0
0 0 0 0 0 0 0 0 0 0 0 0 0 0 0 0 0 0 0 0 0 0 0 0 0 0 0 0 0 0 0 0 0 0 0 0
##$SHL_EXPANDCF3= (0..143)
0 0 0 0 0 0 0 0 0 0 0 0 0 0 0 0 0 0 0 0 0 0 0 0 0 0 0 0 0 0 0 0 0 0 0 0
0 0 0 0 0 0 0 0 0 0 0 0 0 0 0 0 0 0 0 0 0 0 0 0 0 0 0 0 0 0 0 0 0 0 0 0
0 0 0 0 0 0 0 0 0 0 0 0 0 0 0 0 0 0 0 0 0 0 0 0 0 0 0 0 0 0 0 0 0 0 0 0
0 0 0 0 0 0 0 0 0 0 0 0 0 0 0 0 0 0 0 0 0 0 0 0 0 0 0 0 0 0 0 0 0 0 0 0
##$SHL_EXPANDCF4= (0..143)
0 0 0 0 0 0 0 0 0 0 0 0 0 0 0 0 0 0 0 0 0 0 0 0 0 0 0 0 0 0 0 0 0 0 0 0
0 0 0 0 0 0 0 0 0 0 0 0 0 0 0 0 0 0 0 0 0 0 0 0 0 0 0 0 0 0 0 0 0 0 0 0
0 0 0 0 0 0 0 0 0 0 0 0 0 0 0 0 0 0 0 0 0 0 0 0 0 0 0 0 0 0 0 0 0 0 0 0
0 0 0 0 0 0 0 0 0 0 0 0 0 0 0 0 0 0 0 0 0 0 0 0 0 0 0 0 0 0 0 0 0 0 0 0
##$SHL_EXPANDCF5= (0..143)
0 0 0 0 0 0 0 0 0 0 0 0 0 0 0 0 0 0 0 0 0 0 0 0 0 0 0 0 0 0 0 0 0 0 0 0
0 0 0 0 0 0 0 0 0 0 0 0 0 0 0 0 0 0 0 0 0 0 0 0 0 0 0 0 0 0 0 0 0 0 0 0
0 0 0 0 0 0 0 0 0 0 0 0 0 0 0 0 0 0 0 0 0 0 0 0 0 0 0 0 0 0 0 0 0 0 0 0
0 0 0 0 0 0 0 0 0 0 0 0 0 0 0 0 0 0 0 0 0 0 0 0 0 0 0 0 0 0 0 0 0 0 0 0
##$SHL_EXPANDCF6= (0..143)
0 0 0 0 0 0 0 0 0 0 0 0 0 0 0 0 0 0 0 0 0 0 0 0 0 0 0 0 0 0 0 0 0 0 0 0
0 0 0 0 0 0 0 0 0 0 0 0 0 0 0 0 0 0 0 0 0 0 0 0 0 0 0 0 0 0 0 0 0 0 0 0
0 0 0 0 0 0 0 0 0 0 0 0 0 0 0 0 0 0 0 0 0 0 0 0 0 0 0 0 0 0 0 0 0 0 0 0
0 0 0 0 0 0 0 0 0 0 0 0 0 0 0 0 0 0 0 0 0 0 0 0 0 0 0 0 0 0 0 0 0 0 0 0
##$SHL_EXPANDCF7= (0..143)
0 0 0 0 0 0 0 0 0 0 0 0 0 0 0 0 0 0 0 0 0 0 0 0 0 0 0 0 0 0 0 0 0 0 0 0
0 0 0 0 0 0 0 0 0 0 0 0 0 0 0 0 0 0 0 0 0 0 0 0 0 0 0 0 0 0 0 0 0 0 0 0
0 0 0 0 0 0 0 0 0 0 0 0 0 0 0 0 0 0 0 0 0 0 0 0 0 0 0 0 0 0 0 0 0 0 0 0
0 0 0 0 0 0 0 0 0 0 0 0 0 0 0 0 0 0 0 0 0 0 0 0 0 0 0 0 0 0 0 0 0 0 0 0
##$SHL_EXPANDCF8= (0..143)
0 0 0 0 0 0 0 0 0 0 0 0 0 0 0 0 0 0 0 0 0 0 0 0 0 0 0 0 0 0 0 0 0 0 0 0
0 0 0 0 0 0 0 0 0 0 0 0 0 0 0 0 0 0 0 0 0 0 0 0 0 0 0 0 0 0 0 0 0 0 0 0
0 0 0 0 0 0 0 0 0 0 0 0 0 0 0 0 0 0 0 0 0 0 0 0 0 0 0 0 0 0 0 0 0 0 0 0
0 0 0 0 0 0 0 0 0 0 0 0 0 0 0 0 0 0 0 0 0 0 0 0 0 0 0 0 0 0 0 0 0 0 0 0
##$SHL_EXPANDCF9= (0..143)
0 0 0 0 0 0 0 0 0 0 0 0 0 0 0 0 0 0 0 0 0 0 0 0 0 0 0 0 0 0 0 0 0 0 0 0
0 0 0 0 0 0 0 0 0 0 0 0 0 0 0 0 0 0 0 0 0 0 0 0 0 0 0 0 0 0 0 0 0 0 0 0
0 0 0 0 0 0 0 0 0 0 0 0 0 0 0 0 0 0 0 0 0 0 0 0 0 0 0 0 0 0 0 0 0 0 0 0
0 0 0 0 0 0 0 0 0 0 0 0 0 0 0 0 0 0 0 0 0 0 0 0 0 0 0 0 0 0 0 0 0 0 0 0
##$SHL_EXPFAC= (0..15)
0 0 0 0 0 0 0 0 0 0 0 0 0 0 0 0
##$SHL_FRACEND= (0..15)
0 0 0 0 0 0 0 0 0 0 0 0 0 0 0 0
##$SHL_FRACORG= (0..15)
0 0 0 0 0 0 0 0 0 0 0 0 0 0 0 0
##$SHL_FRACSTART= (0..15)
0 0 0 0 0 0 0 0 0 0 0 0 0 0 0 0
##$SHL_FULLHALF= (0..15)
0 0 0 0 0 0 0 0 0 0 0 0 0 0 0 0
##$SHL_FUNCAMP= (0..15)
100 0 0 0 0 0 0 0 0 0 0 0 0 0 0 0
##$SHL_FUNCTION= (0..15)
<Rectangle> <> <> <> <> <> <> <> <> <> <> <> <> <> <> <>
##$SHL_GCO= (0..15)
<> <> <> <> <> <> <> <> <> <> <> <> <> <> <> <>
##$SHL_GCOCOEFFS0= (0..59)
0 0 0 0 0 0 0 0 0 0 0 0 0 0 0 0 0 0 0 0 0 0 0 0 0 0 0 0 0 0 0 0 0 0 0 0
0 0 0 0 0 0 0 0 0 0 0 0 0 0 0 0 0 0 0 0 0 0 0 0
##$SHL_GCOCOEFFS1= (0..59)
0 0 0 0 0 0 0 0 0 0 0 0 0 0 0 0 0 0 0 0 0 0 0 0 0 0 0 0 0 0 0 0 0 0 0 0
0 0 0 0 0 0 0 0 0 0 0 0 0 0 0 0 0 0 0 0 0 0 0 0
##$SHL_GCOCOEFFS10= (0..59)
0 0 0 0 0 0 0 0 0 0 0 0 0 0 0 0 0 0 0 0 0 0 0 0 0 0 0 0 0 0 0 0 0 0 0 0
0 0 0 0 0 0 0 0 0 0 0 0 0 0 0 0 0 0 0 0 0 0 0 0
##$SHL_GCOCOEFFS11= (0..59)
0 0 0 0 0 0 0 0 0 0 0 0 0 0 0 0 0 0 0 0 0 0 0 0 0 0 0 0 0 0 0 0 0 0 0 0
0 0 0 0 0 0 0 0 0 0 0 0 0 0 0 0 0 0 0 0 0 0 0 0
##$SHL_GCOCOEFFS12= (0..59)
0 0 0 0 0 0 0 0 0 0 0 0 0 0 0 0 0 0 0 0 0 0 0 0 0 0 0 0 0 0 0 0 0 0 0 0
0 0 0 0 0 0 0 0 0 0 0 0 0 0 0 0 0 0 0 0 0 0 0 0
##$SHL_GCOCOEFFS13= (0..59)
0 0 0 0 0 0 0 0 0 0 0 0 0 0 0 0 0 0 0 0 0 0 0 0 0 0 0 0 0 0 0 0 0 0 0 0
0 0 0 0 0 0 0 0 0 0 0 0 0 0 0 0 0 0 0 0 0 0 0 0
##$SHL_GCOCOEFFS14= (0..59)
0 0 0 0 0 0 0 0 0 0 0 0 0 0 0 0 0 0 0 0 0 0 0 0 0 0 0 0 0 0 0 0 0 0 0 0
0 0 0 0 0 0 0 0 0 0 0 0 0 0 0 0 0 0 0 0 0 0 0 0
##$SHL_GCOCOEFFS15= (0..59)
0 0 0 0 0 0 0 0 0 0 0 0 0 0 0 0 0 0 0 0 0 0 0 0 0 0 0 0 0 0 0 0 0 0 0 0
0 0 0 0 0 0 0 0 0 0 0 0 0 0 0 0 0 0 0 0 0 0 0 0
##$SHL_GCOCOEFFS2= (0..59)
0 0 0 0 0 0 0 0 0 0 0 0 0 0 0 0 0 0 0 0 0 0 0 0 0 0 0 0 0 0 0 0 0 0 0 0
0 0 0 0 0 0 0 0 0 0 0 0 0 0 0 0 0 0 0 0 0 0 0 0
##$SHL_GCOCOEFFS3= (0..59)
0 0 0 0 0 0 0 0 0 0 0 0 0 0 0 0 0 0 0 0 0 0 0 0 0 0 0 0 0 0 0 0 0 0 0 0
0 0 0 0 0 0 0 0 0 0 0 0 0 0 0 0 0 0 0 0 0 0 0 0
##$SHL_GCOCOEFFS4= (0..59)
0 0 0 0 0 0 0 0 0 0 0 0 0 0 0 0 0 0 0 0 0 0 0 0 0 0 0 0 0 0 0 0 0 0 0 0
0 0 0 0 0 0 0 0 0 0 0 0 0 0 0 0 0 0 0 0 0 0 0 0
##$SHL_GCOCOEFFS5= (0..59)
0 0 0 0 0 0 0 0 0 0 0 0 0 0 0 0 0 0 0 0 0 0 0 0 0 0 0 0 0 0 0 0 0 0 0 0
0 0 0 0 0 0 0 0 0 0 0 0 0 0 0 0 0 0 0 0 0 0 0 0
##$SHL_GCOCOEFFS6= (0..59)
0 0 0 0 0 0 0 0 0 0 0 0 0 0 0 0 0 0 0 0 0 0 0 0 0 0 0 0 0 0 0 0 0 0 0 0
0 0 0 0 0 0 0 0 0 0 0 0 0 0 0 0 0 0 0 0 0 0 0 0
##$SHL_GCOCOEFFS7= (0..59)
0 0 0 0 0 0 0 0 0 0 0 0 0 0 0 0 0 0 0 0 0 0 0 0 0 0 0 0 0 0 0 0 0 0 0 0
0 0 0 0 0 0 0 0 0 0 0 0 0 0 0 0 0 0 0 0 0 0 0 0
##$SHL_GCOCOEFFS8= (0..59)
0 0 0 0 0 0 0 0 0 0 0 0 0 0 0 0 0 0 0 0 0 0 0 0 0 0 0 0 0 0 0 0 0 0 0 0
0 0 0 0 0 0 0 0 0 0 0 0 0 0 0 0 0 0 0 0 0 0 0 0
##$SHL_GCOCOEFFS9= (0..59)
0 0 0 0 0 0 0 0 0 0 0 0 0 0 0 0 0 0 0 0 0 0 0 0 0 0 0 0 0 0 0 0 0 0 0 0
0 0 0 0 0 0 0 0 0 0 0 0 0 0 0 0 0 0 0 0 0 0 0 0
##$SHL_INTEGFAC= (0..15)
1 0 0 0 0 0 0 0 0 0 0 0 0 0 0 0
##$SHL_LB= (0..15)
0 0 0 0 0 0 0 0 0 0 0 0 0 0 0 0
##$SHL_LEFTLIMIT= (0..15)
0 0 0 0 0 0 0 0 0 0 0 0 0 0 0 0
##$SHL_LENGTH= (0..15)
25000.000373 0 0 0 0 0 0 0 0 0 0 0 0 0 0 0
##$SHL_MAN= (0..15)
<> <> <> <> <> <> <> <> <> <> <> <> <> <> <> <>
##$SHL_MEANAMP= (0..15)
0 0 0 0 0 0 0 0 0 0 0 0 0 0 0 0
##$SHL_MODAMP= (0..15)
0 0 0 0 0 0 0 0 0 0 0 0 0 0 0 0
##$SHL_MODE= (0..15)
0 0 0 0 0 0 0 0 0 0 0 0 0 0 0 0
##$SHL_MODFREQ= (0..15)
0 0 0 0 0 0 0 0 0 0 0 0 0 0 0 0
##$SHL_MODPHASE= (0..15)
0 0 0 0 0 0 0 0 0 0 0 0 0 0 0 0
##$SHL_MODSCALE= (0..15)
0 0 0 0 0 0 0 0 0 0 0 0 0 0 0 0
##$SHL_MODSW= (0..15)
0 0 0 0 0 0 0 0 0 0 0 0 0 0 0 0
##$SHL_MODSWDIR= (0..15)
-1 -1 -1 -1 -1 -1 -1 -1 -1 -1 -1 -1 -1 -1 -1 -1
##$SHL_MU= (0..15)
0 0 0 0 0 0 0 0 0 0 0 0 0 0 0 0
##$SHL_NPOINTS= (0..15)
1250 0 0 0 0 0 0 0 0 0 0 0 0 0 0 0
##$SHL_OFFS= (0..15)
<> <> <> <> <> <> <> <> <> <> <> <> <> <> <> <>
##$SHL_OFFSCOEFF0= (0..95)
0 0 0 0 0 0 0 0 0 0 0 0 0 0 0 0 0 0 0 0 0 0 0 0 0 0 0 0 0 0 0 0 0 0 0 0
0 0 0 0 0 0 0 0 0 0 0 0 0 0 0 0 0 0 0 0 0 0 0 0 0 0 0 0 0 0 0 0 0 0 0 0
0 0 0 0 0 0 0 0 0 0 0 0 0 0 0 0 0 0 0 0 0 0 0 0
##$SHL_OFFSCOEFF1= (0..95)
0 0 0 0 0 0 0 0 0 0 0 0 0 0 0 0 0 0 0 0 0 0 0 0 0 0 0 0 0 0 0 0 0 0 0 0
0 0 0 0 0 0 0 0 0 0 0 0 0 0 0 0 0 0 0 0 0 0 0 0 0 0 0 0 0 0 0 0 0 0 0 0
0 0 0 0 0 0 0 0 0 0 0 0 0 0 0 0 0 0 0 0 0 0 0 0
##$SHL_OFFSCOEFF10= (0..95)
0 0 0 0 0 0 0 0 0 0 0 0 0 0 0 0 0 0 0 0 0 0 0 0 0 0 0 0 0 0 0 0 0 0 0 0
0 0 0 0 0 0 0 0 0 0 0 0 0 0 0 0 0 0 0 0 0 0 0 0 0 0 0 0 0 0 0 0 0 0 0 0
0 0 0 0 0 0 0 0 0 0 0 0 0 0 0 0 0 0 0 0 0 0 0 0
##$SHL_OFFSCOEFF11= (0..95)
0 0 0 0 0 0 0 0 0 0 0 0 0 0 0 0 0 0 0 0 0 0 0 0 0 0 0 0 0 0 0 0 0 0 0 0
0 0 0 0 0 0 0 0 0 0 0 0 0 0 0 0 0 0 0 0 0 0 0 0 0 0 0 0 0 0 0 0 0 0 0 0
0 0 0 0 0 0 0 0 0 0 0 0 0 0 0 0 0 0 0 0 0 0 0 0
##$SHL_OFFSCOEFF12= (0..95)
0 0 0 0 0 0 0 0 0 0 0 0 0 0 0 0 0 0 0 0 0 0 0 0 0 0 0 0 0 0 0 0 0 0 0 0
0 0 0 0 0 0 0 0 0 0 0 0 0 0 0 0 0 0 0 0 0 0 0 0 0 0 0 0 0 0 0 0 0 0 0 0
0 0 0 0 0 0 0 0 0 0 0 0 0 0 0 0 0 0 0 0 0 0 0 0
##$SHL_OFFSCOEFF13= (0..95)
0 0 0 0 0 0 0 0 0 0 0 0 0 0 0 0 0 0 0 0 0 0 0 0 0 0 0 0 0 0 0 0 0 0 0 0
0 0 0 0 0 0 0 0 0 0 0 0 0 0 0 0 0 0 0 0 0 0 0 0 0 0 0 0 0 0 0 0 0 0 0 0
0 0 0 0 0 0 0 0 0 0 0 0 0 0 0 0 0 0 0 0 0 0 0 0
##$SHL_OFFSCOEFF14= (0..95)
0 0 0 0 0 0 0 0 0 0 0 0 0 0 0 0 0 0 0 0 0 0 0 0 0 0 0 0 0 0 0 0 0 0 0 0
0 0 0 0 0 0 0 0 0 0 0 0 0 0 0 0 0 0 0 0 0 0 0 0 0 0 0 0 0 0 0 0 0 0 0 0
0 0 0 0 0 0 0 0 0 0 0 0 0 0 0 0 0 0 0 0 0 0 0 0
##$SHL_OFFSCOEFF15= (0..95)
0 0 0 0 0 0 0 0 0 0 0 0 0 0 0 0 0 0 0 0 0 0 0 0 0 0 0 0 0 0 0 0 0 0 0 0
0 0 0 0 0 0 0 0 0 0 0 0 0 0 0 0 0 0 0 0 0 0 0 0 0 0 0 0 0 0 0 0 0 0 0 0
0 0 0 0 0 0 0 0 0 0 0 0 0 0 0 0 0 0 0 0 0 0 0 0
##$SHL_OFFSCOEFF2= (0..95)
0 0 0 0 0 0 0 0 0 0 0 0 0 0 0 0 0 0 0 0 0 0 0 0 0 0 0 0 0 0 0 0 0 0 0 0
0 0 0 0 0 0 0 0 0 0 0 0 0 0 0 0 0 0 0 0 0 0 0 0 0 0 0 0 0 0 0 0 0 0 0 0
0 0 0 0 0 0 0 0 0 0 0 0 0 0 0 0 0 0 0 0 0 0 0 0
##$SHL_OFFSCOEFF3= (0..95)
0 0 0 0 0 0 0 0 0 0 0 0 0 0 0 0 0 0 0 0 0 0 0 0 0 0 0 0 0 0 0 0 0 0 0 0
0 0 0 0 0 0 0 0 0 0 0 0 0 0 0 0 0 0 0 0 0 0 0 0 0 0 0 0 0 0 0 0 0 0 0 0
0 0 0 0 0 0 0 0 0 0 0 0 0 0 0 0 0 0 0 0 0 0 0 0
##$SHL_OFFSCOEFF4= (0..95)
0 0 0 0 0 0 0 0 0 0 0 0 0 0 0 0 0 0 0 0 0 0 0 0 0 0 0 0 0 0 0 0 0 0 0 0
0 0 0 0 0 0 0 0 0 0 0 0 0 0 0 0 0 0 0 0 0 0 0 0 0 0 0 0 0 0 0 0 0 0 0 0
0 0 0 0 0 0 0 0 0 0 0 0 0 0 0 0 0 0 0 0 0 0 0 0
##$SHL_OFFSCOEFF5= (0..95)
0 0 0 0 0 0 0 0 0 0 0 0 0 0 0 0 0 0 0 0 0 0 0 0 0 0 0 0 0 0 0 0 0 0 0 0
0 0 0 0 0 0 0 0 0 0 0 0 0 0 0 0 0 0 0 0 0 0 0 0 0 0 0 0 0 0 0 0 0 0 0 0
0 0 0 0 0 0 0 0 0 0 0 0 0 0 0 0 0 0 0 0 0 0 0 0
##$SHL_OFFSCOEFF6= (0..95)
0 0 0 0 0 0 0 0 0 0 0 0 0 0 0 0 0 0 0 0 0 0 0 0 0 0 0 0 0 0 0 0 0 0 0 0
0 0 0 0 0 0 0 0 0 0 0 0 0 0 0 0 0 0 0 0 0 0 0 0 0 0 0 0 0 0 0 0 0 0 0 0
0 0 0 0 0 0 0 0 0 0 0 0 0 0 0 0 0 0 0 0 0 0 0 0
##$SHL_OFFSCOEFF7= (0..95)
0 0 0 0 0 0 0 0 0 0 0 0 0 0 0 0 0 0 0 0 0 0 0 0 0 0 0 0 0 0 0 0 0 0 0 0
0 0 0 0 0 0 0 0 0 0 0 0 0 0 0 0 0 0 0 0 0 0 0 0 0 0 0 0 0 0 0 0 0 0 0 0
0 0 0 0 0 0 0 0 0 0 0 0 0 0 0 0 0 0 0 0 0 0 0 0
##$SHL_OFFSCOEFF8= (0..95)
0 0 0 0 0 0 0 0 0 0 0 0 0 0 0 0 0 0 0 0 0 0 0 0 0 0 0 0 0 0 0 0 0 0 0 0
0 0 0 0 0 0 0 0 0 0 0 0 0 0 0 0 0 0 0 0 0 0 0 0 0 0 0 0 0 0 0 0 0 0 0 0
0 0 0 0 0 0 0 0 0 0 0 0 0 0 0 0 0 0 0 0 0 0 0 0
##$SHL_OFFSCOEFF9= (0..95)
0 0 0 0 0 0 0 0 0 0 0 0 0 0 0 0 0 0 0 0 0 0 0 0 0 0 0 0 0 0 0 0 0 0 0 0
0 0 0 0 0 0 0 0 0 0 0 0 0 0 0 0 0 0 0 0 0 0 0 0 0 0 0 0 0 0 0 0 0 0 0 0
0 0 0 0 0 0 0 0 0 0 0 0 0 0 0 0 0 0 0 0 0 0 0 0
##$SHL_PHASE= (0..15)
0 0 0 0 0 0 0 0 0 0 0 0 0 0 0 0
##$SHL_PHASEFAC= (0..15)
0 0 0 0 0 0 0 0 0 0 0 0 0 0 0 0
##$SHL_POWERINDEX= (0..15)
0 0 0 0 0 0 0 0 0 0 0 0 0 0 0 0
##$SHL_QUADCOEFF= (0..15)
0 0 0 0 0 0 0 0 0 0 0 0 0 0 0 0
##$SHL_RIGHTLIMIT= (0..15)
0 0 0 0 0 0 0 0 0 0 0 0 0 0 0 0
##$SHL_SCALEFACTOR= (0..15)
1 1 1 1 1 1 1 1 1 1 1 1 1 1 1 1
##$SHL_SF= (0..15)
<> <> <> <> <> <> <> <> <> <> <> <> <> <> <> <>
##$SHL_SFCOEFFS0= (0..200)
0 0 0 0 0 0 0 0 0 0 0 0 0 0 0 0 0 0 0 0 0 0 0 0 0 0 0 0 0 0 0 0 0 0 0 0
0 0 0 0 0 0 0 0 0 0 0 0 0 0 0 0 0 0 0 0 0 0 0 0 0 0 0 0 0 0 0 0 0 0 0 0
0 0 0 0 0 0 0 0 0 0 0 0 0 0 0 0 0 0 0 0 0 0 0 0 0 0 0 0 0 0 0 0 0 0 0 0
0 0 0 0 0 0 0 0 0 0 0 0 0 0 0 0 0 0 0 0 0 0 0 0 0 0 0 0 0 0 0 0 0 0 0 0
0 0 0 0 0 0 0 0 0 0 0 0 0 0 0 0 0 0 0 0 0 0 0 0 0 0 0 0 0 0 0 0 0 0 0 0
0 0 0 0 0 0 0 0 0 0 0 0 0 0 0 0 0 0 0 0 0
##$SHL_SFCOEFFS1= (0..200)
0 0 0 0 0 0 0 0 0 0 0 0 0 0 0 0 0 0 0 0 0 0 0 0 0 0 0 0 0 0 0 0 0 0 0 0
0 0 0 0 0 0 0 0 0 0 0 0 0 0 0 0 0 0 0 0 0 0 0 0 0 0 0 0 0 0 0 0 0 0 0 0
0 0 0 0 0 0 0 0 0 0 0 0 0 0 0 0 0 0 0 0 0 0 0 0 0 0 0 0 0 0 0 0 0 0 0 0
0 0 0 0 0 0 0 0 0 0 0 0 0 0 0 0 0 0 0 0 0 0 0 0 0 0 0 0 0 0 0 0 0 0 0 0
0 0 0 0 0 0 0 0 0 0 0 0 0 0 0 0 0 0 0 0 0 0 0 0 0 0 0 0 0 0 0 0 0 0 0 0
0 0 0 0 0 0 0 0 0 0 0 0 0 0 0 0 0 0 0 0 0
##$SHL_SFCOEFFS10= (0..200)
0 0 0 0 0 0 0 0 0 0 0 0 0 0 0 0 0 0 0 0 0 0 0 0 0 0 0 0 0 0 0 0 0 0 0 0
0 0 0 0 0 0 0 0 0 0 0 0 0 0 0 0 0 0 0 0 0 0 0 0 0 0 0 0 0 0 0 0 0 0 0 0
0 0 0 0 0 0 0 0 0 0 0 0 0 0 0 0 0 0 0 0 0 0 0 0 0 0 0 0 0 0 0 0 0 0 0 0
0 0 0 0 0 0 0 0 0 0 0 0 0 0 0 0 0 0 0 0 0 0 0 0 0 0 0 0 0 0 0 0 0 0 0 0
0 0 0 0 0 0 0 0 0 0 0 0 0 0 0 0 0 0 0 0 0 0 0 0 0 0 0 0 0 0 0 0 0 0 0 0
0 0 0 0 0 0 0 0 0 0 0 0 0 0 0 0 0 0 0 0 0
##$SHL_SFCOEFFS11= (0..200)
0 0 0 0 0 0 0 0 0 0 0 0 0 0 0 0 0 0 0 0 0 0 0 0 0 0 0 0 0 0 0 0 0 0 0 0
0 0 0 0 0 0 0 0 0 0 0 0 0 0 0 0 0 0 0 0 0 0 0 0 0 0 0 0 0 0 0 0 0 0 0 0
0 0 0 0 0 0 0 0 0 0 0 0 0 0 0 0 0 0 0 0 0 0 0 0 0 0 0 0 0 0 0 0 0 0 0 0
0 0 0 0 0 0 0 0 0 0 0 0 0 0 0 0 0 0 0 0 0 0 0 0 0 0 0 0 0 0 0 0 0 0 0 0
0 0 0 0 0 0 0 0 0 0 0 0 0 0 0 0 0 0 0 0 0 0 0 0 0 0 0 0 0 0 0 0 0 0 0 0
0 0 0 0 0 0 0 0 0 0 0 0 0 0 0 0 0 0 0 0 0
##$SHL_SFCOEFFS12= (0..200)
0 0 0 0 0 0 0 0 0 0 0 0 0 0 0 0 0 0 0 0 0 0 0 0 0 0 0 0 0 0 0 0 0 0 0 0
0 0 0 0 0 0 0 0 0 0 0 0 0 0 0 0 0 0 0 0 0 0 0 0 0 0 0 0 0 0 0 0 0 0 0 0
0 0 0 0 0 0 0 0 0 0 0 0 0 0 0 0 0 0 0 0 0 0 0 0 0 0 0 0 0 0 0 0 0 0 0 0
0 0 0 0 0 0 0 0 0 0 0 0 0 0 0 0 0 0 0 0 0 0 0 0 0 0 0 0 0 0 0 0 0 0 0 0
0 0 0 0 0 0 0 0 0 0 0 0 0 0 0 0 0 0 0 0 0 0 0 0 0 0 0 0 0 0 0 0 0 0 0 0
0 0 0 0 0 0 0 0 0 0 0 0 0 0 0 0 0 0 0 0 0
##$SHL_SFCOEFFS13= (0..200)
0 0 0 0 0 0 0 0 0 0 0 0 0 0 0 0 0 0 0 0 0 0 0 0 0 0 0 0 0 0 0 0 0 0 0 0
0 0 0 0 0 0 0 0 0 0 0 0 0 0 0 0 0 0 0 0 0 0 0 0 0 0 0 0 0 0 0 0 0 0 0 0
0 0 0 0 0 0 0 0 0 0 0 0 0 0 0 0 0 0 0 0 0 0 0 0 0 0 0 0 0 0 0 0 0 0 0 0
0 0 0 0 0 0 0 0 0 0 0 0 0 0 0 0 0 0 0 0 0 0 0 0 0 0 0 0 0 0 0 0 0 0 0 0
0 0 0 0 0 0 0 0 0 0 0 0 0 0 0 0 0 0 0 0 0 0 0 0 0 0 0 0 0 0 0 0 0 0 0 0
0 0 0 0 0 0 0 0 0 0 0 0 0 0 0 0 0 0 0 0 0
##$SHL_SFCOEFFS14= (0..200)
0 0 0 0 0 0 0 0 0 0 0 0 0 0 0 0 0 0 0 0 0 0 0 0 0 0 0 0 0 0 0 0 0 0 0 0
0 0 0 0 0 0 0 0 0 0 0 0 0 0 0 0 0 0 0 0 0 0 0 0 0 0 0 0 0 0 0 0 0 0 0 0
0 0 0 0 0 0 0 0 0 0 0 0 0 0 0 0 0 0 0 0 0 0 0 0 0 0 0 0 0 0 0 0 0 0 0 0
0 0 0 0 0 0 0 0 0 0 0 0 0 0 0 0 0 0 0 0 0 0 0 0 0 0 0 0 0 0 0 0 0 0 0 0
0 0 0 0 0 0 0 0 0 0 0 0 0 0 0 0 0 0 0 0 0 0 0 0 0 0 0 0 0 0 0 0 0 0 0 0
0 0 0 0 0 0 0 0 0 0 0 0 0 0 0 0 0 0 0 0 0
##$SHL_SFCOEFFS15= (0..200)
0 0 0 0 0 0 0 0 0 0 0 0 0 0 0 0 0 0 0 0 0 0 0 0 0 0 0 0 0 0 0 0 0 0 0 0
0 0 0 0 0 0 0 0 0 0 0 0 0 0 0 0 0 0 0 0 0 0 0 0 0 0 0 0 0 0 0 0 0 0 0 0
0 0 0 0 0 0 0 0 0 0 0 0 0 0 0 0 0 0 0 0 0 0 0 0 0 0 0 0 0 0 0 0 0 0 0 0
0 0 0 0 0 0 0 0 0 0 0 0 0 0 0 0 0 0 0 0 0 0 0 0 0 0 0 0 0 0 0 0 0 0 0 0
0 0 0 0 0 0 0 0 0 0 0 0 0 0 0 0 0 0 0 0 0 0 0 0 0 0 0 0 0 0 0 0 0 0 0 0
0 0 0 0 0 0 0 0 0 0 0 0 0 0 0 0 0 0 0 0 0
##$SHL_SFCOEFFS2= (0..200)
0 0 0 0 0 0 0 0 0 0 0 0 0 0 0 0 0 0 0 0 0 0 0 0 0 0 0 0 0 0 0 0 0 0 0 0
0 0 0 0 0 0 0 0 0 0 0 0 0 0 0 0 0 0 0 0 0 0 0 0 0 0 0 0 0 0 0 0 0 0 0 0
0 0 0 0 0 0 0 0 0 0 0 0 0 0 0 0 0 0 0 0 0 0 0 0 0 0 0 0 0 0 0 0 0 0 0 0
0 0 0 0 0 0 0 0 0 0 0 0 0 0 0 0 0 0 0 0 0 0 0 0 0 0 0 0 0 0 0 0 0 0 0 0
0 0 0 0 0 0 0 0 0 0 0 0 0 0 0 0 0 0 0 0 0 0 0 0 0 0 0 0 0 0 0 0 0 0 0 0
0 0 0 0 0 0 0 0 0 0 0 0 0 0 0 0 0 0 0 0 0
##$SHL_SFCOEFFS3= (0..200)
0 0 0 0 0 0 0 0 0 0 0 0 0 0 0 0 0 0 0 0 0 0 0 0 0 0 0 0 0 0 0 0 0 0 0 0
0 0 0 0 0 0 0 0 0 0 0 0 0 0 0 0 0 0 0 0 0 0 0 0 0 0 0 0 0 0 0 0 0 0 0 0
0 0 0 0 0 0 0 0 0 0 0 0 0 0 0 0 0 0 0 0 0 0 0 0 0 0 0 0 0 0 0 0 0 0 0 0
0 0 0 0 0 0 0 0 0 0 0 0 0 0 0 0 0 0 0 0 0 0 0 0 0 0 0 0 0 0 0 0 0 0 0 0
0 0 0 0 0 0 0 0 0 0 0 0 0 0 0 0 0 0 0 0 0 0 0 0 0 0 0 0 0 0 0 0 0 0 0 0
0 0 0 0 0 0 0 0 0 0 0 0 0 0 0 0 0 0 0 0 0
##$SHL_SFCOEFFS4= (0..200)
0 0 0 0 0 0 0 0 0 0 0 0 0 0 0 0 0 0 0 0 0 0 0 0 0 0 0 0 0 0 0 0 0 0 0 0
0 0 0 0 0 0 0 0 0 0 0 0 0 0 0 0 0 0 0 0 0 0 0 0 0 0 0 0 0 0 0 0 0 0 0 0
0 0 0 0 0 0 0 0 0 0 0 0 0 0 0 0 0 0 0 0 0 0 0 0 0 0 0 0 0 0 0 0 0 0 0 0
0 0 0 0 0 0 0 0 0 0 0 0 0 0 0 0 0 0 0 0 0 0 0 0 0 0 0 0 0 0 0 0 0 0 0 0
0 0 0 0 0 0 0 0 0 0 0 0 0 0 0 0 0 0 0 0 0 0 0 0 0 0 0 0 0 0 0 0 0 0 0 0
0 0 0 0 0 0 0 0 0 0 0 0 0 0 0 0 0 0 0 0 0
##$SHL_SFCOEFFS5= (0..200)
0 0 0 0 0 0 0 0 0 0 0 0 0 0 0 0 0 0 0 0 0 0 0 0 0 0 0 0 0 0 0 0 0 0 0 0
0 0 0 0 0 0 0 0 0 0 0 0 0 0 0 0 0 0 0 0 0 0 0 0 0 0 0 0 0 0 0 0 0 0 0 0
0 0 0 0 0 0 0 0 0 0 0 0 0 0 0 0 0 0 0 0 0 0 0 0 0 0 0 0 0 0 0 0 0 0 0 0
0 0 0 0 0 0 0 0 0 0 0 0 0 0 0 0 0 0 0 0 0 0 0 0 0 0 0 0 0 0 0 0 0 0 0 0
0 0 0 0 0 0 0 0 0 0 0 0 0 0 0 0 0 0 0 0 0 0 0 0 0 0 0 0 0 0 0 0 0 0 0 0
0 0 0 0 0 0 0 0 0 0 0 0 0 0 0 0 0 0 0 0 0
##$SHL_SFCOEFFS6= (0..200)
0 0 0 0 0 0 0 0 0 0 0 0 0 0 0 0 0 0 0 0 0 0 0 0 0 0 0 0 0 0 0 0 0 0 0 0
0 0 0 0 0 0 0 0 0 0 0 0 0 0 0 0 0 0 0 0 0 0 0 0 0 0 0 0 0 0 0 0 0 0 0 0
0 0 0 0 0 0 0 0 0 0 0 0 0 0 0 0 0 0 0 0 0 0 0 0 0 0 0 0 0 0 0 0 0 0 0 0
0 0 0 0 0 0 0 0 0 0 0 0 0 0 0 0 0 0 0 0 0 0 0 0 0 0 0 0 0 0 0 0 0 0 0 0
0 0 0 0 0 0 0 0 0 0 0 0 0 0 0 0 0 0 0 0 0 0 0 0 0 0 0 0 0 0 0 0 0 0 0 0
0 0 0 0 0 0 0 0 0 0 0 0 0 0 0 0 0 0 0 0 0
##$SHL_SFCOEFFS7= (0..200)
0 0 0 0 0 0 0 0 0 0 0 0 0 0 0 0 0 0 0 0 0 0 0 0 0 0 0 0 0 0 0 0 0 0 0 0
0 0 0 0 0 0 0 0 0 0 0 0 0 0 0 0 0 0 0 0 0 0 0 0 0 0 0 0 0 0 0 0 0 0 0 0
0 0 0 0 0 0 0 0 0 0 0 0 0 0 0 0 0 0 0 0 0 0 0 0 0 0 0 0 0 0 0 0 0 0 0 0
0 0 0 0 0 0 0 0 0 0 0 0 0 0 0 0 0 0 0 0 0 0 0 0 0 0 0 0 0 0 0 0 0 0 0 0
0 0 0 0 0 0 0 0 0 0 0 0 0 0 0 0 0 0 0 0 0 0 0 0 0 0 0 0 0 0 0 0 0 0 0 0
0 0 0 0 0 0 0 0 0 0 0 0 0 0 0 0 0 0 0 0 0
##$SHL_SFCOEFFS8= (0..200)
0 0 0 0 0 0 0 0 0 0 0 0 0 0 0 0 0 0 0 0 0 0 0 0 0 0 0 0 0 0 0 0 0 0 0 0
0 0 0 0 0 0 0 0 0 0 0 0 0 0 0 0 0 0 0 0 0 0 0 0 0 0 0 0 0 0 0 0 0 0 0 0
0 0 0 0 0 0 0 0 0 0 0 0 0 0 0 0 0 0 0 0 0 0 0 0 0 0 0 0 0 0 0 0 0 0 0 0
0 0 0 0 0 0 0 0 0 0 0 0 0 0 0 0 0 0 0 0 0 0 0 0 0 0 0 0 0 0 0 0 0 0 0 0
0 0 0 0 0 0 0 0 0 0 0 0 0 0 0 0 0 0 0 0 0 0 0 0 0 0 0 0 0 0 0 0 0 0 0 0
0 0 0 0 0 0 0 0 0 0 0 0 0 0 0 0 0 0 0 0 0
##$SHL_SFCOEFFS9= (0..200)
0 0 0 0 0 0 0 0 0 0 0 0 0 0 0 0 0 0 0 0 0 0 0 0 0 0 0 0 0 0 0 0 0 0 0 0
0 0 0 0 0 0 0 0 0 0 0 0 0 0 0 0 0 0 0 0 0 0 0 0 0 0 0 0 0 0 0 0 0 0 0 0
0 0 0 0 0 0 0 0 0 0 0 0 0 0 0 0 0 0 0 0 0 0 0 0 0 0 0 0 0 0 0 0 0 0 0 0
0 0 0 0 0 0 0 0 0 0 0 0 0 0 0 0 0 0 0 0 0 0 0 0 0 0 0 0 0 0 0 0 0 0 0 0
0 0 0 0 0 0 0 0 0 0 0 0 0 0 0 0 0 0 0 0 0 0 0 0 0 0 0 0 0 0 0 0 0 0 0 0
0 0 0 0 0 0 0 0 0 0 0 0 0 0 0 0 0 0 0 0 0
##$SHL_SMOOTHED= (0..15)
0 0 0 0 0 0 0 0 0 0 0 0 0 0 0 0
##$SHL_SMOOTHING= (0..15)
0 0 0 0 0 0 0 0 0 0 0 0 0 0 0 0
##$SHL_SPOAL= (0..15)
0 0 0 0 0 0 0 0 0 0 0 0 0 0 0 0
##$SHL_SPOFFS= (0..15)
0 0 0 0 0 0 0 0 0 0 0 0 0 0 0 0
##$SHL_SPOPH= (0..15)
0 0 0 0 0 0 0 0 0 0 0 0 0 0 0 0
##$SHL_STARTAMP= (0..15)
0 0 0 0 0 0 0 0 0 0 0 0 0 0 0 0
##$SHL_SW= (0..15)
0 0 0 0 0 0 0 0 0 0 0 0 0 0 0 0
##$SHL_SWDIR= (0..15)
-1 -1 -1 -1 -1 -1 -1 -1 -1 -1 -1 -1 -1 -1 -1 -1
##$SHL_TANKAPPA= (0..15)
0 0 0 0 0 0 0 0 0 0 0 0 0 0 0 0
##$SHL_TOTROT= (0..15)
90 0 0 0 0 0 0 0 0 0 0 0 0 0 0 0
##$SHL_TRUNCLEV= (0..15)
0 0 0 0 0 0 0 0 0 0 0 0 0 0 0 0
##$SHL_TYPE= (0..15)
<Excitation> <> <> <> <> <> <> <> <> <> <> <> <> <> <> <>
##$SHL_WINDOWSIZE= (0..15)
0 0 0 0 0 0 0 0 0 0 0 0 0 0 0 0
##$SHL_ZETA= (0..15)
0 0 0 0 0 0 0 0 0 0 0 0 0 0 0 0
##NPOINTS= 1250
##XYPOINTS= (XY..XY)
40.580839, 171.762771
42.122997, 172.352422
43.653069, 172.942073
45.170618, 173.531725
46.675209, 174.121376
48.166409, 174.711027
49.643791, 175.300678
51.106930, 175.890330
52.555408, 176.479981
53.988809, 177.069632
55.406721, 177.659284
56.808737, 178.248935
58.194456, 178.838586
59.563480, 179.428237
60.915416, 180.017889
62.249876, 180.607540
63.566478, 181.197191
64.864843, 181.786843
66.144600, 182.376494
67.405380, 182.966145
68.646824, 183.555796
69.868573, 184.145448
71.070278, 184.735099
72.251594, 185.324750
73.412182, 185.914402
74.551710, 186.504053
75.669849, 187.093704
76.766280, 187.683355
77.840688, 188.273007
78.892764, 188.862658
79.922208, 189.452309
80.928723, 190.041961
81.912020, 190.631612
82.871818, 191.221263
83.807842, 191.810914
84.719822, 192.400566
85.607498, 192.990217
86.470614, 193.579868
87.308922, 194.169520
88.122184, 194.759171
88.910164, 195.348822
89.672637, 195.938473
90.409384, 196.528125
91.120195, 197.117776
91.804864, 197.707427
92.463196, 198.297079
93.095001, 198.886730
93.700099, 199.476381
94.278316, 200.066032
94.829486, 200.655684
95.353450, 201.245335
95.850059, 201.834986
96.319171, 202.424638
96.760649, 203.014289
97.174368, 203.603940
97.560210, 204.193591
97.918063, 204.783243
98.247824, 205.372894
98.549400, 205.962545
98.822704, 206.552197
99.067656, 207.141848
99.284188, 207.731499
99.472236, 208.321151
99.631748, 208.910802
99.762676, 209.500453
99.864984, 210.090104
99.938642, 210.679756
99.983630, 211.269407
99.999933, 211.859058
99.987548, 212.448710
99.946478, 213.038361
99.876735, 213.628012
99.778339, 214.217663
99.651318, 214.807315
99.495708, 215.396966
99.311554, 215.986617
99.098910, 216.576269
98.857835, 217.165920
98.588400, 217.755571
98.290681, 218.345222
97.964764, 218.934874
97.610742, 219.524525
97.228717, 220.114176
96.818799, 220.703828
96.381105, 221.293479
95.915760, 221.883130
95.422899, 222.472781
94.902662, 223.062433
94.355199, 223.652084
93.780667, 224.241735
93.179231, 224.831387
92.551063, 225.421038
91.896343, 226.010689
91.215260, 226.600340
90.508009, 227.189992
89.774792, 227.779643
89.015820, 228.369294
88.231310, 228.958946
87.421489, 229.548597
86.586587, 230.138248
85.726845, 230.727899
84.842509, 231.317551
83.933834, 231.907202
83.001079, 232.496853
82.044512, 233.086505
81.064407, 233.676156
80.061047, 234.265807
79.034718, 234.855458
77.985715, 235.445110
76.914340, 236.034761
75.820899, 236.624412
74.705705, 237.214064
73.569080, 237.803715
72.411349, 238.393366
71.232845, 238.983017
70.033904, 239.572669
68.814872, 240.162320
67.576098, 240.751971
66.317938, 241.341623
65.040752, 241.931274
63.744906, 242.520925
62.430773, 243.110576
61.098730, 243.700228
59.749158, 244.289879
58.382445, 244.879530
56.998983, 245.469182
55.599169, 246.058833
54.183405, 246.648484
52.752096, 247.238136
51.305653, 247.827787
49.844491, 248.417438
48.369030, 249.007089
46.879692, 249.596741
45.376905, 250.186392
43.861101, 250.776043
42.332713, 251.365695
40.792180, 251.955346
39.239945, 252.544997
37.676453, 253.134648
36.102151, 253.724300
34.517493, 254.313951
32.922932, 254.903602
31.318926, 255.493254
29.705934, 256.082905
28.084421, 256.672556
26.454851, 257.262207
24.817691, 257.851859
23.173411, 258.441510
21.522484, 259.031161
19.865381, 259.620813
18.202580, 260.210464
16.534557, 260.800115
14.861790, 261.389766
13.184759, 261.979418
11.503946, 262.569069
9.819833, 263.158720
8.132903, 263.748372
6.443639, 264.338023
4.752527, 264.927674
3.060051, 265.517325
1.366697, 266.106977
0.327048, 86.696628
2.020700, 87.286279
3.713772, 87.875931
5.405779, 88.465582
7.096235, 89.055233
8.784655, 89.644884
10.470555, 90.234536
12.153451, 90.824187
13.832860, 91.413838
15.508301, 92.003490
17.179293, 92.593141
18.845357, 93.182792
20.506013, 93.772443
22.160787, 94.362095
23.809204, 94.951746
25.450790, 95.541397
27.085074, 96.131049
28.711588, 96.720700
30.329866, 97.310351
31.939442, 97.900002
33.539855, 98.489654
35.130646, 99.079305
36.711358, 99.668956
38.281539, 100.258608
39.840737, 100.848259
41.388506, 101.437910
42.924400, 102.027562
44.447981, 102.617213
45.958810, 103.206864
47.456454, 103.796515
48.940483, 104.386167
50.410472, 104.975818
51.865999, 105.565469
53.306647, 106.155121
54.732001, 106.744772
56.141654, 107.334423
57.535201, 107.924074
58.912242, 108.513726
60.272381, 109.103377
61.615229, 109.693028
62.940401, 110.282680
64.247516, 110.872331
65.536200, 111.461982
66.806082, 112.051633
68.056799, 112.641285
69.287990, 113.230936
70.499305, 113.820587
71.690394, 114.410239
72.860916, 114.999890
74.010535, 115.589541
75.138922, 116.179192
76.245753, 116.768844
77.330710, 117.358495
78.393482, 117.948146
79.433764, 118.537798
80.451257, 119.127449
81.445670, 119.717100
82.416718, 120.306751
83.364122, 120.896403
84.287609, 121.486054
85.186916, 122.075705
86.061784, 122.665357
86.911962, 123.255008
87.737206, 123.844659
88.537280, 124.434310
89.311954, 125.023962
90.061005, 125.613613
90.784220, 126.203264
91.481389, 126.792916
92.152314, 127.382567
92.796802, 127.972218
93.414668, 128.561869
94.005735, 129.151521
94.569832, 129.741172
95.106800, 130.330823
95.616482, 130.920475
96.098733, 131.510126
96.553415, 132.099777
96.980397, 132.689428
97.379558, 133.279080
97.750781, 133.868731
98.093961, 134.458382
98.408999, 135.048034
98.695805, 135.637685
98.954297, 136.227336
99.184401, 136.816987
99.386050, 137.406639
99.559186, 137.996290
99.703760, 138.585941
99.819731, 139.175593
99.907065, 139.765244
99.965738, 140.354895
99.995731, 140.944547
99.997037, 141.534198
99.969656, 142.123849
99.913595, 142.713500
99.828870, 143.303152
99.715505, 143.892803
99.573534, 144.482454
99.402996, 145.072106
99.203941, 145.661757
98.976427, 146.251408
98.720517, 146.841059
98.436286, 147.430711
98.123814, 148.020362
97.783193, 148.610013
97.414519, 149.199665
97.017898, 149.789316
96.593445, 150.378967
96.141280, 150.968618
95.661533, 151.558270
95.154343, 152.147921
94.619854, 152.737572
94.058220, 153.327224
93.469603, 153.916875
92.854170, 154.506526
92.212099, 155.096177
91.543573, 155.685829
90.848785, 156.275480
90.127934, 156.865131
89.381227, 157.454783
88.608877, 158.044434
87.811107, 158.634085
86.988145, 159.223736
86.140227, 159.813388
85.267597, 160.403039
84.370505, 160.992690
83.449209, 161.582342
82.503972, 162.171993
81.535066, 162.761644
80.542768, 163.351295
79.527365, 163.940947
78.489146, 164.530598
77.428409, 165.120249
76.345460, 165.709901
75.240608, 166.299552
74.114170, 166.889203
72.966471, 167.478854
71.797838, 168.068506
70.608608, 168.658157
69.399121, 169.247808
68.169725, 169.837460
66.920772, 170.427111
65.652620, 171.016762
64.365633, 171.606413
63.060181, 172.196065
61.736638, 172.785716
60.395383, 173.375367
59.036802, 173.965019
57.661284, 174.554670
56.269224, 175.144321
54.861021, 175.733973
53.437079, 176.323624
51.997807, 176.913275
50.543618, 177.502926
49.074928, 178.092578
47.592160, 178.682229
46.095738, 179.271880
44.586092, 179.861532
43.063655, 180.451183
41.528863, 181.040834
39.982157, 181.630485
38.423982, 182.220137
36.854782, 182.809788
35.275010, 183.399439
33.685118, 183.989091
32.085562, 184.578742
30.476802, 185.168393
28.859297, 185.758044
27.233514, 186.347696
25.599918, 186.937347
23.958977, 187.526998
22.311163, 188.116650
20.656949, 188.706301
18.996808, 189.295952
17.331217, 189.885603
15.660654, 190.475255
13.985598, 191.064906
12.306530, 191.654557
10.623932, 192.244209
8.938285, 192.833860
7.250075, 193.423511
5.559784, 194.013162
3.867899, 194.602814
2.174903, 195.192465
0.481284, 195.782116
1.212473, 16.371768
2.905882, 16.961419
4.598458, 17.551070
6.289715, 18.140721
7.979167, 18.730373
9.666330, 19.320024
11.350720, 19.909675
13.031853, 20.499327
14.709248, 21.088978
16.382423, 21.678629
18.050898, 22.268280
19.714195, 22.857932
21.371836, 23.447583
23.023345, 24.037234
24.668250, 24.626886
26.306077, 25.216537
27.936358, 25.806188
29.558624, 26.395839
31.172411, 26.985491
32.777254, 27.575142
34.372694, 28.164793
35.958273, 28.754445
37.533536, 29.344096
39.098032, 29.933747
40.651311, 30.523398
42.192927, 31.113050
43.722439, 31.702701
45.239408, 32.292352
46.743398, 32.882004
48.233978, 33.471655
49.710720, 34.061306
51.173202, 34.650958
52.621002, 35.240609
54.053706, 35.830260
55.470903, 36.419911
56.872186, 37.009563
58.257154, 37.599214
59.625408, 38.188865
60.976557, 38.778517
62.310212, 39.368168
63.625992, 39.957819
64.923518, 40.547470
66.202419, 41.137122
67.462327, 41.726773
68.702881, 42.316424
69.923725, 42.906076
71.124509, 43.495727
72.304889, 44.085378
73.464525, 44.675029
74.603086, 45.264681
75.720244, 45.854332
76.815679, 46.443983
77.889077, 47.033635
78.940129, 47.623286
79.968535, 48.212937
80.973999, 48.802588
81.956233, 49.392240
82.914954, 49.981891
83.849889, 50.571542
84.760768, 51.161194
85.647331, 51.750845
86.509323, 52.340496
87.346496, 52.930147
88.158612, 53.519799
88.945435, 54.109450
89.706742, 54.699101
90.442313, 55.288753
91.151937, 55.878404
91.835412, 56.468055
92.492540, 57.057706
93.123133, 57.647358
93.727011, 58.237009
94.304000, 58.826660
94.853934, 59.416312
95.376657, 60.005963
95.872017, 60.595614
96.339873, 61.185265
96.780090, 61.774917
97.192542, 62.364568
97.577112, 62.954219
97.933688, 63.543871
98.262168, 64.133522
98.562459, 64.723173
98.834473, 65.312824
99.078133, 65.902476
99.293369, 66.492127
99.480119, 67.081778
99.638330, 67.671430
99.767956, 68.261081
99.868960, 68.850732
99.941314, 69.440384
99.984995, 70.030035
99.999993, 70.619686
99.986301, 71.209337
99.943926, 71.798989
99.872877, 72.388640
99.773177, 72.978291
99.644853, 73.567943
99.487943, 74.157594
99.302491, 74.747245
99.088551, 75.336896
98.846183, 75.926548
98.575459, 76.516199
98.276454, 77.105850
97.949255, 77.695502
97.593956, 78.285153
97.210659, 78.874804
96.799473, 79.464455
96.360517, 80.054107
95.893917, 80.643758
95.399806, 81.233409
94.878326, 81.823061
94.329628, 82.412712
93.753867, 83.002363
93.151210, 83.592014
92.521829, 84.181666
91.865905, 84.771317
91.183626, 85.360968
90.475188, 85.950620
89.740793, 86.540271
88.980654, 87.129922
88.194987, 87.719573
87.384019, 88.309225
86.547981, 88.898876
85.687114, 89.488527
84.801664, 90.078179
83.891886, 90.667830
82.958041, 91.257481
82.000397, 91.847132
81.019227, 92.436784
80.014815, 93.026435
78.987447, 93.616086
77.937419, 94.205738
76.865032, 94.795389
75.770594, 95.385040
74.654418, 95.974691
73.516825, 96.564343
72.358141, 97.153994
71.178698, 97.743645
69.978836, 98.333297
68.758897, 98.922948
67.519233, 99.512599
66.260198, 100.102250
64.982154, 100.691902
63.685468, 101.281553
62.370511, 101.871204
61.037662, 102.460856
59.687301, 103.050507
58.319817, 103.640158
56.935602, 104.229809
55.535053, 104.819461
54.118572, 105.409112
52.686564, 105.998763
51.239442, 106.588415
49.777621, 107.178066
48.301518, 107.767717
46.811559, 108.357369
45.308170, 108.947020
43.791783, 109.536671
42.262832, 110.126322
40.721757, 110.715974
39.169000, 111.305625
37.605006, 111.895276
36.030223, 112.484928
34.445104, 113.074579
32.850103, 113.664230
31.245677, 114.253881
29.632288, 114.843533
28.010398, 115.433184
26.380472, 116.022835
24.742978, 116.612487
23.098385, 117.202138
21.447166, 117.791789
19.789794, 118.381440
18.126744, 118.971092
16.458495, 119.560743
14.785523, 120.150394
13.108310, 120.740046
11.427336, 121.329697
9.743084, 121.919348
8.056037, 122.508999
6.366679, 123.098651
4.675494, 123.688302
2.982968, 124.277953
1.289586, 124.867605
0.404166, 305.457256
2.097802, 306.046907
3.790837, 306.636558
5.482783, 307.226210
7.173157, 307.815861
8.861473, 308.405512
10.547247, 308.995164
12.229994, 309.584815
13.909233, 310.174466
15.584482, 310.764117
17.255260, 311.353769
18.921088, 311.943420
20.581487, 312.533071
22.235982, 313.122723
23.884098, 313.712374
25.525361, 314.302025
27.159302, 314.891676
28.785452, 315.481328
30.403343, 316.070979
32.012512, 316.660630
33.612497, 317.250282
35.202839, 317.839933
36.783081, 318.429584
38.352772, 319.019235
39.911459, 319.608887
41.458697, 320.198538
42.994040, 320.788189
44.517050, 321.377841
46.027288, 321.967492
47.524321, 322.557143
49.007720, 323.146795
50.477060, 323.736446
51.931919, 324.326097
53.371879, 324.915748
54.796528, 325.505400
56.205456, 326.095051
57.598260, 326.684702
58.974539, 327.274354
60.333900, 327.864005
61.675952, 328.453656
63.000310, 329.043307
64.306594, 329.632959
65.594429, 330.222610
66.863447, 330.812261
68.113282, 331.401913
69.343576, 331.991564
70.553977, 332.581215
71.744137, 333.170866
72.913715, 333.760518
74.062375, 334.350169
75.189787, 334.939820
76.295629, 335.529472
77.379582, 336.119123
78.441337, 336.708774
79.480588, 337.298425
80.497037, 337.888077
81.490392, 338.477728
82.460370, 339.067379
83.406690, 339.657031
84.329082, 340.246682
85.227282, 340.836333
86.101031, 341.425984
86.950079, 342.015636
87.774183, 342.605287
88.573105, 343.194938
89.346617, 343.784590
90.094497, 344.374241
90.816530, 344.963892
91.512509, 345.553543
92.182234, 346.143195
92.825514, 346.732846
93.442163, 347.322497
94.032006, 347.912149
94.594871, 348.501800
95.130599, 349.091451
95.639036, 349.681102
96.120035, 350.270754
96.573459, 350.860405
96.999177, 351.450056
97.397067, 352.039708
97.767016, 352.629359
98.108917, 353.219010
98.422672, 353.808661
98.708191, 354.398313
98.965391, 354.987964
99.194201, 355.577615
99.394552, 356.167267
99.566389, 356.756918
99.709662, 357.346569
99.824330, 357.936220
99.910360, 358.525872
99.967726, 359.115523
99.996414, 359.705174
99.996414, 0.294826
99.967726, 0.884477
99.910360, 1.474128
99.824330, 2.063780
99.709662, 2.653431
99.566389, 3.243082
99.394552, 3.832733
99.194201, 4.422385
98.965391, 5.012036
98.708191, 5.601687
98.422672, 6.191339
98.108917, 6.780990
97.767016, 7.370641
97.397067, 7.960292
96.999177, 8.549944
96.573459, 9.139595
96.120035, 9.729246
95.639036, 10.318898
95.130599, 10.908549
94.594871, 11.498200
94.032006, 12.087851
93.442163, 12.677503
92.825514, 13.267154
92.182234, 13.856805
91.512509, 14.446457
90.816530, 15.036108
90.094497, 15.625759
89.346617, 16.215410
88.573105, 16.805062
87.774183, 17.394713
86.950079, 17.984364
86.101031, 18.574016
85.227282, 19.163667
84.329082, 19.753318
83.406690, 20.342969
82.460370, 20.932621
81.490392, 21.522272
80.497037, 22.111923
79.480588, 22.701575
78.441337, 23.291226
77.379582, 23.880877
76.295629, 24.470528
75.189787, 25.060180
74.062375, 25.649831
72.913715, 26.239482
71.744137, 26.829134
70.553977, 27.418785
69.343576, 28.008436
68.113282, 28.598087
66.863447, 29.187739
65.594429, 29.777390
64.306594, 30.367041
63.000310, 30.956693
61.675952, 31.546344
60.333900, 32.135995
58.974539, 32.725646
57.598260, 33.315298
56.205456, 33.904949
54.796528, 34.494600
53.371879, 35.084252
51.931919, 35.673903
50.477060, 36.263554
49.007720, 36.853205
47.524321, 37.442857
46.027288, 38.032508
44.517050, 38.622159
42.994040, 39.211811
41.458697, 39.801462
39.911459, 40.391113
38.352772, 40.980765
36.783081, 41.570416
35.202839, 42.160067
33.612497, 42.749718
32.012512, 43.339370
30.403343, 43.929021
28.785452, 44.518672
27.159302, 45.108324
25.525361, 45.697975
23.884098, 46.287626
22.235982, 46.877277
20.581487, 47.466929
18.921088, 48.056580
17.255260, 48.646231
15.584482, 49.235883
13.909233, 49.825534
12.229994, 50.415185
10.547247, 51.004836
8.861473, 51.594488
7.173157, 52.184139
5.482783, 52.773790
3.790837, 53.363442
2.097802, 53.953093
0.404166, 54.542744
1.289586, 235.132395
2.982968, 235.722047
4.675494, 236.311698
6.366679, 236.901349
8.056037, 237.491001
9.743084, 238.080652
11.427336, 238.670303
13.108310, 239.259954
14.785523, 239.849606
16.458495, 240.439257
18.126744, 241.028908
19.789794, 241.618560
21.447166, 242.208211
23.098385, 242.797862
24.742978, 243.387513
26.380472, 243.977165
28.010398, 244.566816
29.632288, 245.156467
31.245677, 245.746119
32.850103, 246.335770
34.445104, 246.925421
36.030223, 247.515072
37.605006, 248.104724
39.169000, 248.694375
40.721757, 249.284026
42.262832, 249.873678
43.791783, 250.463329
45.308170, 251.052980
46.811559, 251.642631
48.301518, 252.232283
49.777621, 252.821934
51.239442, 253.411585
52.686564, 254.001237
54.118572, 254.590888
55.535053, 255.180539
56.935602, 255.770191
58.319817, 256.359842
59.687301, 256.949493
61.037662, 257.539144
62.370511, 258.128796
63.685468, 258.718447
64.982154, 259.308098
66.260198, 259.897750
67.519233, 260.487401
68.758897, 261.077052
69.978836, 261.666703
71.178698, 262.256355
72.358141, 262.846006
73.516825, 263.435657
74.654418, 264.025309
75.770594, 264.614960
76.865032, 265.204611
77.937419, 265.794262
78.987447, 266.383914
80.014815, 266.973565
81.019227, 267.563216
82.000397, 268.152868
82.958041, 268.742519
83.891886, 269.332170
84.801664, 269.921821
85.687114, 270.511473
86.547981, 271.101124
87.384019, 271.690775
88.194987, 272.280427
88.980654, 272.870078
89.740793, 273.459729
90.475188, 274.049380
91.183626, 274.639032
91.865905, 275.228683
92.521829, 275.818334
93.151210, 276.407986
93.753867, 276.997637
94.329628, 277.587288
94.878326, 278.176939
95.399806, 278.766591
95.893917, 279.356242
96.360517, 279.945893
96.799473, 280.535545
97.210659, 281.125196
97.593956, 281.714847
97.949255, 282.304498
98.276454, 282.894150
98.575459, 283.483801
98.846183, 284.073452
99.088551, 284.663104
99.302491, 285.252755
99.487943, 285.842406
99.644853, 286.432057
99.773177, 287.021709
99.872877, 287.611360
99.943926, 288.201011
99.986301, 288.790663
99.999993, 289.380314
99.984995, 289.969965
99.941314, 290.559616
99.868960, 291.149268
99.767956, 291.738919
99.638330, 292.328570
99.480119, 292.918222
99.293369, 293.507873
99.078133, 294.097524
98.834473, 294.687176
98.562459, 295.276827
98.262168, 295.866478
97.933688, 296.456129
97.577112, 297.045781
97.192542, 297.635432
96.780090, 298.225083
96.339873, 298.814735
95.872017, 299.404386
95.376657, 299.994037
94.853934, 300.583688
94.304000, 301.173340
93.727011, 301.762991
93.123133, 302.352642
92.492540, 302.942294
91.835412, 303.531945
91.151937, 304.121596
90.442313, 304.711247
89.706742, 305.300899
88.945435, 305.890550
88.158612, 306.480201
87.346496, 307.069853
86.509323, 307.659504
85.647331, 308.249155
84.760768, 308.838806
83.849889, 309.428458
82.914954, 310.018109
81.956233, 310.607760
80.973999, 311.197412
79.968535, 311.787063
78.940129, 312.376714
77.889077, 312.966365
76.815679, 313.556017
75.720244, 314.145668
74.603086, 314.735319
73.464525, 315.324971
72.304889, 315.914622
71.124509, 316.504273
69.923725, 317.093924
68.702881, 317.683576
67.462327, 318.273227
66.202419, 318.862878
64.923518, 319.452530
63.625992, 320.042181
62.310212, 320.631832
60.976557, 321.221483
59.625408, 321.811135
58.257154, 322.400786
56.872186, 322.990437
55.470903, 323.580089
54.053706, 324.169740
52.621002, 324.759391
51.173202, 325.349042
49.710720, 325.938694
48.233978, 326.528345
46.743398, 327.117996
45.239408, 327.707648
43.722439, 328.297299
42.192927, 328.886950
40.651311, 329.476602
39.098032, 330.066253
37.533536, 330.655904
35.958273, 331.245555
34.372694, 331.835207
32.777254, 332.424858
31.172411, 333.014509
29.558624, 333.604161
27.936358, 334.193812
26.306077, 334.783463
24.668250, 335.373114
23.023345, 335.962766
21.371836, 336.552417
19.714195, 337.142068
18.050898, 337.731720
16.382423, 338.321371
14.709248, 338.911022
13.031853, 339.500673
11.350720, 340.090325
9.666330, 340.679976
7.979167, 341.269627
6.289715, 341.859279
4.598458, 342.448930
2.905882, 343.038581
1.212473, 343.628232
0.481284, 164.217884
2.174903, 164.807535
3.867899, 165.397186
5.559784, 165.986838
7.250075, 166.576489
8.938285, 167.166140
10.623932, 167.755791
12.306530, 168.345443
13.985598, 168.935094
15.660654, 169.524745
17.331217, 170.114397
18.996808, 170.704048
20.656949, 171.293699
22.311163, 171.883350
23.958977, 172.473002
25.599918, 173.062653
27.233514, 173.652304
28.859297, 174.241956
30.476802, 174.831607
32.085562, 175.421258
33.685118, 176.010909
35.275010, 176.600561
36.854782, 177.190212
38.423982, 177.779863
39.982157, 178.369515
41.528863, 178.959166
43.063655, 179.548817
44.586092, 180.138468
46.095738, 180.728120
47.592160, 181.317771
49.074928, 181.907422
50.543618, 182.497074
51.997807, 183.086725
53.437079, 183.676376
54.861021, 184.266027
56.269224, 184.855679
57.661284, 185.445330
59.036802, 186.034981
60.395383, 186.624633
61.736638, 187.214284
63.060181, 187.803935
64.365633, 188.393587
65.652620, 188.983238
66.920772, 189.572889
68.169725, 190.162540
69.399121, 190.752192
70.608608, 191.341843
71.797838, 191.931494
72.966471, 192.521146
74.114170, 193.110797
75.240608, 193.700448
76.345460, 194.290099
77.428409, 194.879751
78.489146, 195.469402
79.527365, 196.059053
80.542768, 196.648705
81.535066, 197.238356
82.503972, 197.828007
83.449209, 198.417658
84.370505, 199.007310
85.267597, 199.596961
86.140227, 200.186612
86.988145, 200.776264
87.811107, 201.365915
88.608877, 201.955566
89.381227, 202.545217
90.127934, 203.134869
90.848785, 203.724520
91.543573, 204.314171
92.212099, 204.903823
92.854170, 205.493474
93.469603, 206.083125
94.058220, 206.672776
94.619854, 207.262428
95.154343, 207.852079
95.661533, 208.441730
96.141280, 209.031382
96.593445, 209.621033
97.017898, 210.210684
97.414519, 210.800335
97.783193, 211.389987
98.123814, 211.979638
98.436286, 212.569289
98.720517, 213.158941
98.976427, 213.748592
99.203941, 214.338243
99.402996, 214.927894
99.573534, 215.517546
99.715505, 216.107197
99.828870, 216.696848
99.913595, 217.286500
99.969656, 217.876151
99.997037, 218.465802
99.995731, 219.055453
99.965738, 219.645105
99.907065, 220.234756
99.819731, 220.824407
99.703760, 221.414059
99.559186, 222.003710
99.386050, 222.593361
99.184401, 223.183013
98.954297, 223.772664
98.695805, 224.362315
98.408999, 224.951966
98.093961, 225.541618
97.750781, 226.131269
97.379558, 226.720920
96.980397, 227.310572
96.553415, 227.900223
96.098733, 228.489874
95.616482, 229.079525
95.106800, 229.669177
94.569832, 230.258828
94.005735, 230.848479
93.414668, 231.438131
92.796802, 232.027782
92.152314, 232.617433
91.481389, 233.207084
90.784220, 233.796736
90.061005, 234.386387
89.311954, 234.976038
88.537280, 235.565690
87.737206, 236.155341
86.911962, 236.744992
86.061784, 237.334643
85.186916, 237.924295
84.287609, 238.513946
83.364122, 239.103597
82.416718, 239.693249
81.445670, 240.282900
80.451257, 240.872551
79.433764, 241.462202
78.393482, 242.051854
77.330710, 242.641505
76.245753, 243.231156
75.138922, 243.820808
74.010535, 244.410459
72.860916, 245.000110
71.690394, 245.589761
70.499305, 246.179413
69.287990, 246.769064
68.056799, 247.358715
66.806082, 247.948367
65.536200, 248.538018
64.247516, 249.127669
62.940401, 249.717320
61.615229, 250.306972
60.272381, 250.896623
58.912242, 251.486274
57.535201, 252.075926
56.141654, 252.665577
54.732001, 253.255228
53.306647, 253.844879
51.865999, 254.434531
50.410472, 255.024182
48.940483, 255.613833
47.456454, 256.203485
45.958810, 256.793136
44.447981, 257.382787
42.924400, 257.972438
41.388506, 258.562090
39.840737, 259.151741
38.281539, 259.741392
36.711358, 260.331044
35.130646, 260.920695
33.539855, 261.510346
31.939442, 262.099998
30.329866, 262.689649
28.711588, 263.279300
27.085074, 263.868951
25.450790, 264.458603
23.809204, 265.048254
22.160787, 265.637905
20.506013, 266.227557
18.845357, 266.817208
17.179293, 267.406859
15.508301, 267.996510
13.832860, 268.586162
12.153451, 269.175813
10.470555, 269.765464
8.784655, 270.355116
7.096235, 270.944767
5.405779, 271.534418
3.713772, 272.124069
2.020700, 272.713721
0.327048, 273.303372
1.366697, 93.893023
3.060051, 94.482675
4.752527, 95.072326
6.443639, 95.661977
8.132903, 96.251628
9.819833, 96.841280
11.503946, 97.430931
13.184759, 98.020582
14.861790, 98.610234
16.534557, 99.199885
18.202580, 99.789536
19.865381, 100.379187
21.522484, 100.968839
23.173411, 101.558490
24.817691, 102.148141
26.454851, 102.737793
28.084421, 103.327444
29.705934, 103.917095
31.318926, 104.506746
32.922932, 105.096398
34.517493, 105.686049
36.102151, 106.275700
37.676453, 106.865352
39.239945, 107.455003
40.792180, 108.044654
42.332713, 108.634305
43.861101, 109.223957
45.376905, 109.813608
46.879692, 110.403259
48.369030, 110.992911
49.844491, 111.582562
51.305653, 112.172213
52.752096, 112.761864
54.183405, 113.351516
55.599169, 113.941167
56.998983, 114.530818
58.382445, 115.120470
59.749158, 115.710121
61.098730, 116.299772
62.430773, 116.889424
63.744906, 117.479075
65.040752, 118.068726
66.317938, 118.658377
67.576098, 119.248029
68.814872, 119.837680
70.033904, 120.427331
71.232845, 121.016983
72.411349, 121.606634
73.569080, 122.196285
74.705705, 122.785936
75.820899, 123.375588
76.914340, 123.965239
77.985715, 124.554890
79.034718, 125.144542
80.061047, 125.734193
81.064407, 126.323844
82.044512, 126.913495
83.001079, 127.503147
83.933834, 128.092798
84.842509, 128.682449
85.726845, 129.272101
86.586587, 129.861752
87.421489, 130.451403
88.231310, 131.041054
89.015820, 131.630706
89.774792, 132.220357
90.508009, 132.810008
91.215260, 133.399660
91.896343, 133.989311
92.551063, 134.578962
93.179231, 135.168613
93.780667, 135.758265
94.355199, 136.347916
94.902662, 136.937567
95.422899, 137.527219
95.915760, 138.116870
96.381105, 138.706521
96.818799, 139.296172
97.228717, 139.885824
97.610742, 140.475475
97.964764, 141.065126
98.290681, 141.654778
98.588400, 142.244429
98.857835, 142.834080
99.098910, 143.423731
99.311554, 144.013383
99.495708, 144.603034
99.651318, 145.192685
99.778339, 145.782337
99.876735, 146.371988
99.946478, 146.961639
99.987548, 147.551290
99.999933, 148.140942
99.983630, 148.730593
99.938642, 149.320244
99.864984, 149.909896
99.762676, 150.499547
99.631748, 151.089198
99.472236, 151.678849
99.284188, 152.268501
99.067656, 152.858152
98.822704, 153.447803
98.549400, 154.037455
98.247824, 154.627106
97.918063, 155.216757
97.560210, 155.806409
97.174368, 156.396060
96.760649, 156.985711
96.319171, 157.575362
95.850059, 158.165014
95.353450, 158.754665
94.829486, 159.344316
94.278316, 159.933968
93.700099, 160.523619
93.095001, 161.113270
92.463196, 161.702921
91.804864, 162.292573
91.120195, 162.882224
90.409384, 163.471875
89.672637, 164.061527
88.910164, 164.651178
88.122184, 165.240829
87.308922, 165.830480
86.470614, 166.420132
85.607498, 167.009783
84.719822, 167.599434
83.807842, 168.189086
82.871818, 168.778737
81.912020, 169.368388
80.928723, 169.958039
79.922208, 170.547691
78.892764, 171.137342
77.840688, 171.726993
76.766280, 172.316645
75.669849, 172.906296
74.551710, 173.495947
73.412182, 174.085598
72.251594, 174.675250
71.070278, 175.264901
69.868573, 175.854552
68.646824, 176.444204
67.405380, 177.033855
66.144600, 177.623506
64.864843, 178.213157
63.566478, 178.802809
62.249876, 179.392460
60.915416, 179.982111
59.563480, 180.571763
58.194456, 181.161414
56.808737, 181.751065
55.406721, 182.340716
53.988809, 182.930368
52.555408, 183.520019
51.106930, 184.109670
49.643791, 184.699322
48.166409, 185.288973
46.675209, 185.878624
45.170618, 186.468275
43.653069, 187.057927
42.122997, 187.647578
40.580839, 188.237229
##END=
