##TITLE= Parameter file, TopSpin 4.3.0
##JCAMPDX= 5.0
##DATATYPE= Parameter Values
##ORIGIN= Bruker BioSpin GmbH
##OWNER= nmrsu
$$ 2024-02-10 16:19:27.653 +0000  nmrsu@4CE1161FJM
$$ C:/Bruker/TopSpin4.3.0/exp/stan/nmr/lists/wave/user/multisupp_aux_d8
$$ process C:\Bruker\TopSpin4.3.0\prog\mod\xwinshape.exe
##MINX= 8.02186100
##MAXX= 99.99653000
##MINY= 0.08715800
##MAXY= 359.91284200
##$SHAPE_ADDPHASE= 0
##$SHAPE_AMP= 99.9965298
##$SHAPE_BWFAC= 0
##$SHAPE_BWFAC50= 0
##$SHAPE_CALCBW= yes
##$SHAPE_CALCINTEG= yes
##$SHAPE_EXMODE= <Excitation>
##$SHAPE_EXPAND= <>
##$SHAPE_EXPANDCF= (0..143)
0 0 0 0 0 0 0 0 0 0 0 0 0 0 0 0 0 0 0 0 0 0 0 0 0 0 0 0 0 0 0 0 0 0 0 0
0 0 0 0 0 0 0 0 0 0 0 0 0 0 0 0 0 0 0 0 0 0 0 0 0 0 0 0 0 0 0 0 0 0 0 0
0 0 0 0 0 0 0 0 0 0 0 0 0 0 0 0 0 0 0 0 0 0 0 0 0 0 0 0 0 0 0 0 0 0 0 0
0 0 0 0 0 0 0 0 0 0 0 0 0 0 0 0 0 0 0 0 0 0 0 0 0 0 0 0 0 0 0 0 0 0 0 0
##$SHAPE_EXPFAC= 0
##$SHAPE_FRACEND= 0
##$SHAPE_FRACORG= 0
##$SHAPE_FRACSTART= 0
##$SHAPE_INTEGFAC= 0
##$SHAPE_KEEPRES= yes
##$SHAPE_LENGTH= 25000.000373
##$SHAPE_MAN= <M>
##$SHAPE_MODE= 4
##$SHAPE_MODFREQ= 0
##$SHAPE_MODPHASE= 0
##$SHAPE_MODSCALE= 0
##$SHAPE_MODSW= 0
##$SHAPE_MODSWDIR= -1
##$SHAPE_NPOINTS= 1250
##$SHAPE_OFFS= <1 4>
##$SHAPE_OFFSCOEFF= (0..95)
55.118958 0 100 -59.81604 0 100 -215.87196 0 100 -284.30475 0 100 0 0 0
0 0 0 0 0 0 0 0 0 0 0 0 0 0 0 0 0 0 0 0 0 0 0 0 0 0 0 0 0 0 0 0 0 0 0 0
0 0 0 0 0 0 0 0 0 0 0 0 0 0 0 0 0 0 0 0 0 0 0 0 0 0 0 0 0 0 0 0 0 0 0 0
0 0 0 0 0 0 0 0 0
##$SHAPE_PARAMETER= <>
##$SHAPE_REPHFAC= 0
##$SHAPE_RES= 0
##$SHAPE_SCALEFAC= 1.0000347
##$SHAPE_SCALETYPE= 0
##$SHAPE_SPOAL= 0
##$SHAPE_SPOFFS= 0
##$SHAPE_SPOPH= 0
##$SHAPE_TOTROT= 90
##$SHAPE_TYPE= <Excitation>
##$SHAPE_USER_DEF= <>
##$SHAPE_VERSION= 2.1
##$SHL_ADDPHASE= (0..15)
0 0 0 0 0 0 0 0 0 0 0 0 0 0 0 0
##$SHL_ALIGNOFFSET= (0..15)
0 0 0 0 0 0 0 0 0 0 0 0 0 0 0 0
##$SHL_AMP= (0..15)
100 0 0 0 0 0 0 0 0 0 0 0 0 0 0 0
##$SHL_AMPFAC= (0..15)
0 0 0 0 0 0 0 0 0 0 0 0 0 0 0 0
##$SHL_BETA= (0..15)
0 0 0 0 0 0 0 0 0 0 0 0 0 0 0 0
##$SHL_BWFAC= (0..15)
1.116 0 0 0 0 0 0 0 0 0 0 0 0 0 0 0
##$SHL_CALCBW= (0..15)
yes yes yes yes yes yes yes yes yes yes yes yes yes yes yes yes
##$SHL_CALCINTEG= (0..15)
yes yes yes yes yes yes yes yes yes yes yes yes yes yes yes yes
##$SHL_CENTERAMP= (0..15)
0 0 0 0 0 0 0 0 0 0 0 0 0 0 0 0
##$SHL_CYCNUM= (0..15)
0 0 0 0 0 0 0 0 0 0 0 0 0 0 0 0
##$SHL_DIPOLCPL= (0..15)
0 0 0 0 0 0 0 0 0 0 0 0 0 0 0 0
##$SHL_ENDAMP= (0..15)
0 0 0 0 0 0 0 0 0 0 0 0 0 0 0 0
##$SHL_EXMODE= (0..15)
<Excitation> <> <> <> <> <> <> <> <> <> <> <> <> <> <> <>
##$SHL_EXPAND= (0..15)
<> <> <> <> <> <> <> <> <> <> <> <> <> <> <> <>
##$SHL_EXPANDCF0= (0..143)
0 0 0 0 0 0 0 0 0 0 0 0 0 0 0 0 0 0 0 0 0 0 0 0 0 0 0 0 0 0 0 0 0 0 0 0
0 0 0 0 0 0 0 0 0 0 0 0 0 0 0 0 0 0 0 0 0 0 0 0 0 0 0 0 0 0 0 0 0 0 0 0
0 0 0 0 0 0 0 0 0 0 0 0 0 0 0 0 0 0 0 0 0 0 0 0 0 0 0 0 0 0 0 0 0 0 0 0
0 0 0 0 0 0 0 0 0 0 0 0 0 0 0 0 0 0 0 0 0 0 0 0 0 0 0 0 0 0 0 0 0 0 0 0
##$SHL_EXPANDCF1= (0..143)
0 0 0 0 0 0 0 0 0 0 0 0 0 0 0 0 0 0 0 0 0 0 0 0 0 0 0 0 0 0 0 0 0 0 0 0
0 0 0 0 0 0 0 0 0 0 0 0 0 0 0 0 0 0 0 0 0 0 0 0 0 0 0 0 0 0 0 0 0 0 0 0
0 0 0 0 0 0 0 0 0 0 0 0 0 0 0 0 0 0 0 0 0 0 0 0 0 0 0 0 0 0 0 0 0 0 0 0
0 0 0 0 0 0 0 0 0 0 0 0 0 0 0 0 0 0 0 0 0 0 0 0 0 0 0 0 0 0 0 0 0 0 0 0
##$SHL_EXPANDCF10= (0..143)
0 0 0 0 0 0 0 0 0 0 0 0 0 0 0 0 0 0 0 0 0 0 0 0 0 0 0 0 0 0 0 0 0 0 0 0
0 0 0 0 0 0 0 0 0 0 0 0 0 0 0 0 0 0 0 0 0 0 0 0 0 0 0 0 0 0 0 0 0 0 0 0
0 0 0 0 0 0 0 0 0 0 0 0 0 0 0 0 0 0 0 0 0 0 0 0 0 0 0 0 0 0 0 0 0 0 0 0
0 0 0 0 0 0 0 0 0 0 0 0 0 0 0 0 0 0 0 0 0 0 0 0 0 0 0 0 0 0 0 0 0 0 0 0
##$SHL_EXPANDCF11= (0..143)
0 0 0 0 0 0 0 0 0 0 0 0 0 0 0 0 0 0 0 0 0 0 0 0 0 0 0 0 0 0 0 0 0 0 0 0
0 0 0 0 0 0 0 0 0 0 0 0 0 0 0 0 0 0 0 0 0 0 0 0 0 0 0 0 0 0 0 0 0 0 0 0
0 0 0 0 0 0 0 0 0 0 0 0 0 0 0 0 0 0 0 0 0 0 0 0 0 0 0 0 0 0 0 0 0 0 0 0
0 0 0 0 0 0 0 0 0 0 0 0 0 0 0 0 0 0 0 0 0 0 0 0 0 0 0 0 0 0 0 0 0 0 0 0
##$SHL_EXPANDCF12= (0..143)
0 0 0 0 0 0 0 0 0 0 0 0 0 0 0 0 0 0 0 0 0 0 0 0 0 0 0 0 0 0 0 0 0 0 0 0
0 0 0 0 0 0 0 0 0 0 0 0 0 0 0 0 0 0 0 0 0 0 0 0 0 0 0 0 0 0 0 0 0 0 0 0
0 0 0 0 0 0 0 0 0 0 0 0 0 0 0 0 0 0 0 0 0 0 0 0 0 0 0 0 0 0 0 0 0 0 0 0
0 0 0 0 0 0 0 0 0 0 0 0 0 0 0 0 0 0 0 0 0 0 0 0 0 0 0 0 0 0 0 0 0 0 0 0
##$SHL_EXPANDCF13= (0..143)
0 0 0 0 0 0 0 0 0 0 0 0 0 0 0 0 0 0 0 0 0 0 0 0 0 0 0 0 0 0 0 0 0 0 0 0
0 0 0 0 0 0 0 0 0 0 0 0 0 0 0 0 0 0 0 0 0 0 0 0 0 0 0 0 0 0 0 0 0 0 0 0
0 0 0 0 0 0 0 0 0 0 0 0 0 0 0 0 0 0 0 0 0 0 0 0 0 0 0 0 0 0 0 0 0 0 0 0
0 0 0 0 0 0 0 0 0 0 0 0 0 0 0 0 0 0 0 0 0 0 0 0 0 0 0 0 0 0 0 0 0 0 0 0
##$SHL_EXPANDCF14= (0..143)
0 0 0 0 0 0 0 0 0 0 0 0 0 0 0 0 0 0 0 0 0 0 0 0 0 0 0 0 0 0 0 0 0 0 0 0
0 0 0 0 0 0 0 0 0 0 0 0 0 0 0 0 0 0 0 0 0 0 0 0 0 0 0 0 0 0 0 0 0 0 0 0
0 0 0 0 0 0 0 0 0 0 0 0 0 0 0 0 0 0 0 0 0 0 0 0 0 0 0 0 0 0 0 0 0 0 0 0
0 0 0 0 0 0 0 0 0 0 0 0 0 0 0 0 0 0 0 0 0 0 0 0 0 0 0 0 0 0 0 0 0 0 0 0
##$SHL_EXPANDCF15= (0..143)
0 0 0 0 0 0 0 0 0 0 0 0 0 0 0 0 0 0 0 0 0 0 0 0 0 0 0 0 0 0 0 0 0 0 0 0
0 0 0 0 0 0 0 0 0 0 0 0 0 0 0 0 0 0 0 0 0 0 0 0 0 0 0 0 0 0 0 0 0 0 0 0
0 0 0 0 0 0 0 0 0 0 0 0 0 0 0 0 0 0 0 0 0 0 0 0 0 0 0 0 0 0 0 0 0 0 0 0
0 0 0 0 0 0 0 0 0 0 0 0 0 0 0 0 0 0 0 0 0 0 0 0 0 0 0 0 0 0 0 0 0 0 0 0
##$SHL_EXPANDCF2= (0..143)
0 0 0 0 0 0 0 0 0 0 0 0 0 0 0 0 0 0 0 0 0 0 0 0 0 0 0 0 0 0 0 0 0 0 0 0
0 0 0 0 0 0 0 0 0 0 0 0 0 0 0 0 0 0 0 0 0 0 0 0 0 0 0 0 0 0 0 0 0 0 0 0
0 0 0 0 0 0 0 0 0 0 0 0 0 0 0 0 0 0 0 0 0 0 0 0 0 0 0 0 0 0 0 0 0 0 0 0
0 0 0 0 0 0 0 0 0 0 0 0 0 0 0 0 0 0 0 0 0 0 0 0 0 0 0 0 0 0 0 0 0 0 0 0
##$SHL_EXPANDCF3= (0..143)
0 0 0 0 0 0 0 0 0 0 0 0 0 0 0 0 0 0 0 0 0 0 0 0 0 0 0 0 0 0 0 0 0 0 0 0
0 0 0 0 0 0 0 0 0 0 0 0 0 0 0 0 0 0 0 0 0 0 0 0 0 0 0 0 0 0 0 0 0 0 0 0
0 0 0 0 0 0 0 0 0 0 0 0 0 0 0 0 0 0 0 0 0 0 0 0 0 0 0 0 0 0 0 0 0 0 0 0
0 0 0 0 0 0 0 0 0 0 0 0 0 0 0 0 0 0 0 0 0 0 0 0 0 0 0 0 0 0 0 0 0 0 0 0
##$SHL_EXPANDCF4= (0..143)
0 0 0 0 0 0 0 0 0 0 0 0 0 0 0 0 0 0 0 0 0 0 0 0 0 0 0 0 0 0 0 0 0 0 0 0
0 0 0 0 0 0 0 0 0 0 0 0 0 0 0 0 0 0 0 0 0 0 0 0 0 0 0 0 0 0 0 0 0 0 0 0
0 0 0 0 0 0 0 0 0 0 0 0 0 0 0 0 0 0 0 0 0 0 0 0 0 0 0 0 0 0 0 0 0 0 0 0
0 0 0 0 0 0 0 0 0 0 0 0 0 0 0 0 0 0 0 0 0 0 0 0 0 0 0 0 0 0 0 0 0 0 0 0
##$SHL_EXPANDCF5= (0..143)
0 0 0 0 0 0 0 0 0 0 0 0 0 0 0 0 0 0 0 0 0 0 0 0 0 0 0 0 0 0 0 0 0 0 0 0
0 0 0 0 0 0 0 0 0 0 0 0 0 0 0 0 0 0 0 0 0 0 0 0 0 0 0 0 0 0 0 0 0 0 0 0
0 0 0 0 0 0 0 0 0 0 0 0 0 0 0 0 0 0 0 0 0 0 0 0 0 0 0 0 0 0 0 0 0 0 0 0
0 0 0 0 0 0 0 0 0 0 0 0 0 0 0 0 0 0 0 0 0 0 0 0 0 0 0 0 0 0 0 0 0 0 0 0
##$SHL_EXPANDCF6= (0..143)
0 0 0 0 0 0 0 0 0 0 0 0 0 0 0 0 0 0 0 0 0 0 0 0 0 0 0 0 0 0 0 0 0 0 0 0
0 0 0 0 0 0 0 0 0 0 0 0 0 0 0 0 0 0 0 0 0 0 0 0 0 0 0 0 0 0 0 0 0 0 0 0
0 0 0 0 0 0 0 0 0 0 0 0 0 0 0 0 0 0 0 0 0 0 0 0 0 0 0 0 0 0 0 0 0 0 0 0
0 0 0 0 0 0 0 0 0 0 0 0 0 0 0 0 0 0 0 0 0 0 0 0 0 0 0 0 0 0 0 0 0 0 0 0
##$SHL_EXPANDCF7= (0..143)
0 0 0 0 0 0 0 0 0 0 0 0 0 0 0 0 0 0 0 0 0 0 0 0 0 0 0 0 0 0 0 0 0 0 0 0
0 0 0 0 0 0 0 0 0 0 0 0 0 0 0 0 0 0 0 0 0 0 0 0 0 0 0 0 0 0 0 0 0 0 0 0
0 0 0 0 0 0 0 0 0 0 0 0 0 0 0 0 0 0 0 0 0 0 0 0 0 0 0 0 0 0 0 0 0 0 0 0
0 0 0 0 0 0 0 0 0 0 0 0 0 0 0 0 0 0 0 0 0 0 0 0 0 0 0 0 0 0 0 0 0 0 0 0
##$SHL_EXPANDCF8= (0..143)
0 0 0 0 0 0 0 0 0 0 0 0 0 0 0 0 0 0 0 0 0 0 0 0 0 0 0 0 0 0 0 0 0 0 0 0
0 0 0 0 0 0 0 0 0 0 0 0 0 0 0 0 0 0 0 0 0 0 0 0 0 0 0 0 0 0 0 0 0 0 0 0
0 0 0 0 0 0 0 0 0 0 0 0 0 0 0 0 0 0 0 0 0 0 0 0 0 0 0 0 0 0 0 0 0 0 0 0
0 0 0 0 0 0 0 0 0 0 0 0 0 0 0 0 0 0 0 0 0 0 0 0 0 0 0 0 0 0 0 0 0 0 0 0
##$SHL_EXPANDCF9= (0..143)
0 0 0 0 0 0 0 0 0 0 0 0 0 0 0 0 0 0 0 0 0 0 0 0 0 0 0 0 0 0 0 0 0 0 0 0
0 0 0 0 0 0 0 0 0 0 0 0 0 0 0 0 0 0 0 0 0 0 0 0 0 0 0 0 0 0 0 0 0 0 0 0
0 0 0 0 0 0 0 0 0 0 0 0 0 0 0 0 0 0 0 0 0 0 0 0 0 0 0 0 0 0 0 0 0 0 0 0
0 0 0 0 0 0 0 0 0 0 0 0 0 0 0 0 0 0 0 0 0 0 0 0 0 0 0 0 0 0 0 0 0 0 0 0
##$SHL_EXPFAC= (0..15)
0 0 0 0 0 0 0 0 0 0 0 0 0 0 0 0
##$SHL_FRACEND= (0..15)
0 0 0 0 0 0 0 0 0 0 0 0 0 0 0 0
##$SHL_FRACORG= (0..15)
0 0 0 0 0 0 0 0 0 0 0 0 0 0 0 0
##$SHL_FRACSTART= (0..15)
0 0 0 0 0 0 0 0 0 0 0 0 0 0 0 0
##$SHL_FULLHALF= (0..15)
0 0 0 0 0 0 0 0 0 0 0 0 0 0 0 0
##$SHL_FUNCAMP= (0..15)
100 0 0 0 0 0 0 0 0 0 0 0 0 0 0 0
##$SHL_FUNCTION= (0..15)
<Rectangle> <> <> <> <> <> <> <> <> <> <> <> <> <> <> <>
##$SHL_GCO= (0..15)
<> <> <> <> <> <> <> <> <> <> <> <> <> <> <> <>
##$SHL_GCOCOEFFS0= (0..59)
0 0 0 0 0 0 0 0 0 0 0 0 0 0 0 0 0 0 0 0 0 0 0 0 0 0 0 0 0 0 0 0 0 0 0 0
0 0 0 0 0 0 0 0 0 0 0 0 0 0 0 0 0 0 0 0 0 0 0 0
##$SHL_GCOCOEFFS1= (0..59)
0 0 0 0 0 0 0 0 0 0 0 0 0 0 0 0 0 0 0 0 0 0 0 0 0 0 0 0 0 0 0 0 0 0 0 0
0 0 0 0 0 0 0 0 0 0 0 0 0 0 0 0 0 0 0 0 0 0 0 0
##$SHL_GCOCOEFFS10= (0..59)
0 0 0 0 0 0 0 0 0 0 0 0 0 0 0 0 0 0 0 0 0 0 0 0 0 0 0 0 0 0 0 0 0 0 0 0
0 0 0 0 0 0 0 0 0 0 0 0 0 0 0 0 0 0 0 0 0 0 0 0
##$SHL_GCOCOEFFS11= (0..59)
0 0 0 0 0 0 0 0 0 0 0 0 0 0 0 0 0 0 0 0 0 0 0 0 0 0 0 0 0 0 0 0 0 0 0 0
0 0 0 0 0 0 0 0 0 0 0 0 0 0 0 0 0 0 0 0 0 0 0 0
##$SHL_GCOCOEFFS12= (0..59)
0 0 0 0 0 0 0 0 0 0 0 0 0 0 0 0 0 0 0 0 0 0 0 0 0 0 0 0 0 0 0 0 0 0 0 0
0 0 0 0 0 0 0 0 0 0 0 0 0 0 0 0 0 0 0 0 0 0 0 0
##$SHL_GCOCOEFFS13= (0..59)
0 0 0 0 0 0 0 0 0 0 0 0 0 0 0 0 0 0 0 0 0 0 0 0 0 0 0 0 0 0 0 0 0 0 0 0
0 0 0 0 0 0 0 0 0 0 0 0 0 0 0 0 0 0 0 0 0 0 0 0
##$SHL_GCOCOEFFS14= (0..59)
0 0 0 0 0 0 0 0 0 0 0 0 0 0 0 0 0 0 0 0 0 0 0 0 0 0 0 0 0 0 0 0 0 0 0 0
0 0 0 0 0 0 0 0 0 0 0 0 0 0 0 0 0 0 0 0 0 0 0 0
##$SHL_GCOCOEFFS15= (0..59)
0 0 0 0 0 0 0 0 0 0 0 0 0 0 0 0 0 0 0 0 0 0 0 0 0 0 0 0 0 0 0 0 0 0 0 0
0 0 0 0 0 0 0 0 0 0 0 0 0 0 0 0 0 0 0 0 0 0 0 0
##$SHL_GCOCOEFFS2= (0..59)
0 0 0 0 0 0 0 0 0 0 0 0 0 0 0 0 0 0 0 0 0 0 0 0 0 0 0 0 0 0 0 0 0 0 0 0
0 0 0 0 0 0 0 0 0 0 0 0 0 0 0 0 0 0 0 0 0 0 0 0
##$SHL_GCOCOEFFS3= (0..59)
0 0 0 0 0 0 0 0 0 0 0 0 0 0 0 0 0 0 0 0 0 0 0 0 0 0 0 0 0 0 0 0 0 0 0 0
0 0 0 0 0 0 0 0 0 0 0 0 0 0 0 0 0 0 0 0 0 0 0 0
##$SHL_GCOCOEFFS4= (0..59)
0 0 0 0 0 0 0 0 0 0 0 0 0 0 0 0 0 0 0 0 0 0 0 0 0 0 0 0 0 0 0 0 0 0 0 0
0 0 0 0 0 0 0 0 0 0 0 0 0 0 0 0 0 0 0 0 0 0 0 0
##$SHL_GCOCOEFFS5= (0..59)
0 0 0 0 0 0 0 0 0 0 0 0 0 0 0 0 0 0 0 0 0 0 0 0 0 0 0 0 0 0 0 0 0 0 0 0
0 0 0 0 0 0 0 0 0 0 0 0 0 0 0 0 0 0 0 0 0 0 0 0
##$SHL_GCOCOEFFS6= (0..59)
0 0 0 0 0 0 0 0 0 0 0 0 0 0 0 0 0 0 0 0 0 0 0 0 0 0 0 0 0 0 0 0 0 0 0 0
0 0 0 0 0 0 0 0 0 0 0 0 0 0 0 0 0 0 0 0 0 0 0 0
##$SHL_GCOCOEFFS7= (0..59)
0 0 0 0 0 0 0 0 0 0 0 0 0 0 0 0 0 0 0 0 0 0 0 0 0 0 0 0 0 0 0 0 0 0 0 0
0 0 0 0 0 0 0 0 0 0 0 0 0 0 0 0 0 0 0 0 0 0 0 0
##$SHL_GCOCOEFFS8= (0..59)
0 0 0 0 0 0 0 0 0 0 0 0 0 0 0 0 0 0 0 0 0 0 0 0 0 0 0 0 0 0 0 0 0 0 0 0
0 0 0 0 0 0 0 0 0 0 0 0 0 0 0 0 0 0 0 0 0 0 0 0
##$SHL_GCOCOEFFS9= (0..59)
0 0 0 0 0 0 0 0 0 0 0 0 0 0 0 0 0 0 0 0 0 0 0 0 0 0 0 0 0 0 0 0 0 0 0 0
0 0 0 0 0 0 0 0 0 0 0 0 0 0 0 0 0 0 0 0 0 0 0 0
##$SHL_INTEGFAC= (0..15)
1 0 0 0 0 0 0 0 0 0 0 0 0 0 0 0
##$SHL_LB= (0..15)
0 0 0 0 0 0 0 0 0 0 0 0 0 0 0 0
##$SHL_LEFTLIMIT= (0..15)
0 0 0 0 0 0 0 0 0 0 0 0 0 0 0 0
##$SHL_LENGTH= (0..15)
25000.000373 0 0 0 0 0 0 0 0 0 0 0 0 0 0 0
##$SHL_MAN= (0..15)
<> <> <> <> <> <> <> <> <> <> <> <> <> <> <> <>
##$SHL_MEANAMP= (0..15)
0 0 0 0 0 0 0 0 0 0 0 0 0 0 0 0
##$SHL_MODAMP= (0..15)
0 0 0 0 0 0 0 0 0 0 0 0 0 0 0 0
##$SHL_MODE= (0..15)
0 0 0 0 0 0 0 0 0 0 0 0 0 0 0 0
##$SHL_MODFREQ= (0..15)
0 0 0 0 0 0 0 0 0 0 0 0 0 0 0 0
##$SHL_MODPHASE= (0..15)
0 0 0 0 0 0 0 0 0 0 0 0 0 0 0 0
##$SHL_MODSCALE= (0..15)
0 0 0 0 0 0 0 0 0 0 0 0 0 0 0 0
##$SHL_MODSW= (0..15)
0 0 0 0 0 0 0 0 0 0 0 0 0 0 0 0
##$SHL_MODSWDIR= (0..15)
-1 -1 -1 -1 -1 -1 -1 -1 -1 -1 -1 -1 -1 -1 -1 -1
##$SHL_MU= (0..15)
0 0 0 0 0 0 0 0 0 0 0 0 0 0 0 0
##$SHL_NPOINTS= (0..15)
1250 0 0 0 0 0 0 0 0 0 0 0 0 0 0 0
##$SHL_OFFS= (0..15)
<> <> <> <> <> <> <> <> <> <> <> <> <> <> <> <>
##$SHL_OFFSCOEFF0= (0..95)
0 0 0 0 0 0 0 0 0 0 0 0 0 0 0 0 0 0 0 0 0 0 0 0 0 0 0 0 0 0 0 0 0 0 0 0
0 0 0 0 0 0 0 0 0 0 0 0 0 0 0 0 0 0 0 0 0 0 0 0 0 0 0 0 0 0 0 0 0 0 0 0
0 0 0 0 0 0 0 0 0 0 0 0 0 0 0 0 0 0 0 0 0 0 0 0
##$SHL_OFFSCOEFF1= (0..95)
0 0 0 0 0 0 0 0 0 0 0 0 0 0 0 0 0 0 0 0 0 0 0 0 0 0 0 0 0 0 0 0 0 0 0 0
0 0 0 0 0 0 0 0 0 0 0 0 0 0 0 0 0 0 0 0 0 0 0 0 0 0 0 0 0 0 0 0 0 0 0 0
0 0 0 0 0 0 0 0 0 0 0 0 0 0 0 0 0 0 0 0 0 0 0 0
##$SHL_OFFSCOEFF10= (0..95)
0 0 0 0 0 0 0 0 0 0 0 0 0 0 0 0 0 0 0 0 0 0 0 0 0 0 0 0 0 0 0 0 0 0 0 0
0 0 0 0 0 0 0 0 0 0 0 0 0 0 0 0 0 0 0 0 0 0 0 0 0 0 0 0 0 0 0 0 0 0 0 0
0 0 0 0 0 0 0 0 0 0 0 0 0 0 0 0 0 0 0 0 0 0 0 0
##$SHL_OFFSCOEFF11= (0..95)
0 0 0 0 0 0 0 0 0 0 0 0 0 0 0 0 0 0 0 0 0 0 0 0 0 0 0 0 0 0 0 0 0 0 0 0
0 0 0 0 0 0 0 0 0 0 0 0 0 0 0 0 0 0 0 0 0 0 0 0 0 0 0 0 0 0 0 0 0 0 0 0
0 0 0 0 0 0 0 0 0 0 0 0 0 0 0 0 0 0 0 0 0 0 0 0
##$SHL_OFFSCOEFF12= (0..95)
0 0 0 0 0 0 0 0 0 0 0 0 0 0 0 0 0 0 0 0 0 0 0 0 0 0 0 0 0 0 0 0 0 0 0 0
0 0 0 0 0 0 0 0 0 0 0 0 0 0 0 0 0 0 0 0 0 0 0 0 0 0 0 0 0 0 0 0 0 0 0 0
0 0 0 0 0 0 0 0 0 0 0 0 0 0 0 0 0 0 0 0 0 0 0 0
##$SHL_OFFSCOEFF13= (0..95)
0 0 0 0 0 0 0 0 0 0 0 0 0 0 0 0 0 0 0 0 0 0 0 0 0 0 0 0 0 0 0 0 0 0 0 0
0 0 0 0 0 0 0 0 0 0 0 0 0 0 0 0 0 0 0 0 0 0 0 0 0 0 0 0 0 0 0 0 0 0 0 0
0 0 0 0 0 0 0 0 0 0 0 0 0 0 0 0 0 0 0 0 0 0 0 0
##$SHL_OFFSCOEFF14= (0..95)
0 0 0 0 0 0 0 0 0 0 0 0 0 0 0 0 0 0 0 0 0 0 0 0 0 0 0 0 0 0 0 0 0 0 0 0
0 0 0 0 0 0 0 0 0 0 0 0 0 0 0 0 0 0 0 0 0 0 0 0 0 0 0 0 0 0 0 0 0 0 0 0
0 0 0 0 0 0 0 0 0 0 0 0 0 0 0 0 0 0 0 0 0 0 0 0
##$SHL_OFFSCOEFF15= (0..95)
0 0 0 0 0 0 0 0 0 0 0 0 0 0 0 0 0 0 0 0 0 0 0 0 0 0 0 0 0 0 0 0 0 0 0 0
0 0 0 0 0 0 0 0 0 0 0 0 0 0 0 0 0 0 0 0 0 0 0 0 0 0 0 0 0 0 0 0 0 0 0 0
0 0 0 0 0 0 0 0 0 0 0 0 0 0 0 0 0 0 0 0 0 0 0 0
##$SHL_OFFSCOEFF2= (0..95)
0 0 0 0 0 0 0 0 0 0 0 0 0 0 0 0 0 0 0 0 0 0 0 0 0 0 0 0 0 0 0 0 0 0 0 0
0 0 0 0 0 0 0 0 0 0 0 0 0 0 0 0 0 0 0 0 0 0 0 0 0 0 0 0 0 0 0 0 0 0 0 0
0 0 0 0 0 0 0 0 0 0 0 0 0 0 0 0 0 0 0 0 0 0 0 0
##$SHL_OFFSCOEFF3= (0..95)
0 0 0 0 0 0 0 0 0 0 0 0 0 0 0 0 0 0 0 0 0 0 0 0 0 0 0 0 0 0 0 0 0 0 0 0
0 0 0 0 0 0 0 0 0 0 0 0 0 0 0 0 0 0 0 0 0 0 0 0 0 0 0 0 0 0 0 0 0 0 0 0
0 0 0 0 0 0 0 0 0 0 0 0 0 0 0 0 0 0 0 0 0 0 0 0
##$SHL_OFFSCOEFF4= (0..95)
0 0 0 0 0 0 0 0 0 0 0 0 0 0 0 0 0 0 0 0 0 0 0 0 0 0 0 0 0 0 0 0 0 0 0 0
0 0 0 0 0 0 0 0 0 0 0 0 0 0 0 0 0 0 0 0 0 0 0 0 0 0 0 0 0 0 0 0 0 0 0 0
0 0 0 0 0 0 0 0 0 0 0 0 0 0 0 0 0 0 0 0 0 0 0 0
##$SHL_OFFSCOEFF5= (0..95)
0 0 0 0 0 0 0 0 0 0 0 0 0 0 0 0 0 0 0 0 0 0 0 0 0 0 0 0 0 0 0 0 0 0 0 0
0 0 0 0 0 0 0 0 0 0 0 0 0 0 0 0 0 0 0 0 0 0 0 0 0 0 0 0 0 0 0 0 0 0 0 0
0 0 0 0 0 0 0 0 0 0 0 0 0 0 0 0 0 0 0 0 0 0 0 0
##$SHL_OFFSCOEFF6= (0..95)
0 0 0 0 0 0 0 0 0 0 0 0 0 0 0 0 0 0 0 0 0 0 0 0 0 0 0 0 0 0 0 0 0 0 0 0
0 0 0 0 0 0 0 0 0 0 0 0 0 0 0 0 0 0 0 0 0 0 0 0 0 0 0 0 0 0 0 0 0 0 0 0
0 0 0 0 0 0 0 0 0 0 0 0 0 0 0 0 0 0 0 0 0 0 0 0
##$SHL_OFFSCOEFF7= (0..95)
0 0 0 0 0 0 0 0 0 0 0 0 0 0 0 0 0 0 0 0 0 0 0 0 0 0 0 0 0 0 0 0 0 0 0 0
0 0 0 0 0 0 0 0 0 0 0 0 0 0 0 0 0 0 0 0 0 0 0 0 0 0 0 0 0 0 0 0 0 0 0 0
0 0 0 0 0 0 0 0 0 0 0 0 0 0 0 0 0 0 0 0 0 0 0 0
##$SHL_OFFSCOEFF8= (0..95)
0 0 0 0 0 0 0 0 0 0 0 0 0 0 0 0 0 0 0 0 0 0 0 0 0 0 0 0 0 0 0 0 0 0 0 0
0 0 0 0 0 0 0 0 0 0 0 0 0 0 0 0 0 0 0 0 0 0 0 0 0 0 0 0 0 0 0 0 0 0 0 0
0 0 0 0 0 0 0 0 0 0 0 0 0 0 0 0 0 0 0 0 0 0 0 0
##$SHL_OFFSCOEFF9= (0..95)
0 0 0 0 0 0 0 0 0 0 0 0 0 0 0 0 0 0 0 0 0 0 0 0 0 0 0 0 0 0 0 0 0 0 0 0
0 0 0 0 0 0 0 0 0 0 0 0 0 0 0 0 0 0 0 0 0 0 0 0 0 0 0 0 0 0 0 0 0 0 0 0
0 0 0 0 0 0 0 0 0 0 0 0 0 0 0 0 0 0 0 0 0 0 0 0
##$SHL_PHASE= (0..15)
0 0 0 0 0 0 0 0 0 0 0 0 0 0 0 0
##$SHL_PHASEFAC= (0..15)
0 0 0 0 0 0 0 0 0 0 0 0 0 0 0 0
##$SHL_POWERINDEX= (0..15)
0 0 0 0 0 0 0 0 0 0 0 0 0 0 0 0
##$SHL_QUADCOEFF= (0..15)
0 0 0 0 0 0 0 0 0 0 0 0 0 0 0 0
##$SHL_RIGHTLIMIT= (0..15)
0 0 0 0 0 0 0 0 0 0 0 0 0 0 0 0
##$SHL_SCALEFACTOR= (0..15)
1 1 1 1 1 1 1 1 1 1 1 1 1 1 1 1
##$SHL_SF= (0..15)
<> <> <> <> <> <> <> <> <> <> <> <> <> <> <> <>
##$SHL_SFCOEFFS0= (0..200)
0 0 0 0 0 0 0 0 0 0 0 0 0 0 0 0 0 0 0 0 0 0 0 0 0 0 0 0 0 0 0 0 0 0 0 0
0 0 0 0 0 0 0 0 0 0 0 0 0 0 0 0 0 0 0 0 0 0 0 0 0 0 0 0 0 0 0 0 0 0 0 0
0 0 0 0 0 0 0 0 0 0 0 0 0 0 0 0 0 0 0 0 0 0 0 0 0 0 0 0 0 0 0 0 0 0 0 0
0 0 0 0 0 0 0 0 0 0 0 0 0 0 0 0 0 0 0 0 0 0 0 0 0 0 0 0 0 0 0 0 0 0 0 0
0 0 0 0 0 0 0 0 0 0 0 0 0 0 0 0 0 0 0 0 0 0 0 0 0 0 0 0 0 0 0 0 0 0 0 0
0 0 0 0 0 0 0 0 0 0 0 0 0 0 0 0 0 0 0 0 0
##$SHL_SFCOEFFS1= (0..200)
0 0 0 0 0 0 0 0 0 0 0 0 0 0 0 0 0 0 0 0 0 0 0 0 0 0 0 0 0 0 0 0 0 0 0 0
0 0 0 0 0 0 0 0 0 0 0 0 0 0 0 0 0 0 0 0 0 0 0 0 0 0 0 0 0 0 0 0 0 0 0 0
0 0 0 0 0 0 0 0 0 0 0 0 0 0 0 0 0 0 0 0 0 0 0 0 0 0 0 0 0 0 0 0 0 0 0 0
0 0 0 0 0 0 0 0 0 0 0 0 0 0 0 0 0 0 0 0 0 0 0 0 0 0 0 0 0 0 0 0 0 0 0 0
0 0 0 0 0 0 0 0 0 0 0 0 0 0 0 0 0 0 0 0 0 0 0 0 0 0 0 0 0 0 0 0 0 0 0 0
0 0 0 0 0 0 0 0 0 0 0 0 0 0 0 0 0 0 0 0 0
##$SHL_SFCOEFFS10= (0..200)
0 0 0 0 0 0 0 0 0 0 0 0 0 0 0 0 0 0 0 0 0 0 0 0 0 0 0 0 0 0 0 0 0 0 0 0
0 0 0 0 0 0 0 0 0 0 0 0 0 0 0 0 0 0 0 0 0 0 0 0 0 0 0 0 0 0 0 0 0 0 0 0
0 0 0 0 0 0 0 0 0 0 0 0 0 0 0 0 0 0 0 0 0 0 0 0 0 0 0 0 0 0 0 0 0 0 0 0
0 0 0 0 0 0 0 0 0 0 0 0 0 0 0 0 0 0 0 0 0 0 0 0 0 0 0 0 0 0 0 0 0 0 0 0
0 0 0 0 0 0 0 0 0 0 0 0 0 0 0 0 0 0 0 0 0 0 0 0 0 0 0 0 0 0 0 0 0 0 0 0
0 0 0 0 0 0 0 0 0 0 0 0 0 0 0 0 0 0 0 0 0
##$SHL_SFCOEFFS11= (0..200)
0 0 0 0 0 0 0 0 0 0 0 0 0 0 0 0 0 0 0 0 0 0 0 0 0 0 0 0 0 0 0 0 0 0 0 0
0 0 0 0 0 0 0 0 0 0 0 0 0 0 0 0 0 0 0 0 0 0 0 0 0 0 0 0 0 0 0 0 0 0 0 0
0 0 0 0 0 0 0 0 0 0 0 0 0 0 0 0 0 0 0 0 0 0 0 0 0 0 0 0 0 0 0 0 0 0 0 0
0 0 0 0 0 0 0 0 0 0 0 0 0 0 0 0 0 0 0 0 0 0 0 0 0 0 0 0 0 0 0 0 0 0 0 0
0 0 0 0 0 0 0 0 0 0 0 0 0 0 0 0 0 0 0 0 0 0 0 0 0 0 0 0 0 0 0 0 0 0 0 0
0 0 0 0 0 0 0 0 0 0 0 0 0 0 0 0 0 0 0 0 0
##$SHL_SFCOEFFS12= (0..200)
0 0 0 0 0 0 0 0 0 0 0 0 0 0 0 0 0 0 0 0 0 0 0 0 0 0 0 0 0 0 0 0 0 0 0 0
0 0 0 0 0 0 0 0 0 0 0 0 0 0 0 0 0 0 0 0 0 0 0 0 0 0 0 0 0 0 0 0 0 0 0 0
0 0 0 0 0 0 0 0 0 0 0 0 0 0 0 0 0 0 0 0 0 0 0 0 0 0 0 0 0 0 0 0 0 0 0 0
0 0 0 0 0 0 0 0 0 0 0 0 0 0 0 0 0 0 0 0 0 0 0 0 0 0 0 0 0 0 0 0 0 0 0 0
0 0 0 0 0 0 0 0 0 0 0 0 0 0 0 0 0 0 0 0 0 0 0 0 0 0 0 0 0 0 0 0 0 0 0 0
0 0 0 0 0 0 0 0 0 0 0 0 0 0 0 0 0 0 0 0 0
##$SHL_SFCOEFFS13= (0..200)
0 0 0 0 0 0 0 0 0 0 0 0 0 0 0 0 0 0 0 0 0 0 0 0 0 0 0 0 0 0 0 0 0 0 0 0
0 0 0 0 0 0 0 0 0 0 0 0 0 0 0 0 0 0 0 0 0 0 0 0 0 0 0 0 0 0 0 0 0 0 0 0
0 0 0 0 0 0 0 0 0 0 0 0 0 0 0 0 0 0 0 0 0 0 0 0 0 0 0 0 0 0 0 0 0 0 0 0
0 0 0 0 0 0 0 0 0 0 0 0 0 0 0 0 0 0 0 0 0 0 0 0 0 0 0 0 0 0 0 0 0 0 0 0
0 0 0 0 0 0 0 0 0 0 0 0 0 0 0 0 0 0 0 0 0 0 0 0 0 0 0 0 0 0 0 0 0 0 0 0
0 0 0 0 0 0 0 0 0 0 0 0 0 0 0 0 0 0 0 0 0
##$SHL_SFCOEFFS14= (0..200)
0 0 0 0 0 0 0 0 0 0 0 0 0 0 0 0 0 0 0 0 0 0 0 0 0 0 0 0 0 0 0 0 0 0 0 0
0 0 0 0 0 0 0 0 0 0 0 0 0 0 0 0 0 0 0 0 0 0 0 0 0 0 0 0 0 0 0 0 0 0 0 0
0 0 0 0 0 0 0 0 0 0 0 0 0 0 0 0 0 0 0 0 0 0 0 0 0 0 0 0 0 0 0 0 0 0 0 0
0 0 0 0 0 0 0 0 0 0 0 0 0 0 0 0 0 0 0 0 0 0 0 0 0 0 0 0 0 0 0 0 0 0 0 0
0 0 0 0 0 0 0 0 0 0 0 0 0 0 0 0 0 0 0 0 0 0 0 0 0 0 0 0 0 0 0 0 0 0 0 0
0 0 0 0 0 0 0 0 0 0 0 0 0 0 0 0 0 0 0 0 0
##$SHL_SFCOEFFS15= (0..200)
0 0 0 0 0 0 0 0 0 0 0 0 0 0 0 0 0 0 0 0 0 0 0 0 0 0 0 0 0 0 0 0 0 0 0 0
0 0 0 0 0 0 0 0 0 0 0 0 0 0 0 0 0 0 0 0 0 0 0 0 0 0 0 0 0 0 0 0 0 0 0 0
0 0 0 0 0 0 0 0 0 0 0 0 0 0 0 0 0 0 0 0 0 0 0 0 0 0 0 0 0 0 0 0 0 0 0 0
0 0 0 0 0 0 0 0 0 0 0 0 0 0 0 0 0 0 0 0 0 0 0 0 0 0 0 0 0 0 0 0 0 0 0 0
0 0 0 0 0 0 0 0 0 0 0 0 0 0 0 0 0 0 0 0 0 0 0 0 0 0 0 0 0 0 0 0 0 0 0 0
0 0 0 0 0 0 0 0 0 0 0 0 0 0 0 0 0 0 0 0 0
##$SHL_SFCOEFFS2= (0..200)
0 0 0 0 0 0 0 0 0 0 0 0 0 0 0 0 0 0 0 0 0 0 0 0 0 0 0 0 0 0 0 0 0 0 0 0
0 0 0 0 0 0 0 0 0 0 0 0 0 0 0 0 0 0 0 0 0 0 0 0 0 0 0 0 0 0 0 0 0 0 0 0
0 0 0 0 0 0 0 0 0 0 0 0 0 0 0 0 0 0 0 0 0 0 0 0 0 0 0 0 0 0 0 0 0 0 0 0
0 0 0 0 0 0 0 0 0 0 0 0 0 0 0 0 0 0 0 0 0 0 0 0 0 0 0 0 0 0 0 0 0 0 0 0
0 0 0 0 0 0 0 0 0 0 0 0 0 0 0 0 0 0 0 0 0 0 0 0 0 0 0 0 0 0 0 0 0 0 0 0
0 0 0 0 0 0 0 0 0 0 0 0 0 0 0 0 0 0 0 0 0
##$SHL_SFCOEFFS3= (0..200)
0 0 0 0 0 0 0 0 0 0 0 0 0 0 0 0 0 0 0 0 0 0 0 0 0 0 0 0 0 0 0 0 0 0 0 0
0 0 0 0 0 0 0 0 0 0 0 0 0 0 0 0 0 0 0 0 0 0 0 0 0 0 0 0 0 0 0 0 0 0 0 0
0 0 0 0 0 0 0 0 0 0 0 0 0 0 0 0 0 0 0 0 0 0 0 0 0 0 0 0 0 0 0 0 0 0 0 0
0 0 0 0 0 0 0 0 0 0 0 0 0 0 0 0 0 0 0 0 0 0 0 0 0 0 0 0 0 0 0 0 0 0 0 0
0 0 0 0 0 0 0 0 0 0 0 0 0 0 0 0 0 0 0 0 0 0 0 0 0 0 0 0 0 0 0 0 0 0 0 0
0 0 0 0 0 0 0 0 0 0 0 0 0 0 0 0 0 0 0 0 0
##$SHL_SFCOEFFS4= (0..200)
0 0 0 0 0 0 0 0 0 0 0 0 0 0 0 0 0 0 0 0 0 0 0 0 0 0 0 0 0 0 0 0 0 0 0 0
0 0 0 0 0 0 0 0 0 0 0 0 0 0 0 0 0 0 0 0 0 0 0 0 0 0 0 0 0 0 0 0 0 0 0 0
0 0 0 0 0 0 0 0 0 0 0 0 0 0 0 0 0 0 0 0 0 0 0 0 0 0 0 0 0 0 0 0 0 0 0 0
0 0 0 0 0 0 0 0 0 0 0 0 0 0 0 0 0 0 0 0 0 0 0 0 0 0 0 0 0 0 0 0 0 0 0 0
0 0 0 0 0 0 0 0 0 0 0 0 0 0 0 0 0 0 0 0 0 0 0 0 0 0 0 0 0 0 0 0 0 0 0 0
0 0 0 0 0 0 0 0 0 0 0 0 0 0 0 0 0 0 0 0 0
##$SHL_SFCOEFFS5= (0..200)
0 0 0 0 0 0 0 0 0 0 0 0 0 0 0 0 0 0 0 0 0 0 0 0 0 0 0 0 0 0 0 0 0 0 0 0
0 0 0 0 0 0 0 0 0 0 0 0 0 0 0 0 0 0 0 0 0 0 0 0 0 0 0 0 0 0 0 0 0 0 0 0
0 0 0 0 0 0 0 0 0 0 0 0 0 0 0 0 0 0 0 0 0 0 0 0 0 0 0 0 0 0 0 0 0 0 0 0
0 0 0 0 0 0 0 0 0 0 0 0 0 0 0 0 0 0 0 0 0 0 0 0 0 0 0 0 0 0 0 0 0 0 0 0
0 0 0 0 0 0 0 0 0 0 0 0 0 0 0 0 0 0 0 0 0 0 0 0 0 0 0 0 0 0 0 0 0 0 0 0
0 0 0 0 0 0 0 0 0 0 0 0 0 0 0 0 0 0 0 0 0
##$SHL_SFCOEFFS6= (0..200)
0 0 0 0 0 0 0 0 0 0 0 0 0 0 0 0 0 0 0 0 0 0 0 0 0 0 0 0 0 0 0 0 0 0 0 0
0 0 0 0 0 0 0 0 0 0 0 0 0 0 0 0 0 0 0 0 0 0 0 0 0 0 0 0 0 0 0 0 0 0 0 0
0 0 0 0 0 0 0 0 0 0 0 0 0 0 0 0 0 0 0 0 0 0 0 0 0 0 0 0 0 0 0 0 0 0 0 0
0 0 0 0 0 0 0 0 0 0 0 0 0 0 0 0 0 0 0 0 0 0 0 0 0 0 0 0 0 0 0 0 0 0 0 0
0 0 0 0 0 0 0 0 0 0 0 0 0 0 0 0 0 0 0 0 0 0 0 0 0 0 0 0 0 0 0 0 0 0 0 0
0 0 0 0 0 0 0 0 0 0 0 0 0 0 0 0 0 0 0 0 0
##$SHL_SFCOEFFS7= (0..200)
0 0 0 0 0 0 0 0 0 0 0 0 0 0 0 0 0 0 0 0 0 0 0 0 0 0 0 0 0 0 0 0 0 0 0 0
0 0 0 0 0 0 0 0 0 0 0 0 0 0 0 0 0 0 0 0 0 0 0 0 0 0 0 0 0 0 0 0 0 0 0 0
0 0 0 0 0 0 0 0 0 0 0 0 0 0 0 0 0 0 0 0 0 0 0 0 0 0 0 0 0 0 0 0 0 0 0 0
0 0 0 0 0 0 0 0 0 0 0 0 0 0 0 0 0 0 0 0 0 0 0 0 0 0 0 0 0 0 0 0 0 0 0 0
0 0 0 0 0 0 0 0 0 0 0 0 0 0 0 0 0 0 0 0 0 0 0 0 0 0 0 0 0 0 0 0 0 0 0 0
0 0 0 0 0 0 0 0 0 0 0 0 0 0 0 0 0 0 0 0 0
##$SHL_SFCOEFFS8= (0..200)
0 0 0 0 0 0 0 0 0 0 0 0 0 0 0 0 0 0 0 0 0 0 0 0 0 0 0 0 0 0 0 0 0 0 0 0
0 0 0 0 0 0 0 0 0 0 0 0 0 0 0 0 0 0 0 0 0 0 0 0 0 0 0 0 0 0 0 0 0 0 0 0
0 0 0 0 0 0 0 0 0 0 0 0 0 0 0 0 0 0 0 0 0 0 0 0 0 0 0 0 0 0 0 0 0 0 0 0
0 0 0 0 0 0 0 0 0 0 0 0 0 0 0 0 0 0 0 0 0 0 0 0 0 0 0 0 0 0 0 0 0 0 0 0
0 0 0 0 0 0 0 0 0 0 0 0 0 0 0 0 0 0 0 0 0 0 0 0 0 0 0 0 0 0 0 0 0 0 0 0
0 0 0 0 0 0 0 0 0 0 0 0 0 0 0 0 0 0 0 0 0
##$SHL_SFCOEFFS9= (0..200)
0 0 0 0 0 0 0 0 0 0 0 0 0 0 0 0 0 0 0 0 0 0 0 0 0 0 0 0 0 0 0 0 0 0 0 0
0 0 0 0 0 0 0 0 0 0 0 0 0 0 0 0 0 0 0 0 0 0 0 0 0 0 0 0 0 0 0 0 0 0 0 0
0 0 0 0 0 0 0 0 0 0 0 0 0 0 0 0 0 0 0 0 0 0 0 0 0 0 0 0 0 0 0 0 0 0 0 0
0 0 0 0 0 0 0 0 0 0 0 0 0 0 0 0 0 0 0 0 0 0 0 0 0 0 0 0 0 0 0 0 0 0 0 0
0 0 0 0 0 0 0 0 0 0 0 0 0 0 0 0 0 0 0 0 0 0 0 0 0 0 0 0 0 0 0 0 0 0 0 0
0 0 0 0 0 0 0 0 0 0 0 0 0 0 0 0 0 0 0 0 0
##$SHL_SMOOTHED= (0..15)
0 0 0 0 0 0 0 0 0 0 0 0 0 0 0 0
##$SHL_SMOOTHING= (0..15)
0 0 0 0 0 0 0 0 0 0 0 0 0 0 0 0
##$SHL_SPOAL= (0..15)
0 0 0 0 0 0 0 0 0 0 0 0 0 0 0 0
##$SHL_SPOFFS= (0..15)
0 0 0 0 0 0 0 0 0 0 0 0 0 0 0 0
##$SHL_SPOPH= (0..15)
0 0 0 0 0 0 0 0 0 0 0 0 0 0 0 0
##$SHL_STARTAMP= (0..15)
0 0 0 0 0 0 0 0 0 0 0 0 0 0 0 0
##$SHL_SW= (0..15)
0 0 0 0 0 0 0 0 0 0 0 0 0 0 0 0
##$SHL_SWDIR= (0..15)
-1 -1 -1 -1 -1 -1 -1 -1 -1 -1 -1 -1 -1 -1 -1 -1
##$SHL_TANKAPPA= (0..15)
0 0 0 0 0 0 0 0 0 0 0 0 0 0 0 0
##$SHL_TOTROT= (0..15)
90 0 0 0 0 0 0 0 0 0 0 0 0 0 0 0
##$SHL_TRUNCLEV= (0..15)
0 0 0 0 0 0 0 0 0 0 0 0 0 0 0 0
##$SHL_TYPE= (0..15)
<Excitation> <> <> <> <> <> <> <> <> <> <> <> <> <> <> <>
##$SHL_WINDOWSIZE= (0..15)
0 0 0 0 0 0 0 0 0 0 0 0 0 0 0 0
##$SHL_ZETA= (0..15)
0 0 0 0 0 0 0 0 0 0 0 0 0 0 0 0
##NPOINTS= 1250
##XYPOINTS= (XY..XY)
53.521119, 141.524190
53.886153, 143.204426
54.250845, 144.860579
54.614272, 146.493007
54.975532, 148.102088
55.333749, 149.688222
55.688068, 151.251824
56.037661, 152.793322
56.381722, 154.313154
56.719472, 155.811761
57.050154, 157.289591
57.373038, 158.747091
57.687419, 160.184708
57.992614, 161.602884
58.287967, 163.002059
58.572845, 164.382666
58.846639, 165.745131
59.108763, 167.089870
59.358657, 168.417292
59.595781, 169.727794
59.819619, 171.021764
60.029677, 172.299576
60.225485, 173.561596
60.406591, 174.808174
60.572568, 176.039651
60.723007, 177.256351
60.857523, 178.458590
60.975747, 179.646667
61.077335, 180.820869
61.161958, 181.981470
61.229310, 183.128731
61.279102, 184.262899
61.311064, 185.384208
61.324946, 186.492878
61.320515, 187.589116
61.297556, 188.673114
61.255872, 189.745054
61.195283, 190.805102
61.115627, 191.853409
61.016759, 192.890115
60.898550, 193.915347
60.760889, 194.929214
60.603679, 195.931815
60.426842, 196.923234
60.230315, 197.903538
60.014049, 198.872784
59.778014, 199.831010
59.522194, 200.778242
59.246587, 201.714487
58.951209, 202.639740
58.636090, 203.553977
58.301274, 204.457158
57.946821, 205.349224
57.572807, 206.230101
57.179321, 207.099692
56.766468, 207.957883
56.334367, 208.804537
55.883152, 209.639497
55.412971, 210.462583
54.923988, 211.273588
54.416382, 212.072281
53.890345, 212.858404
53.346086, 213.631668
52.783826, 214.391755
52.203805, 215.138310
51.606275, 215.870946
50.991507, 216.589233
50.359784, 217.292702
49.711407, 217.980838
49.046695, 218.653077
48.365981, 219.308802
47.669617, 219.947338
46.957974, 220.567946
46.231441, 221.169819
45.490425, 221.752075
44.735356, 222.313748
43.966683, 222.853781
43.184881, 223.371019
42.390446, 223.864196
41.583902, 224.331922
40.765799, 224.772676
39.936720, 225.184786
39.097276, 225.566414
38.248116, 225.915539
37.389929, 226.229937
36.523442, 226.507154
35.649434, 226.744484
34.768733, 226.938938
33.882226, 227.087210
32.990865, 227.185645
32.095674, 227.230191
31.197763, 227.216361
30.298330, 227.139180
29.398684, 226.993129
28.500251, 226.772094
27.604594, 226.469299
26.713436, 226.077250
25.828675, 225.587672
24.952414, 224.991457
24.086988, 224.278629
23.234997, 223.438323
22.399338, 222.458812
21.583241, 221.327588
20.790310, 220.031521
20.024552, 218.557143
19.290411, 216.891082
18.592779, 215.020698
17.936999, 212.934948
17.328826, 210.625530
16.774356, 208.088264
16.279899, 205.324675
15.851783, 202.343604
15.496102, 199.162609
15.218406, 195.808833
15.023353, 192.318976
14.914386, 188.738120
14.893449, 185.117346
14.960827, 181.510385
15.115119, 177.969822
15.353351, 174.543489
15.671216, 171.271650
16.063393, 168.185337
16.523892, 165.305880
17.046379, 162.645457
17.624460, 160.208324
18.251893, 157.992375
18.922743, 155.990763
19.631475, 154.193374
20.373000, 152.588064
21.142689, 151.161642
21.936362, 149.900589
22.750260, 148.791569
23.581018, 147.821767
24.425621, 146.979094
25.281370, 146.252300
26.145849, 145.631012
27.016885, 145.105737
27.892526, 144.667829
28.771008, 144.309440
29.650735, 144.023466
30.530258, 143.803483
31.408256, 143.643688
32.283520, 143.538837
33.154941, 143.484194
34.021501, 143.475477
34.882255, 143.508812
35.736330, 143.580688
36.582916, 143.687925
37.421256, 143.827631
38.250646, 143.997178
39.070423, 144.194174
39.879968, 144.416432
40.678699, 144.661959
41.466068, 144.928928
42.241559, 145.215664
43.004683, 145.520628
43.754981, 145.842406
44.492018, 146.179693
45.215383, 146.531284
45.924686, 146.896066
46.619561, 147.273005
47.299660, 147.661143
47.964654, 148.059589
48.614234, 148.467510
49.248107, 148.884132
49.865999, 149.308730
50.467650, 149.740621
51.052819, 150.179169
51.621277, 150.623773
52.172814, 151.073865
52.707232, 151.528912
53.224349, 151.988407
53.723997, 152.451869
54.206023, 152.918843
54.670286, 153.388894
55.116660, 153.861606
55.545033, 154.336584
55.955306, 154.813447
56.347393, 155.291830
56.721221, 155.771382
57.076731, 156.251762
57.413878, 156.732644
57.732627, 157.213710
58.032958, 157.694650
58.314864, 158.175165
58.578351, 158.654962
58.823436, 159.133755
59.050151, 159.611263
59.258539, 160.087211
59.448656, 160.561329
59.620573, 161.033349
59.774369, 161.503008
59.910141, 161.970047
60.027994, 162.434207
60.128048, 162.895231
60.210435, 163.352865
60.275301, 163.806855
60.322801, 164.256948
60.353107, 164.702890
60.366400, 165.144430
60.362875, 165.581313
60.342739, 166.013286
60.306212, 166.440092
60.253526, 166.861477
60.184925, 167.277183
60.100668, 167.686949
60.001022, 168.090515
59.886271, 168.487616
59.756707, 168.877989
59.612638, 169.261364
59.454382, 169.637472
59.282270, 170.006039
59.096645, 170.366791
58.897862, 170.719450
58.686289, 171.063735
58.462305, 171.399364
58.226301, 171.726053
57.978680, 172.043513
57.719858, 172.351456
57.450261, 172.649592
57.170327, 172.937628
56.880506, 173.215270
56.581258, 173.482226
56.273055, 173.738201
55.956381, 173.982902
55.631728, 174.216035
55.299602, 174.437311
54.960515, 174.646440
54.614993, 174.843139
54.263569, 175.027126
53.906786, 175.198126
53.545197, 175.355872
53.179360, 175.500103
52.809844, 175.630568
52.437226, 175.747027
52.062086, 175.849252
51.685013, 175.937031
51.306602, 176.010165
50.927450, 176.068477
50.548159, 176.111806
50.169334, 176.140017
49.791582, 176.152997
49.415510, 176.150663
49.041725, 176.132959
48.670832, 176.099860
48.303433, 176.051379
47.940126, 175.987564
47.581502, 175.908501
47.228146, 175.814322
46.880631, 175.705198
46.539523, 175.581352
46.205370, 175.443052
45.878710, 175.290618
45.560062, 175.124423
45.249925, 174.944892
44.948781, 174.752506
44.657086, 174.547802
44.375273, 174.331372
44.103746, 174.103863
43.842884, 173.865979
43.593031, 173.618477
43.354501, 173.362167
43.127574, 173.097909
42.912493, 172.826609
42.709463, 172.549221
42.518653, 172.266736
42.340190, 171.980184
42.174162, 171.690626
42.020613, 171.399150
41.879548, 171.106866
41.750929, 170.814899
41.634675, 170.524384
41.530665, 170.236463
41.438736, 169.952274
41.358685, 169.672947
41.290269, 169.399599
41.233207, 169.133330
41.187181, 168.875213
41.151840, 168.626294
41.126797, 168.387584
41.111635, 168.160056
41.105908, 167.944643
41.109142, 167.742232
41.120841, 167.553663
41.140483, 167.379726
41.167530, 167.221163
41.201422, 167.078661
41.241589, 166.952856
41.287443, 166.844333
41.338391, 166.753623
41.393827, 166.681206
41.453143, 166.627515
41.515724, 166.592932
41.580955, 166.577793
41.648222, 166.582391
41.716910, 166.606975
41.786411, 166.651755
41.856120, 166.716905
41.925440, 166.802563
41.993782, 166.908835
42.060565, 167.035800
42.125221, 167.183508
42.187192, 167.351987
42.245933, 167.541243
42.300913, 167.751265
42.351615, 167.982023
42.397536, 168.233479
42.438190, 168.505577
42.473108, 168.798258
42.501834, 169.111454
42.523934, 169.445092
42.538988, 169.799097
42.546596, 170.173394
42.546373, 170.567909
42.537957, 170.982569
42.521002, 171.417307
42.495180, 171.872064
42.460183, 172.346786
42.415723, 172.841428
42.361531, 173.355957
42.297357, 173.890351
42.222970, 174.444600
42.138160, 175.018710
42.042735, 175.612702
41.936525, 176.226613
41.819379, 176.860498
41.691165, 177.514432
41.551773, 178.188510
41.401113, 178.882847
41.239114, 179.597582
41.065728, 180.332877
40.880926, 181.088921
40.684701, 181.865926
40.477067, 182.664135
40.258060, 183.483817
40.027738, 184.325272
39.786179, 185.188834
39.533487, 186.074866
39.269786, 186.983769
38.995224, 187.915979
38.709976, 188.871970
38.414236, 189.852254
38.108226, 190.857385
37.792194, 191.887959
37.466414, 192.944618
37.131185, 194.028048
36.786835, 195.138984
36.433723, 196.278208
36.072233, 197.446554
35.702785, 198.644910
35.325826, 199.874213
34.941838, 201.135458
34.551337, 202.429692
34.154875, 203.758019
33.753041, 205.121597
33.346460, 206.521639
32.935798, 207.959408
32.521764, 209.436220
32.105106, 210.953436
31.686621, 212.512459
31.267147, 214.114727
30.847573, 215.761707
30.428833, 217.454880
30.011914, 219.195735
29.597851, 220.985750
29.187730, 222.826374
28.782690, 224.719009
28.383919, 226.664982
27.992655, 228.665517
27.610184, 230.721708
27.237837, 232.834475
26.876986, 235.004534
26.529040, 237.232347
26.195437, 239.518080
25.877638, 241.861559
25.577114, 244.262219
25.295342, 246.719063
25.033784, 249.230614
24.793877, 251.794886
24.577019, 254.409351
24.384548, 257.070921
24.217726, 259.775947
24.077723, 262.520223
23.965596, 265.299022
23.882275, 268.107131
23.828543, 270.938923
23.805028, 273.788425
23.812187, 276.649416
23.850301, 279.515531
23.919469, 282.380362
24.019608, 285.237575
24.150456, 288.081017
24.311577, 290.904812
24.502371, 293.703452
24.722085, 296.471871
24.969830, 299.205500
25.244594, 301.900310
25.545260, 304.552833
25.870623, 307.160165
26.219404, 309.719962
26.590272, 312.230419
26.981853, 314.690235
27.392748, 317.098578
27.821541, 319.455041
28.266818, 321.759599
28.727166, 324.012557
29.201190, 326.214508
29.687516, 328.366285
30.184793, 330.468927
30.691703, 332.523631
31.206962, 334.531725
31.729321, 336.494634
32.257566, 338.413851
32.790525, 340.290919
33.327062, 342.127407
33.866080, 343.924893
34.406518, 345.684950
34.947355, 347.409137
35.487605, 349.098986
36.026316, 350.755998
36.562571, 352.381633
37.095487, 353.977310
37.624210, 355.544401
38.147919, 357.084231
38.665820, 358.598075
39.177147, 0.087158
39.681163, 1.552656
40.177155, 2.995695
40.664435, 4.417353
41.142338, 5.818661
41.610222, 7.200603
42.067469, 8.564120
42.513478, 9.910109
42.947670, 11.239429
43.369488, 12.552895
43.778391, 13.851289
44.173856, 15.135355
44.555380, 16.405805
44.922474, 17.663317
45.274670, 18.908539
45.611511, 20.142093
45.932562, 21.364570
46.237397, 22.576537
46.525611, 23.778540
46.796810, 24.971098
47.050616, 26.154711
47.286665, 27.329861
47.504608, 28.497009
47.704110, 29.656600
47.884847, 30.809063
48.046513, 31.954813
48.188812, 33.094250
48.311462, 34.227764
48.414196, 35.355732
48.496758, 36.478521
48.558907, 37.596490
48.600413, 38.709987
48.621059, 39.819355
48.620643, 40.924933
48.598973, 42.027050
48.555872, 43.126034
48.491175, 44.222210
48.404729, 45.315900
48.296394, 46.407425
48.166044, 47.497107
48.013563, 48.585268
47.838851, 49.672233
47.641817, 50.758330
47.422387, 51.843894
47.180495, 52.929264
46.916093, 54.014786
46.629140, 55.100819
46.319614, 56.187729
45.987501, 57.275897
45.632803, 58.365719
45.255534, 59.457606
44.855722, 60.551991
44.433406, 61.649327
43.988643, 62.750093
43.521499, 63.854796
43.032057, 64.963975
42.520414, 66.078206
41.986679, 67.198105
41.430978, 68.324333
40.853451, 69.457607
40.254256, 70.598698
39.633562, 71.748447
38.991560, 72.907769
38.328455, 74.077666
37.644470, 75.259238
36.939849, 76.453696
36.214854, 77.662379
35.469770, 78.886774
34.704905, 80.128535
33.920589, 81.389513
33.117183, 82.671782
32.295075, 83.977682
31.454687, 85.309858
30.596477, 86.671315
29.720946, 88.065481
28.828642, 89.496285
27.920167, 90.968252
26.996188, 92.486616
26.057447, 94.057467
25.104774, 95.687927
24.139107, 97.386369
23.161515, 99.162698
22.173226, 101.028700
21.175667, 102.998489
20.170513, 105.089068
19.159755, 107.321058
18.145785, 109.719616
17.131519, 112.315616
16.120557, 115.147124
15.117397, 118.261239
14.127734, 121.716271
13.158857, 125.584127
12.220183, 129.952475
11.323934, 134.925595
10.485941, 140.621645
9.726458, 147.162182
9.070607, 154.647772
8.547789, 163.114230
8.189056, 172.473610
8.021861, 182.466913
8.063259, 192.676232
8.314847, 202.621859
8.762762, 211.898594
9.382630, 220.265192
10.146180, 227.648609
11.026331, 234.093576
11.999756, 239.704349
13.047524, 244.602950
14.154731, 248.906451
15.309792, 252.717517
16.503709, 256.122170
17.729457, 259.190856
18.981490, 261.980653
20.255378, 264.537660
21.547528, 266.899142
22.854984, 269.095328
24.175276, 271.150860
25.506305, 273.085946
26.846266, 274.917253
28.193580, 276.658619
29.546850, 278.321604
30.904822, 279.915923
32.266356, 281.449789
33.630409, 282.930186
34.996013, 284.363081
36.362263, 285.753605
37.728308, 287.106187
39.093339, 288.424668
40.456587, 289.712397
41.817312, 290.972305
43.174802, 292.206964
44.528368, 293.418645
45.877344, 294.609359
47.221078, 295.780889
48.558936, 296.934826
49.890298, 298.072592
51.214558, 299.195462
52.531120, 300.304581
53.839399, 301.400983
55.138821, 302.485603
56.428821, 303.559285
57.708842, 304.622800
58.978339, 305.676848
60.236770, 306.722067
61.483605, 307.759041
62.718319, 308.788306
63.940397, 309.810353
65.149329, 310.825634
66.344615, 311.834566
67.525761, 312.837533
68.692278, 313.834891
69.843689, 314.826970
70.979521, 315.814075
72.099310, 316.796491
73.202597, 317.774482
74.288935, 318.748294
75.357879, 319.718159
76.408996, 320.684291
77.441860, 321.646892
78.456051, 322.606151
79.451159, 323.562246
80.426781, 324.515342
81.382522, 325.465598
82.317996, 326.413162
83.232826, 327.358173
84.126642, 328.300764
84.999084, 329.241059
85.849800, 330.179177
86.678447, 331.115231
87.484691, 332.049328
88.268208, 332.981568
89.028681, 333.912050
89.765806, 334.840866
90.479284, 335.768103
91.168830, 336.693846
91.834165, 337.618176
92.475022, 338.541171
93.091144, 339.462905
93.682282, 340.383449
94.248198, 341.302873
94.788666, 342.221242
95.303468, 343.138622
95.792397, 344.055074
96.255256, 344.970659
96.691859, 345.885434
97.102032, 346.799457
97.485608, 347.712783
97.842434, 348.625465
98.172366, 349.537556
98.475272, 350.449107
98.751029, 351.360169
98.999528, 352.270790
99.220668, 353.181021
99.414361, 354.090907
99.580527, 355.000497
99.719102, 355.909837
99.830028, 356.818973
99.913262, 357.727951
99.968770, 358.636815
99.996530, 359.545613
99.996530, 0.454387
99.968770, 1.363185
99.913262, 2.272049
99.830028, 3.181027
99.719102, 4.090163
99.580527, 4.999503
99.414361, 5.909093
99.220668, 6.818979
98.999528, 7.729210
98.751029, 8.639831
98.475272, 9.550893
98.172366, 10.462444
97.842434, 11.374535
97.485608, 12.287217
97.102032, 13.200543
96.691859, 14.114566
96.255256, 15.029341
95.792397, 15.944926
95.303468, 16.861378
94.788666, 17.778758
94.248198, 18.697127
93.682282, 19.616551
93.091144, 20.537095
92.475022, 21.458829
91.834165, 22.381824
91.168830, 23.306154
90.479284, 24.231897
89.765806, 25.159134
89.028681, 26.087950
88.268208, 27.018432
87.484691, 27.950672
86.678447, 28.884769
85.849800, 29.820823
84.999084, 30.758941
84.126642, 31.699236
83.232826, 32.641827
82.317996, 33.586838
81.382522, 34.534402
80.426781, 35.484658
79.451159, 36.437754
78.456051, 37.393849
77.441860, 38.353108
76.408996, 39.315709
75.357879, 40.281841
74.288935, 41.251706
73.202597, 42.225518
72.099310, 43.203509
70.979521, 44.185925
69.843689, 45.173030
68.692278, 46.165109
67.525761, 47.162467
66.344615, 48.165434
65.149329, 49.174366
63.940397, 50.189647
62.718319, 51.211694
61.483605, 52.240959
60.236770, 53.277933
58.978339, 54.323152
57.708842, 55.377200
56.428821, 56.440715
55.138821, 57.514397
53.839399, 58.599017
52.531120, 59.695419
51.214558, 60.804538
49.890298, 61.927408
48.558936, 63.065174
47.221078, 64.219111
45.877344, 65.390641
44.528368, 66.581355
43.174802, 67.793036
41.817312, 69.027695
40.456587, 70.287603
39.093339, 71.575332
37.728308, 72.893813
36.362263, 74.246395
34.996013, 75.636919
33.630409, 77.069814
32.266356, 78.550211
30.904822, 80.084077
29.546850, 81.678396
28.193580, 83.341381
26.846266, 85.082747
25.506305, 86.914054
24.175276, 88.849140
22.854984, 90.904672
21.547528, 93.100858
20.255378, 95.462340
18.981490, 98.019347
17.729457, 100.809144
16.503709, 103.877830
15.309792, 107.282483
14.154731, 111.093549
13.047524, 115.397050
11.999756, 120.295651
11.026331, 125.906424
10.146180, 132.351391
9.382630, 139.734808
8.762762, 148.101406
8.314847, 157.378141
8.063259, 167.323768
8.021861, 177.533087
8.189056, 187.526390
8.547789, 196.885770
9.070607, 205.352228
9.726458, 212.837818
10.485941, 219.378355
11.323934, 225.074405
12.220183, 230.047525
13.158857, 234.415873
14.127734, 238.283729
15.117397, 241.738761
16.120557, 244.852876
17.131519, 247.684384
18.145785, 250.280384
19.159755, 252.678942
20.170513, 254.910932
21.175667, 257.001511
22.173226, 258.971300
23.161515, 260.837302
24.139107, 262.613631
25.104774, 264.312073
26.057447, 265.942533
26.996188, 267.513384
27.920167, 269.031748
28.828642, 270.503715
29.720946, 271.934519
30.596477, 273.328685
31.454687, 274.690142
32.295075, 276.022318
33.117183, 277.328218
33.920589, 278.610487
34.704905, 279.871465
35.469770, 281.113226
36.214854, 282.337621
36.939849, 283.546304
37.644470, 284.740762
38.328455, 285.922334
38.991560, 287.092231
39.633562, 288.251553
40.254256, 289.401302
40.853451, 290.542393
41.430978, 291.675667
41.986679, 292.801895
42.520414, 293.921794
43.032057, 295.036025
43.521499, 296.145204
43.988643, 297.249907
44.433406, 298.350673
44.855722, 299.448009
45.255534, 300.542394
45.632803, 301.634281
45.987501, 302.724103
46.319614, 303.812271
46.629140, 304.899181
46.916093, 305.985214
47.180495, 307.070736
47.422387, 308.156106
47.641817, 309.241670
47.838851, 310.327767
48.013563, 311.414732
48.166044, 312.502893
48.296394, 313.592575
48.404729, 314.684100
48.491175, 315.777790
48.555872, 316.873966
48.598973, 317.972950
48.620643, 319.075067
48.621059, 320.180645
48.600413, 321.290013
48.558907, 322.403510
48.496758, 323.521479
48.414196, 324.644268
48.311462, 325.772236
48.188812, 326.905750
48.046513, 328.045187
47.884847, 329.190937
47.704110, 330.343400
47.504608, 331.502991
47.286665, 332.670139
47.050616, 333.845289
46.796810, 335.028902
46.525611, 336.221460
46.237397, 337.423463
45.932562, 338.635430
45.611511, 339.857907
45.274670, 341.091461
44.922474, 342.336683
44.555380, 343.594195
44.173856, 344.864645
43.778391, 346.148711
43.369488, 347.447105
42.947670, 348.760571
42.513478, 350.089891
42.067469, 351.435880
41.610222, 352.799397
41.142338, 354.181339
40.664435, 355.582647
40.177155, 357.004305
39.681163, 358.447344
39.177147, 359.912842
38.665820, 1.401925
38.147919, 2.915769
37.624210, 4.455599
37.095487, 6.022690
36.562571, 7.618367
36.026316, 9.244002
35.487605, 10.901014
34.947355, 12.590863
34.406518, 14.315050
33.866080, 16.075107
33.327062, 17.872593
32.790525, 19.709081
32.257566, 21.586149
31.729321, 23.505366
31.206962, 25.468275
30.691703, 27.476369
30.184793, 29.531073
29.687516, 31.633715
29.201190, 33.785492
28.727166, 35.987443
28.266818, 38.240401
27.821541, 40.544959
27.392748, 42.901422
26.981853, 45.309765
26.590272, 47.769581
26.219404, 50.280038
25.870623, 52.839835
25.545260, 55.447167
25.244594, 58.099690
24.969830, 60.794500
24.722085, 63.528129
24.502371, 66.296548
24.311577, 69.095188
24.150456, 71.918983
24.019608, 74.762425
23.919469, 77.619638
23.850301, 80.484469
23.812187, 83.350584
23.805028, 86.211575
23.828543, 89.061077
23.882275, 91.892869
23.965596, 94.700978
24.077723, 97.479777
24.217726, 100.224053
24.384548, 102.929079
24.577019, 105.590649
24.793877, 108.205114
25.033784, 110.769386
25.295342, 113.280937
25.577114, 115.737781
25.877638, 118.138441
26.195437, 120.481920
26.529040, 122.767653
26.876986, 124.995466
27.237837, 127.165525
27.610184, 129.278292
27.992655, 131.334483
28.383919, 133.335018
28.782690, 135.280991
29.187730, 137.173626
29.597851, 139.014250
30.011914, 140.804265
30.428833, 142.545120
30.847573, 144.238293
31.267147, 145.885273
31.686621, 147.487541
32.105106, 149.046564
32.521764, 150.563780
32.935798, 152.040592
33.346460, 153.478361
33.753041, 154.878403
34.154875, 156.241981
34.551337, 157.570308
34.941838, 158.864542
35.325826, 160.125787
35.702785, 161.355090
36.072233, 162.553446
36.433723, 163.721792
36.786835, 164.861016
37.131185, 165.971952
37.466414, 167.055382
37.792194, 168.112041
38.108226, 169.142615
38.414236, 170.147746
38.709976, 171.128030
38.995224, 172.084021
39.269786, 173.016231
39.533487, 173.925134
39.786179, 174.811166
40.027738, 175.674728
40.258060, 176.516183
40.477067, 177.335865
40.684701, 178.134074
40.880926, 178.911079
41.065728, 179.667123
41.239114, 180.402418
41.401113, 181.117153
41.551773, 181.811490
41.691165, 182.485568
41.819379, 183.139502
41.936525, 183.773387
42.042735, 184.387298
42.138160, 184.981290
42.222970, 185.555400
42.297357, 186.109649
42.361531, 186.644043
42.415723, 187.158572
42.460183, 187.653214
42.495180, 188.127936
42.521002, 188.582693
42.537957, 189.017431
42.546373, 189.432091
42.546596, 189.826606
42.538988, 190.200903
42.523934, 190.554908
42.501834, 190.888546
42.473108, 191.201742
42.438190, 191.494423
42.397536, 191.766521
42.351615, 192.017977
42.300913, 192.248735
42.245933, 192.458757
42.187192, 192.648013
42.125221, 192.816492
42.060565, 192.964200
41.993782, 193.091165
41.925440, 193.197437
41.856120, 193.283095
41.786411, 193.348245
41.716910, 193.393025
41.648222, 193.417609
41.580955, 193.422207
41.515724, 193.407068
41.453143, 193.372485
41.393827, 193.318794
41.338391, 193.246377
41.287443, 193.155667
41.241589, 193.047144
41.201422, 192.921339
41.167530, 192.778837
41.140483, 192.620274
41.120841, 192.446337
41.109142, 192.257768
41.105908, 192.055357
41.111635, 191.839944
41.126797, 191.612416
41.151840, 191.373706
41.187181, 191.124787
41.233207, 190.866670
41.290269, 190.600401
41.358685, 190.327053
41.438736, 190.047726
41.530665, 189.763537
41.634675, 189.475616
41.750929, 189.185101
41.879548, 188.893134
42.020613, 188.600850
42.174162, 188.309374
42.340190, 188.019816
42.518653, 187.733264
42.709463, 187.450779
42.912493, 187.173391
43.127574, 186.902091
43.354501, 186.637833
43.593031, 186.381523
43.842884, 186.134021
44.103746, 185.896137
44.375273, 185.668628
44.657086, 185.452198
44.948781, 185.247494
45.249925, 185.055108
45.560062, 184.875577
45.878710, 184.709382
46.205370, 184.556948
46.539523, 184.418648
46.880631, 184.294802
47.228146, 184.185678
47.581502, 184.091499
47.940126, 184.012436
48.303433, 183.948621
48.670832, 183.900140
49.041725, 183.867041
49.415510, 183.849337
49.791582, 183.847003
50.169334, 183.859983
50.548159, 183.888194
50.927450, 183.931523
51.306602, 183.989835
51.685013, 184.062969
52.062086, 184.150748
52.437226, 184.252973
52.809844, 184.369432
53.179360, 184.499897
53.545197, 184.644128
53.906786, 184.801874
54.263569, 184.972874
54.614993, 185.156861
54.960515, 185.353560
55.299602, 185.562689
55.631728, 185.783965
55.956381, 186.017098
56.273055, 186.261799
56.581258, 186.517774
56.880506, 186.784730
57.170327, 187.062372
57.450261, 187.350408
57.719858, 187.648544
57.978680, 187.956487
58.226301, 188.273947
58.462305, 188.600636
58.686289, 188.936265
58.897862, 189.280550
59.096645, 189.633209
59.282270, 189.993961
59.454382, 190.362528
59.612638, 190.738636
59.756707, 191.122011
59.886271, 191.512384
60.001022, 191.909485
60.100668, 192.313051
60.184925, 192.722817
60.253526, 193.138523
60.306212, 193.559908
60.342739, 193.986714
60.362875, 194.418687
60.366400, 194.855570
60.353107, 195.297110
60.322801, 195.743052
60.275301, 196.193145
60.210435, 196.647135
60.128048, 197.104769
60.027994, 197.565793
59.910141, 198.029953
59.774369, 198.496992
59.620573, 198.966651
59.448656, 199.438671
59.258539, 199.912789
59.050151, 200.388737
58.823436, 200.866245
58.578351, 201.345038
58.314864, 201.824835
58.032958, 202.305350
57.732627, 202.786290
57.413878, 203.267356
57.076731, 203.748238
56.721221, 204.228618
56.347393, 204.708170
55.955306, 205.186553
55.545033, 205.663416
55.116660, 206.138394
54.670286, 206.611106
54.206023, 207.081157
53.723997, 207.548131
53.224349, 208.011593
52.707232, 208.471088
52.172814, 208.926135
51.621277, 209.376227
51.052819, 209.820831
50.467650, 210.259379
49.865999, 210.691270
49.248107, 211.115868
48.614234, 211.532490
47.964654, 211.940411
47.299660, 212.338857
46.619561, 212.726995
45.924686, 213.103934
45.215383, 213.468716
44.492018, 213.820307
43.754981, 214.157594
43.004683, 214.479372
42.241559, 214.784336
41.466068, 215.071072
40.678699, 215.338041
39.879968, 215.583568
39.070423, 215.805826
38.250646, 216.002822
37.421256, 216.172369
36.582916, 216.312075
35.736330, 216.419312
34.882255, 216.491188
34.021501, 216.524523
33.154941, 216.515806
32.283520, 216.461163
31.408256, 216.356312
30.530258, 216.196517
29.650735, 215.976534
28.771008, 215.690560
27.892526, 215.332171
27.016885, 214.894263
26.145849, 214.368988
25.281370, 213.747700
24.425621, 213.020906
23.581018, 212.178233
22.750260, 211.208431
21.936362, 210.099411
21.142689, 208.838358
20.373000, 207.411936
19.631475, 205.806626
18.922743, 204.009237
18.251893, 202.007625
17.624460, 199.791676
17.046379, 197.354543
16.523892, 194.694120
16.063393, 191.814663
15.671216, 188.728350
15.353351, 185.456511
15.115119, 182.030178
14.960827, 178.489615
14.893449, 174.882654
14.914386, 171.261880
15.023353, 167.681024
15.218406, 164.191167
15.496102, 160.837391
15.851783, 157.656396
16.279899, 154.675325
16.774356, 151.911736
17.328826, 149.374470
17.936999, 147.065052
18.592779, 144.979302
19.290411, 143.108918
20.024552, 141.442857
20.790310, 139.968479
21.583241, 138.672412
22.399338, 137.541188
23.234997, 136.561677
24.086988, 135.721371
24.952414, 135.008543
25.828675, 134.412328
26.713436, 133.922750
27.604594, 133.530701
28.500251, 133.227906
29.398684, 133.006871
30.298330, 132.860820
31.197763, 132.783639
32.095674, 132.769809
32.990865, 132.814355
33.882226, 132.912790
34.768733, 133.061062
35.649434, 133.255516
36.523442, 133.492846
37.389929, 133.770063
38.248116, 134.084461
39.097276, 134.433586
39.936720, 134.815214
40.765799, 135.227324
41.583902, 135.668078
42.390446, 136.135804
43.184881, 136.628981
43.966683, 137.146219
44.735356, 137.686252
45.490425, 138.247925
46.231441, 138.830181
46.957974, 139.432054
47.669617, 140.052662
48.365981, 140.691198
49.046695, 141.346923
49.711407, 142.019162
50.359784, 142.707298
50.991507, 143.410767
51.606275, 144.129054
52.203805, 144.861690
52.783826, 145.608245
53.346086, 146.368332
53.890345, 147.141596
54.416382, 147.927719
54.923988, 148.726412
55.412971, 149.537417
55.883152, 150.360503
56.334367, 151.195463
56.766468, 152.042117
57.179321, 152.900308
57.572807, 153.769899
57.946821, 154.650776
58.301274, 155.542842
58.636090, 156.446023
58.951209, 157.360260
59.246587, 158.285513
59.522194, 159.221758
59.778014, 160.168990
60.014049, 161.127216
60.230315, 162.096462
60.426842, 163.076766
60.603679, 164.068185
60.760889, 165.070786
60.898550, 166.084653
61.016759, 167.109885
61.115627, 168.146591
61.195283, 169.194898
61.255872, 170.254946
61.297556, 171.326886
61.320515, 172.410884
61.324946, 173.507122
61.311064, 174.615792
61.279102, 175.737101
61.229310, 176.871269
61.161958, 178.018530
61.077335, 179.179131
60.975747, 180.353333
60.857523, 181.541410
60.723007, 182.743649
60.572568, 183.960349
60.406591, 185.191826
60.225485, 186.438404
60.029677, 187.700424
59.819619, 188.978236
59.595781, 190.272206
59.358657, 191.582708
59.108763, 192.910130
58.846639, 194.254869
58.572845, 195.617334
58.287967, 196.997941
57.992614, 198.397116
57.687419, 199.815292
57.373038, 201.252909
57.050154, 202.710409
56.719472, 204.188239
56.381722, 205.686846
56.037661, 207.206678
55.688068, 208.748176
55.333749, 210.311778
54.975532, 211.897912
54.614272, 213.506993
54.250845, 215.139421
53.886153, 216.795574
53.521119, 218.475810
##END=
