##TITLE= Parameter file, TopSpin 4.3.0
##JCAMPDX= 5.0
##DATATYPE= Parameter Values
##ORIGIN= Bruker BioSpin GmbH
##OWNER= nmrsu
$$ 2024-02-09 13:23:21.263 +0000  nmrsu@4CE1161FJM
$$ C:/Bruker/TopSpin4.3.0/exp/stan/nmr/lists/wave/user/multisupp_aux_d8
$$ process C:\Bruker\TopSpin4.3.0\prog\mod\xwinshape.exe
##MINX= 0.25592000
##MAXX= 99.99963000
##MINY= 0.27624800
##MAXY= 359.72375200
##$SHAPE_ADDPHASE= 0
##$SHAPE_AMP= 99.99963043
##$SHAPE_BWFAC= 0
##$SHAPE_BWFAC50= 0
##$SHAPE_CALCBW= yes
##$SHAPE_CALCINTEG= yes
##$SHAPE_EXMODE= <Excitation>
##$SHAPE_EXPAND= <>
##$SHAPE_EXPANDCF= (0..143)
0 0 0 0 0 0 0 0 0 0 0 0 0 0 0 0 0 0 0 0 0 0 0 0 0 0 0 0 0 0 0 0 0 0 0 0
0 0 0 0 0 0 0 0 0 0 0 0 0 0 0 0 0 0 0 0 0 0 0 0 0 0 0 0 0 0 0 0 0 0 0 0
0 0 0 0 0 0 0 0 0 0 0 0 0 0 0 0 0 0 0 0 0 0 0 0 0 0 0 0 0 0 0 0 0 0 0 0
0 0 0 0 0 0 0 0 0 0 0 0 0 0 0 0 0 0 0 0 0 0 0 0 0 0 0 0 0 0 0 0 0 0 0 0
##$SHAPE_EXPFAC= 0
##$SHAPE_FRACEND= 0
##$SHAPE_FRACORG= 0
##$SHAPE_FRACSTART= 0
##$SHAPE_INTEGFAC= 0
##$SHAPE_KEEPRES= yes
##$SHAPE_LENGTH= 25000.000373
##$SHAPE_MAN= <M>
##$SHAPE_MODE= 2
##$SHAPE_MODFREQ= 0
##$SHAPE_MODPHASE= 0
##$SHAPE_MODSCALE= 0
##$SHAPE_MODSW= 0
##$SHAPE_MODSWDIR= -1
##$SHAPE_NPOINTS= 1250
##$SHAPE_OFFS= <1 2>
##$SHAPE_OFFSCOEFF= (0..95)
58.151886 0 100 -211.62315 0 100 0 0 0 0 0 0 0 0 0 0 0 0 0 0 0 0 0 0 0
0 0 0 0 0 0 0 0 0 0 0 0 0 0 0 0 0 0 0 0 0 0 0 0 0 0 0 0 0 0 0 0 0 0 0 0
0 0 0 0 0 0 0 0 0 0 0 0 0 0 0 0 0 0 0 0 0 0 0 0 0 0 0 0 0 0 0 0 0 0 0
##$SHAPE_PARAMETER= <>
##$SHAPE_REPHFAC= 0
##$SHAPE_RES= 0
##$SHAPE_SCALEFAC= 1.0000037
##$SHAPE_SCALETYPE= 0
##$SHAPE_SPOAL= 0
##$SHAPE_SPOFFS= 0
##$SHAPE_SPOPH= 0
##$SHAPE_TOTROT= 90
##$SHAPE_TYPE= <Excitation>
##$SHAPE_USER_DEF= <>
##$SHAPE_VERSION= 2.1
##$SHL_ADDPHASE= (0..15)
0 0 0 0 0 0 0 0 0 0 0 0 0 0 0 0
##$SHL_ALIGNOFFSET= (0..15)
0 0 0 0 0 0 0 0 0 0 0 0 0 0 0 0
##$SHL_AMP= (0..15)
100 0 0 0 0 0 0 0 0 0 0 0 0 0 0 0
##$SHL_AMPFAC= (0..15)
0 0 0 0 0 0 0 0 0 0 0 0 0 0 0 0
##$SHL_BETA= (0..15)
0 0 0 0 0 0 0 0 0 0 0 0 0 0 0 0
##$SHL_BWFAC= (0..15)
1.116 0 0 0 0 0 0 0 0 0 0 0 0 0 0 0
##$SHL_CALCBW= (0..15)
yes yes yes yes yes yes yes yes yes yes yes yes yes yes yes yes
##$SHL_CALCINTEG= (0..15)
yes yes yes yes yes yes yes yes yes yes yes yes yes yes yes yes
##$SHL_CENTERAMP= (0..15)
0 0 0 0 0 0 0 0 0 0 0 0 0 0 0 0
##$SHL_CYCNUM= (0..15)
0 0 0 0 0 0 0 0 0 0 0 0 0 0 0 0
##$SHL_DIPOLCPL= (0..15)
0 0 0 0 0 0 0 0 0 0 0 0 0 0 0 0
##$SHL_ENDAMP= (0..15)
0 0 0 0 0 0 0 0 0 0 0 0 0 0 0 0
##$SHL_EXMODE= (0..15)
<Excitation> <> <> <> <> <> <> <> <> <> <> <> <> <> <> <>
##$SHL_EXPAND= (0..15)
<> <> <> <> <> <> <> <> <> <> <> <> <> <> <> <>
##$SHL_EXPANDCF0= (0..143)
0 0 0 0 0 0 0 0 0 0 0 0 0 0 0 0 0 0 0 0 0 0 0 0 0 0 0 0 0 0 0 0 0 0 0 0
0 0 0 0 0 0 0 0 0 0 0 0 0 0 0 0 0 0 0 0 0 0 0 0 0 0 0 0 0 0 0 0 0 0 0 0
0 0 0 0 0 0 0 0 0 0 0 0 0 0 0 0 0 0 0 0 0 0 0 0 0 0 0 0 0 0 0 0 0 0 0 0
0 0 0 0 0 0 0 0 0 0 0 0 0 0 0 0 0 0 0 0 0 0 0 0 0 0 0 0 0 0 0 0 0 0 0 0
##$SHL_EXPANDCF1= (0..143)
0 0 0 0 0 0 0 0 0 0 0 0 0 0 0 0 0 0 0 0 0 0 0 0 0 0 0 0 0 0 0 0 0 0 0 0
0 0 0 0 0 0 0 0 0 0 0 0 0 0 0 0 0 0 0 0 0 0 0 0 0 0 0 0 0 0 0 0 0 0 0 0
0 0 0 0 0 0 0 0 0 0 0 0 0 0 0 0 0 0 0 0 0 0 0 0 0 0 0 0 0 0 0 0 0 0 0 0
0 0 0 0 0 0 0 0 0 0 0 0 0 0 0 0 0 0 0 0 0 0 0 0 0 0 0 0 0 0 0 0 0 0 0 0
##$SHL_EXPANDCF10= (0..143)
0 0 0 0 0 0 0 0 0 0 0 0 0 0 0 0 0 0 0 0 0 0 0 0 0 0 0 0 0 0 0 0 0 0 0 0
0 0 0 0 0 0 0 0 0 0 0 0 0 0 0 0 0 0 0 0 0 0 0 0 0 0 0 0 0 0 0 0 0 0 0 0
0 0 0 0 0 0 0 0 0 0 0 0 0 0 0 0 0 0 0 0 0 0 0 0 0 0 0 0 0 0 0 0 0 0 0 0
0 0 0 0 0 0 0 0 0 0 0 0 0 0 0 0 0 0 0 0 0 0 0 0 0 0 0 0 0 0 0 0 0 0 0 0
##$SHL_EXPANDCF11= (0..143)
0 0 0 0 0 0 0 0 0 0 0 0 0 0 0 0 0 0 0 0 0 0 0 0 0 0 0 0 0 0 0 0 0 0 0 0
0 0 0 0 0 0 0 0 0 0 0 0 0 0 0 0 0 0 0 0 0 0 0 0 0 0 0 0 0 0 0 0 0 0 0 0
0 0 0 0 0 0 0 0 0 0 0 0 0 0 0 0 0 0 0 0 0 0 0 0 0 0 0 0 0 0 0 0 0 0 0 0
0 0 0 0 0 0 0 0 0 0 0 0 0 0 0 0 0 0 0 0 0 0 0 0 0 0 0 0 0 0 0 0 0 0 0 0
##$SHL_EXPANDCF12= (0..143)
0 0 0 0 0 0 0 0 0 0 0 0 0 0 0 0 0 0 0 0 0 0 0 0 0 0 0 0 0 0 0 0 0 0 0 0
0 0 0 0 0 0 0 0 0 0 0 0 0 0 0 0 0 0 0 0 0 0 0 0 0 0 0 0 0 0 0 0 0 0 0 0
0 0 0 0 0 0 0 0 0 0 0 0 0 0 0 0 0 0 0 0 0 0 0 0 0 0 0 0 0 0 0 0 0 0 0 0
0 0 0 0 0 0 0 0 0 0 0 0 0 0 0 0 0 0 0 0 0 0 0 0 0 0 0 0 0 0 0 0 0 0 0 0
##$SHL_EXPANDCF13= (0..143)
0 0 0 0 0 0 0 0 0 0 0 0 0 0 0 0 0 0 0 0 0 0 0 0 0 0 0 0 0 0 0 0 0 0 0 0
0 0 0 0 0 0 0 0 0 0 0 0 0 0 0 0 0 0 0 0 0 0 0 0 0 0 0 0 0 0 0 0 0 0 0 0
0 0 0 0 0 0 0 0 0 0 0 0 0 0 0 0 0 0 0 0 0 0 0 0 0 0 0 0 0 0 0 0 0 0 0 0
0 0 0 0 0 0 0 0 0 0 0 0 0 0 0 0 0 0 0 0 0 0 0 0 0 0 0 0 0 0 0 0 0 0 0 0
##$SHL_EXPANDCF14= (0..143)
0 0 0 0 0 0 0 0 0 0 0 0 0 0 0 0 0 0 0 0 0 0 0 0 0 0 0 0 0 0 0 0 0 0 0 0
0 0 0 0 0 0 0 0 0 0 0 0 0 0 0 0 0 0 0 0 0 0 0 0 0 0 0 0 0 0 0 0 0 0 0 0
0 0 0 0 0 0 0 0 0 0 0 0 0 0 0 0 0 0 0 0 0 0 0 0 0 0 0 0 0 0 0 0 0 0 0 0
0 0 0 0 0 0 0 0 0 0 0 0 0 0 0 0 0 0 0 0 0 0 0 0 0 0 0 0 0 0 0 0 0 0 0 0
##$SHL_EXPANDCF15= (0..143)
0 0 0 0 0 0 0 0 0 0 0 0 0 0 0 0 0 0 0 0 0 0 0 0 0 0 0 0 0 0 0 0 0 0 0 0
0 0 0 0 0 0 0 0 0 0 0 0 0 0 0 0 0 0 0 0 0 0 0 0 0 0 0 0 0 0 0 0 0 0 0 0
0 0 0 0 0 0 0 0 0 0 0 0 0 0 0 0 0 0 0 0 0 0 0 0 0 0 0 0 0 0 0 0 0 0 0 0
0 0 0 0 0 0 0 0 0 0 0 0 0 0 0 0 0 0 0 0 0 0 0 0 0 0 0 0 0 0 0 0 0 0 0 0
##$SHL_EXPANDCF2= (0..143)
0 0 0 0 0 0 0 0 0 0 0 0 0 0 0 0 0 0 0 0 0 0 0 0 0 0 0 0 0 0 0 0 0 0 0 0
0 0 0 0 0 0 0 0 0 0 0 0 0 0 0 0 0 0 0 0 0 0 0 0 0 0 0 0 0 0 0 0 0 0 0 0
0 0 0 0 0 0 0 0 0 0 0 0 0 0 0 0 0 0 0 0 0 0 0 0 0 0 0 0 0 0 0 0 0 0 0 0
0 0 0 0 0 0 0 0 0 0 0 0 0 0 0 0 0 0 0 0 0 0 0 0 0 0 0 0 0 0 0 0 0 0 0 0
##$SHL_EXPANDCF3= (0..143)
0 0 0 0 0 0 0 0 0 0 0 0 0 0 0 0 0 0 0 0 0 0 0 0 0 0 0 0 0 0 0 0 0 0 0 0
0 0 0 0 0 0 0 0 0 0 0 0 0 0 0 0 0 0 0 0 0 0 0 0 0 0 0 0 0 0 0 0 0 0 0 0
0 0 0 0 0 0 0 0 0 0 0 0 0 0 0 0 0 0 0 0 0 0 0 0 0 0 0 0 0 0 0 0 0 0 0 0
0 0 0 0 0 0 0 0 0 0 0 0 0 0 0 0 0 0 0 0 0 0 0 0 0 0 0 0 0 0 0 0 0 0 0 0
##$SHL_EXPANDCF4= (0..143)
0 0 0 0 0 0 0 0 0 0 0 0 0 0 0 0 0 0 0 0 0 0 0 0 0 0 0 0 0 0 0 0 0 0 0 0
0 0 0 0 0 0 0 0 0 0 0 0 0 0 0 0 0 0 0 0 0 0 0 0 0 0 0 0 0 0 0 0 0 0 0 0
0 0 0 0 0 0 0 0 0 0 0 0 0 0 0 0 0 0 0 0 0 0 0 0 0 0 0 0 0 0 0 0 0 0 0 0
0 0 0 0 0 0 0 0 0 0 0 0 0 0 0 0 0 0 0 0 0 0 0 0 0 0 0 0 0 0 0 0 0 0 0 0
##$SHL_EXPANDCF5= (0..143)
0 0 0 0 0 0 0 0 0 0 0 0 0 0 0 0 0 0 0 0 0 0 0 0 0 0 0 0 0 0 0 0 0 0 0 0
0 0 0 0 0 0 0 0 0 0 0 0 0 0 0 0 0 0 0 0 0 0 0 0 0 0 0 0 0 0 0 0 0 0 0 0
0 0 0 0 0 0 0 0 0 0 0 0 0 0 0 0 0 0 0 0 0 0 0 0 0 0 0 0 0 0 0 0 0 0 0 0
0 0 0 0 0 0 0 0 0 0 0 0 0 0 0 0 0 0 0 0 0 0 0 0 0 0 0 0 0 0 0 0 0 0 0 0
##$SHL_EXPANDCF6= (0..143)
0 0 0 0 0 0 0 0 0 0 0 0 0 0 0 0 0 0 0 0 0 0 0 0 0 0 0 0 0 0 0 0 0 0 0 0
0 0 0 0 0 0 0 0 0 0 0 0 0 0 0 0 0 0 0 0 0 0 0 0 0 0 0 0 0 0 0 0 0 0 0 0
0 0 0 0 0 0 0 0 0 0 0 0 0 0 0 0 0 0 0 0 0 0 0 0 0 0 0 0 0 0 0 0 0 0 0 0
0 0 0 0 0 0 0 0 0 0 0 0 0 0 0 0 0 0 0 0 0 0 0 0 0 0 0 0 0 0 0 0 0 0 0 0
##$SHL_EXPANDCF7= (0..143)
0 0 0 0 0 0 0 0 0 0 0 0 0 0 0 0 0 0 0 0 0 0 0 0 0 0 0 0 0 0 0 0 0 0 0 0
0 0 0 0 0 0 0 0 0 0 0 0 0 0 0 0 0 0 0 0 0 0 0 0 0 0 0 0 0 0 0 0 0 0 0 0
0 0 0 0 0 0 0 0 0 0 0 0 0 0 0 0 0 0 0 0 0 0 0 0 0 0 0 0 0 0 0 0 0 0 0 0
0 0 0 0 0 0 0 0 0 0 0 0 0 0 0 0 0 0 0 0 0 0 0 0 0 0 0 0 0 0 0 0 0 0 0 0
##$SHL_EXPANDCF8= (0..143)
0 0 0 0 0 0 0 0 0 0 0 0 0 0 0 0 0 0 0 0 0 0 0 0 0 0 0 0 0 0 0 0 0 0 0 0
0 0 0 0 0 0 0 0 0 0 0 0 0 0 0 0 0 0 0 0 0 0 0 0 0 0 0 0 0 0 0 0 0 0 0 0
0 0 0 0 0 0 0 0 0 0 0 0 0 0 0 0 0 0 0 0 0 0 0 0 0 0 0 0 0 0 0 0 0 0 0 0
0 0 0 0 0 0 0 0 0 0 0 0 0 0 0 0 0 0 0 0 0 0 0 0 0 0 0 0 0 0 0 0 0 0 0 0
##$SHL_EXPANDCF9= (0..143)
0 0 0 0 0 0 0 0 0 0 0 0 0 0 0 0 0 0 0 0 0 0 0 0 0 0 0 0 0 0 0 0 0 0 0 0
0 0 0 0 0 0 0 0 0 0 0 0 0 0 0 0 0 0 0 0 0 0 0 0 0 0 0 0 0 0 0 0 0 0 0 0
0 0 0 0 0 0 0 0 0 0 0 0 0 0 0 0 0 0 0 0 0 0 0 0 0 0 0 0 0 0 0 0 0 0 0 0
0 0 0 0 0 0 0 0 0 0 0 0 0 0 0 0 0 0 0 0 0 0 0 0 0 0 0 0 0 0 0 0 0 0 0 0
##$SHL_EXPFAC= (0..15)
0 0 0 0 0 0 0 0 0 0 0 0 0 0 0 0
##$SHL_FRACEND= (0..15)
0 0 0 0 0 0 0 0 0 0 0 0 0 0 0 0
##$SHL_FRACORG= (0..15)
0 0 0 0 0 0 0 0 0 0 0 0 0 0 0 0
##$SHL_FRACSTART= (0..15)
0 0 0 0 0 0 0 0 0 0 0 0 0 0 0 0
##$SHL_FULLHALF= (0..15)
0 0 0 0 0 0 0 0 0 0 0 0 0 0 0 0
##$SHL_FUNCAMP= (0..15)
100 0 0 0 0 0 0 0 0 0 0 0 0 0 0 0
##$SHL_FUNCTION= (0..15)
<Rectangle> <> <> <> <> <> <> <> <> <> <> <> <> <> <> <>
##$SHL_GCO= (0..15)
<> <> <> <> <> <> <> <> <> <> <> <> <> <> <> <>
##$SHL_GCOCOEFFS0= (0..59)
0 0 0 0 0 0 0 0 0 0 0 0 0 0 0 0 0 0 0 0 0 0 0 0 0 0 0 0 0 0 0 0 0 0 0 0
0 0 0 0 0 0 0 0 0 0 0 0 0 0 0 0 0 0 0 0 0 0 0 0
##$SHL_GCOCOEFFS1= (0..59)
0 0 0 0 0 0 0 0 0 0 0 0 0 0 0 0 0 0 0 0 0 0 0 0 0 0 0 0 0 0 0 0 0 0 0 0
0 0 0 0 0 0 0 0 0 0 0 0 0 0 0 0 0 0 0 0 0 0 0 0
##$SHL_GCOCOEFFS10= (0..59)
0 0 0 0 0 0 0 0 0 0 0 0 0 0 0 0 0 0 0 0 0 0 0 0 0 0 0 0 0 0 0 0 0 0 0 0
0 0 0 0 0 0 0 0 0 0 0 0 0 0 0 0 0 0 0 0 0 0 0 0
##$SHL_GCOCOEFFS11= (0..59)
0 0 0 0 0 0 0 0 0 0 0 0 0 0 0 0 0 0 0 0 0 0 0 0 0 0 0 0 0 0 0 0 0 0 0 0
0 0 0 0 0 0 0 0 0 0 0 0 0 0 0 0 0 0 0 0 0 0 0 0
##$SHL_GCOCOEFFS12= (0..59)
0 0 0 0 0 0 0 0 0 0 0 0 0 0 0 0 0 0 0 0 0 0 0 0 0 0 0 0 0 0 0 0 0 0 0 0
0 0 0 0 0 0 0 0 0 0 0 0 0 0 0 0 0 0 0 0 0 0 0 0
##$SHL_GCOCOEFFS13= (0..59)
0 0 0 0 0 0 0 0 0 0 0 0 0 0 0 0 0 0 0 0 0 0 0 0 0 0 0 0 0 0 0 0 0 0 0 0
0 0 0 0 0 0 0 0 0 0 0 0 0 0 0 0 0 0 0 0 0 0 0 0
##$SHL_GCOCOEFFS14= (0..59)
0 0 0 0 0 0 0 0 0 0 0 0 0 0 0 0 0 0 0 0 0 0 0 0 0 0 0 0 0 0 0 0 0 0 0 0
0 0 0 0 0 0 0 0 0 0 0 0 0 0 0 0 0 0 0 0 0 0 0 0
##$SHL_GCOCOEFFS15= (0..59)
0 0 0 0 0 0 0 0 0 0 0 0 0 0 0 0 0 0 0 0 0 0 0 0 0 0 0 0 0 0 0 0 0 0 0 0
0 0 0 0 0 0 0 0 0 0 0 0 0 0 0 0 0 0 0 0 0 0 0 0
##$SHL_GCOCOEFFS2= (0..59)
0 0 0 0 0 0 0 0 0 0 0 0 0 0 0 0 0 0 0 0 0 0 0 0 0 0 0 0 0 0 0 0 0 0 0 0
0 0 0 0 0 0 0 0 0 0 0 0 0 0 0 0 0 0 0 0 0 0 0 0
##$SHL_GCOCOEFFS3= (0..59)
0 0 0 0 0 0 0 0 0 0 0 0 0 0 0 0 0 0 0 0 0 0 0 0 0 0 0 0 0 0 0 0 0 0 0 0
0 0 0 0 0 0 0 0 0 0 0 0 0 0 0 0 0 0 0 0 0 0 0 0
##$SHL_GCOCOEFFS4= (0..59)
0 0 0 0 0 0 0 0 0 0 0 0 0 0 0 0 0 0 0 0 0 0 0 0 0 0 0 0 0 0 0 0 0 0 0 0
0 0 0 0 0 0 0 0 0 0 0 0 0 0 0 0 0 0 0 0 0 0 0 0
##$SHL_GCOCOEFFS5= (0..59)
0 0 0 0 0 0 0 0 0 0 0 0 0 0 0 0 0 0 0 0 0 0 0 0 0 0 0 0 0 0 0 0 0 0 0 0
0 0 0 0 0 0 0 0 0 0 0 0 0 0 0 0 0 0 0 0 0 0 0 0
##$SHL_GCOCOEFFS6= (0..59)
0 0 0 0 0 0 0 0 0 0 0 0 0 0 0 0 0 0 0 0 0 0 0 0 0 0 0 0 0 0 0 0 0 0 0 0
0 0 0 0 0 0 0 0 0 0 0 0 0 0 0 0 0 0 0 0 0 0 0 0
##$SHL_GCOCOEFFS7= (0..59)
0 0 0 0 0 0 0 0 0 0 0 0 0 0 0 0 0 0 0 0 0 0 0 0 0 0 0 0 0 0 0 0 0 0 0 0
0 0 0 0 0 0 0 0 0 0 0 0 0 0 0 0 0 0 0 0 0 0 0 0
##$SHL_GCOCOEFFS8= (0..59)
0 0 0 0 0 0 0 0 0 0 0 0 0 0 0 0 0 0 0 0 0 0 0 0 0 0 0 0 0 0 0 0 0 0 0 0
0 0 0 0 0 0 0 0 0 0 0 0 0 0 0 0 0 0 0 0 0 0 0 0
##$SHL_GCOCOEFFS9= (0..59)
0 0 0 0 0 0 0 0 0 0 0 0 0 0 0 0 0 0 0 0 0 0 0 0 0 0 0 0 0 0 0 0 0 0 0 0
0 0 0 0 0 0 0 0 0 0 0 0 0 0 0 0 0 0 0 0 0 0 0 0
##$SHL_INTEGFAC= (0..15)
1 0 0 0 0 0 0 0 0 0 0 0 0 0 0 0
##$SHL_LB= (0..15)
0 0 0 0 0 0 0 0 0 0 0 0 0 0 0 0
##$SHL_LEFTLIMIT= (0..15)
0 0 0 0 0 0 0 0 0 0 0 0 0 0 0 0
##$SHL_LENGTH= (0..15)
25000.000373 0 0 0 0 0 0 0 0 0 0 0 0 0 0 0
##$SHL_MAN= (0..15)
<> <> <> <> <> <> <> <> <> <> <> <> <> <> <> <>
##$SHL_MEANAMP= (0..15)
0 0 0 0 0 0 0 0 0 0 0 0 0 0 0 0
##$SHL_MODAMP= (0..15)
0 0 0 0 0 0 0 0 0 0 0 0 0 0 0 0
##$SHL_MODE= (0..15)
0 0 0 0 0 0 0 0 0 0 0 0 0 0 0 0
##$SHL_MODFREQ= (0..15)
0 0 0 0 0 0 0 0 0 0 0 0 0 0 0 0
##$SHL_MODPHASE= (0..15)
0 0 0 0 0 0 0 0 0 0 0 0 0 0 0 0
##$SHL_MODSCALE= (0..15)
0 0 0 0 0 0 0 0 0 0 0 0 0 0 0 0
##$SHL_MODSW= (0..15)
0 0 0 0 0 0 0 0 0 0 0 0 0 0 0 0
##$SHL_MODSWDIR= (0..15)
-1 -1 -1 -1 -1 -1 -1 -1 -1 -1 -1 -1 -1 -1 -1 -1
##$SHL_MU= (0..15)
0 0 0 0 0 0 0 0 0 0 0 0 0 0 0 0
##$SHL_NPOINTS= (0..15)
1250 0 0 0 0 0 0 0 0 0 0 0 0 0 0 0
##$SHL_OFFS= (0..15)
<> <> <> <> <> <> <> <> <> <> <> <> <> <> <> <>
##$SHL_OFFSCOEFF0= (0..95)
0 0 0 0 0 0 0 0 0 0 0 0 0 0 0 0 0 0 0 0 0 0 0 0 0 0 0 0 0 0 0 0 0 0 0 0
0 0 0 0 0 0 0 0 0 0 0 0 0 0 0 0 0 0 0 0 0 0 0 0 0 0 0 0 0 0 0 0 0 0 0 0
0 0 0 0 0 0 0 0 0 0 0 0 0 0 0 0 0 0 0 0 0 0 0 0
##$SHL_OFFSCOEFF1= (0..95)
0 0 0 0 0 0 0 0 0 0 0 0 0 0 0 0 0 0 0 0 0 0 0 0 0 0 0 0 0 0 0 0 0 0 0 0
0 0 0 0 0 0 0 0 0 0 0 0 0 0 0 0 0 0 0 0 0 0 0 0 0 0 0 0 0 0 0 0 0 0 0 0
0 0 0 0 0 0 0 0 0 0 0 0 0 0 0 0 0 0 0 0 0 0 0 0
##$SHL_OFFSCOEFF10= (0..95)
0 0 0 0 0 0 0 0 0 0 0 0 0 0 0 0 0 0 0 0 0 0 0 0 0 0 0 0 0 0 0 0 0 0 0 0
0 0 0 0 0 0 0 0 0 0 0 0 0 0 0 0 0 0 0 0 0 0 0 0 0 0 0 0 0 0 0 0 0 0 0 0
0 0 0 0 0 0 0 0 0 0 0 0 0 0 0 0 0 0 0 0 0 0 0 0
##$SHL_OFFSCOEFF11= (0..95)
0 0 0 0 0 0 0 0 0 0 0 0 0 0 0 0 0 0 0 0 0 0 0 0 0 0 0 0 0 0 0 0 0 0 0 0
0 0 0 0 0 0 0 0 0 0 0 0 0 0 0 0 0 0 0 0 0 0 0 0 0 0 0 0 0 0 0 0 0 0 0 0
0 0 0 0 0 0 0 0 0 0 0 0 0 0 0 0 0 0 0 0 0 0 0 0
##$SHL_OFFSCOEFF12= (0..95)
0 0 0 0 0 0 0 0 0 0 0 0 0 0 0 0 0 0 0 0 0 0 0 0 0 0 0 0 0 0 0 0 0 0 0 0
0 0 0 0 0 0 0 0 0 0 0 0 0 0 0 0 0 0 0 0 0 0 0 0 0 0 0 0 0 0 0 0 0 0 0 0
0 0 0 0 0 0 0 0 0 0 0 0 0 0 0 0 0 0 0 0 0 0 0 0
##$SHL_OFFSCOEFF13= (0..95)
0 0 0 0 0 0 0 0 0 0 0 0 0 0 0 0 0 0 0 0 0 0 0 0 0 0 0 0 0 0 0 0 0 0 0 0
0 0 0 0 0 0 0 0 0 0 0 0 0 0 0 0 0 0 0 0 0 0 0 0 0 0 0 0 0 0 0 0 0 0 0 0
0 0 0 0 0 0 0 0 0 0 0 0 0 0 0 0 0 0 0 0 0 0 0 0
##$SHL_OFFSCOEFF14= (0..95)
0 0 0 0 0 0 0 0 0 0 0 0 0 0 0 0 0 0 0 0 0 0 0 0 0 0 0 0 0 0 0 0 0 0 0 0
0 0 0 0 0 0 0 0 0 0 0 0 0 0 0 0 0 0 0 0 0 0 0 0 0 0 0 0 0 0 0 0 0 0 0 0
0 0 0 0 0 0 0 0 0 0 0 0 0 0 0 0 0 0 0 0 0 0 0 0
##$SHL_OFFSCOEFF15= (0..95)
0 0 0 0 0 0 0 0 0 0 0 0 0 0 0 0 0 0 0 0 0 0 0 0 0 0 0 0 0 0 0 0 0 0 0 0
0 0 0 0 0 0 0 0 0 0 0 0 0 0 0 0 0 0 0 0 0 0 0 0 0 0 0 0 0 0 0 0 0 0 0 0
0 0 0 0 0 0 0 0 0 0 0 0 0 0 0 0 0 0 0 0 0 0 0 0
##$SHL_OFFSCOEFF2= (0..95)
0 0 0 0 0 0 0 0 0 0 0 0 0 0 0 0 0 0 0 0 0 0 0 0 0 0 0 0 0 0 0 0 0 0 0 0
0 0 0 0 0 0 0 0 0 0 0 0 0 0 0 0 0 0 0 0 0 0 0 0 0 0 0 0 0 0 0 0 0 0 0 0
0 0 0 0 0 0 0 0 0 0 0 0 0 0 0 0 0 0 0 0 0 0 0 0
##$SHL_OFFSCOEFF3= (0..95)
0 0 0 0 0 0 0 0 0 0 0 0 0 0 0 0 0 0 0 0 0 0 0 0 0 0 0 0 0 0 0 0 0 0 0 0
0 0 0 0 0 0 0 0 0 0 0 0 0 0 0 0 0 0 0 0 0 0 0 0 0 0 0 0 0 0 0 0 0 0 0 0
0 0 0 0 0 0 0 0 0 0 0 0 0 0 0 0 0 0 0 0 0 0 0 0
##$SHL_OFFSCOEFF4= (0..95)
0 0 0 0 0 0 0 0 0 0 0 0 0 0 0 0 0 0 0 0 0 0 0 0 0 0 0 0 0 0 0 0 0 0 0 0
0 0 0 0 0 0 0 0 0 0 0 0 0 0 0 0 0 0 0 0 0 0 0 0 0 0 0 0 0 0 0 0 0 0 0 0
0 0 0 0 0 0 0 0 0 0 0 0 0 0 0 0 0 0 0 0 0 0 0 0
##$SHL_OFFSCOEFF5= (0..95)
0 0 0 0 0 0 0 0 0 0 0 0 0 0 0 0 0 0 0 0 0 0 0 0 0 0 0 0 0 0 0 0 0 0 0 0
0 0 0 0 0 0 0 0 0 0 0 0 0 0 0 0 0 0 0 0 0 0 0 0 0 0 0 0 0 0 0 0 0 0 0 0
0 0 0 0 0 0 0 0 0 0 0 0 0 0 0 0 0 0 0 0 0 0 0 0
##$SHL_OFFSCOEFF6= (0..95)
0 0 0 0 0 0 0 0 0 0 0 0 0 0 0 0 0 0 0 0 0 0 0 0 0 0 0 0 0 0 0 0 0 0 0 0
0 0 0 0 0 0 0 0 0 0 0 0 0 0 0 0 0 0 0 0 0 0 0 0 0 0 0 0 0 0 0 0 0 0 0 0
0 0 0 0 0 0 0 0 0 0 0 0 0 0 0 0 0 0 0 0 0 0 0 0
##$SHL_OFFSCOEFF7= (0..95)
0 0 0 0 0 0 0 0 0 0 0 0 0 0 0 0 0 0 0 0 0 0 0 0 0 0 0 0 0 0 0 0 0 0 0 0
0 0 0 0 0 0 0 0 0 0 0 0 0 0 0 0 0 0 0 0 0 0 0 0 0 0 0 0 0 0 0 0 0 0 0 0
0 0 0 0 0 0 0 0 0 0 0 0 0 0 0 0 0 0 0 0 0 0 0 0
##$SHL_OFFSCOEFF8= (0..95)
0 0 0 0 0 0 0 0 0 0 0 0 0 0 0 0 0 0 0 0 0 0 0 0 0 0 0 0 0 0 0 0 0 0 0 0
0 0 0 0 0 0 0 0 0 0 0 0 0 0 0 0 0 0 0 0 0 0 0 0 0 0 0 0 0 0 0 0 0 0 0 0
0 0 0 0 0 0 0 0 0 0 0 0 0 0 0 0 0 0 0 0 0 0 0 0
##$SHL_OFFSCOEFF9= (0..95)
0 0 0 0 0 0 0 0 0 0 0 0 0 0 0 0 0 0 0 0 0 0 0 0 0 0 0 0 0 0 0 0 0 0 0 0
0 0 0 0 0 0 0 0 0 0 0 0 0 0 0 0 0 0 0 0 0 0 0 0 0 0 0 0 0 0 0 0 0 0 0 0
0 0 0 0 0 0 0 0 0 0 0 0 0 0 0 0 0 0 0 0 0 0 0 0
##$SHL_PHASE= (0..15)
0 0 0 0 0 0 0 0 0 0 0 0 0 0 0 0
##$SHL_PHASEFAC= (0..15)
0 0 0 0 0 0 0 0 0 0 0 0 0 0 0 0
##$SHL_POWERINDEX= (0..15)
0 0 0 0 0 0 0 0 0 0 0 0 0 0 0 0
##$SHL_QUADCOEFF= (0..15)
0 0 0 0 0 0 0 0 0 0 0 0 0 0 0 0
##$SHL_RIGHTLIMIT= (0..15)
0 0 0 0 0 0 0 0 0 0 0 0 0 0 0 0
##$SHL_SCALEFACTOR= (0..15)
1 1 1 1 1 1 1 1 1 1 1 1 1 1 1 1
##$SHL_SF= (0..15)
<> <> <> <> <> <> <> <> <> <> <> <> <> <> <> <>
##$SHL_SFCOEFFS0= (0..200)
0 0 0 0 0 0 0 0 0 0 0 0 0 0 0 0 0 0 0 0 0 0 0 0 0 0 0 0 0 0 0 0 0 0 0 0
0 0 0 0 0 0 0 0 0 0 0 0 0 0 0 0 0 0 0 0 0 0 0 0 0 0 0 0 0 0 0 0 0 0 0 0
0 0 0 0 0 0 0 0 0 0 0 0 0 0 0 0 0 0 0 0 0 0 0 0 0 0 0 0 0 0 0 0 0 0 0 0
0 0 0 0 0 0 0 0 0 0 0 0 0 0 0 0 0 0 0 0 0 0 0 0 0 0 0 0 0 0 0 0 0 0 0 0
0 0 0 0 0 0 0 0 0 0 0 0 0 0 0 0 0 0 0 0 0 0 0 0 0 0 0 0 0 0 0 0 0 0 0 0
0 0 0 0 0 0 0 0 0 0 0 0 0 0 0 0 0 0 0 0 0
##$SHL_SFCOEFFS1= (0..200)
0 0 0 0 0 0 0 0 0 0 0 0 0 0 0 0 0 0 0 0 0 0 0 0 0 0 0 0 0 0 0 0 0 0 0 0
0 0 0 0 0 0 0 0 0 0 0 0 0 0 0 0 0 0 0 0 0 0 0 0 0 0 0 0 0 0 0 0 0 0 0 0
0 0 0 0 0 0 0 0 0 0 0 0 0 0 0 0 0 0 0 0 0 0 0 0 0 0 0 0 0 0 0 0 0 0 0 0
0 0 0 0 0 0 0 0 0 0 0 0 0 0 0 0 0 0 0 0 0 0 0 0 0 0 0 0 0 0 0 0 0 0 0 0
0 0 0 0 0 0 0 0 0 0 0 0 0 0 0 0 0 0 0 0 0 0 0 0 0 0 0 0 0 0 0 0 0 0 0 0
0 0 0 0 0 0 0 0 0 0 0 0 0 0 0 0 0 0 0 0 0
##$SHL_SFCOEFFS10= (0..200)
0 0 0 0 0 0 0 0 0 0 0 0 0 0 0 0 0 0 0 0 0 0 0 0 0 0 0 0 0 0 0 0 0 0 0 0
0 0 0 0 0 0 0 0 0 0 0 0 0 0 0 0 0 0 0 0 0 0 0 0 0 0 0 0 0 0 0 0 0 0 0 0
0 0 0 0 0 0 0 0 0 0 0 0 0 0 0 0 0 0 0 0 0 0 0 0 0 0 0 0 0 0 0 0 0 0 0 0
0 0 0 0 0 0 0 0 0 0 0 0 0 0 0 0 0 0 0 0 0 0 0 0 0 0 0 0 0 0 0 0 0 0 0 0
0 0 0 0 0 0 0 0 0 0 0 0 0 0 0 0 0 0 0 0 0 0 0 0 0 0 0 0 0 0 0 0 0 0 0 0
0 0 0 0 0 0 0 0 0 0 0 0 0 0 0 0 0 0 0 0 0
##$SHL_SFCOEFFS11= (0..200)
0 0 0 0 0 0 0 0 0 0 0 0 0 0 0 0 0 0 0 0 0 0 0 0 0 0 0 0 0 0 0 0 0 0 0 0
0 0 0 0 0 0 0 0 0 0 0 0 0 0 0 0 0 0 0 0 0 0 0 0 0 0 0 0 0 0 0 0 0 0 0 0
0 0 0 0 0 0 0 0 0 0 0 0 0 0 0 0 0 0 0 0 0 0 0 0 0 0 0 0 0 0 0 0 0 0 0 0
0 0 0 0 0 0 0 0 0 0 0 0 0 0 0 0 0 0 0 0 0 0 0 0 0 0 0 0 0 0 0 0 0 0 0 0
0 0 0 0 0 0 0 0 0 0 0 0 0 0 0 0 0 0 0 0 0 0 0 0 0 0 0 0 0 0 0 0 0 0 0 0
0 0 0 0 0 0 0 0 0 0 0 0 0 0 0 0 0 0 0 0 0
##$SHL_SFCOEFFS12= (0..200)
0 0 0 0 0 0 0 0 0 0 0 0 0 0 0 0 0 0 0 0 0 0 0 0 0 0 0 0 0 0 0 0 0 0 0 0
0 0 0 0 0 0 0 0 0 0 0 0 0 0 0 0 0 0 0 0 0 0 0 0 0 0 0 0 0 0 0 0 0 0 0 0
0 0 0 0 0 0 0 0 0 0 0 0 0 0 0 0 0 0 0 0 0 0 0 0 0 0 0 0 0 0 0 0 0 0 0 0
0 0 0 0 0 0 0 0 0 0 0 0 0 0 0 0 0 0 0 0 0 0 0 0 0 0 0 0 0 0 0 0 0 0 0 0
0 0 0 0 0 0 0 0 0 0 0 0 0 0 0 0 0 0 0 0 0 0 0 0 0 0 0 0 0 0 0 0 0 0 0 0
0 0 0 0 0 0 0 0 0 0 0 0 0 0 0 0 0 0 0 0 0
##$SHL_SFCOEFFS13= (0..200)
0 0 0 0 0 0 0 0 0 0 0 0 0 0 0 0 0 0 0 0 0 0 0 0 0 0 0 0 0 0 0 0 0 0 0 0
0 0 0 0 0 0 0 0 0 0 0 0 0 0 0 0 0 0 0 0 0 0 0 0 0 0 0 0 0 0 0 0 0 0 0 0
0 0 0 0 0 0 0 0 0 0 0 0 0 0 0 0 0 0 0 0 0 0 0 0 0 0 0 0 0 0 0 0 0 0 0 0
0 0 0 0 0 0 0 0 0 0 0 0 0 0 0 0 0 0 0 0 0 0 0 0 0 0 0 0 0 0 0 0 0 0 0 0
0 0 0 0 0 0 0 0 0 0 0 0 0 0 0 0 0 0 0 0 0 0 0 0 0 0 0 0 0 0 0 0 0 0 0 0
0 0 0 0 0 0 0 0 0 0 0 0 0 0 0 0 0 0 0 0 0
##$SHL_SFCOEFFS14= (0..200)
0 0 0 0 0 0 0 0 0 0 0 0 0 0 0 0 0 0 0 0 0 0 0 0 0 0 0 0 0 0 0 0 0 0 0 0
0 0 0 0 0 0 0 0 0 0 0 0 0 0 0 0 0 0 0 0 0 0 0 0 0 0 0 0 0 0 0 0 0 0 0 0
0 0 0 0 0 0 0 0 0 0 0 0 0 0 0 0 0 0 0 0 0 0 0 0 0 0 0 0 0 0 0 0 0 0 0 0
0 0 0 0 0 0 0 0 0 0 0 0 0 0 0 0 0 0 0 0 0 0 0 0 0 0 0 0 0 0 0 0 0 0 0 0
0 0 0 0 0 0 0 0 0 0 0 0 0 0 0 0 0 0 0 0 0 0 0 0 0 0 0 0 0 0 0 0 0 0 0 0
0 0 0 0 0 0 0 0 0 0 0 0 0 0 0 0 0 0 0 0 0
##$SHL_SFCOEFFS15= (0..200)
0 0 0 0 0 0 0 0 0 0 0 0 0 0 0 0 0 0 0 0 0 0 0 0 0 0 0 0 0 0 0 0 0 0 0 0
0 0 0 0 0 0 0 0 0 0 0 0 0 0 0 0 0 0 0 0 0 0 0 0 0 0 0 0 0 0 0 0 0 0 0 0
0 0 0 0 0 0 0 0 0 0 0 0 0 0 0 0 0 0 0 0 0 0 0 0 0 0 0 0 0 0 0 0 0 0 0 0
0 0 0 0 0 0 0 0 0 0 0 0 0 0 0 0 0 0 0 0 0 0 0 0 0 0 0 0 0 0 0 0 0 0 0 0
0 0 0 0 0 0 0 0 0 0 0 0 0 0 0 0 0 0 0 0 0 0 0 0 0 0 0 0 0 0 0 0 0 0 0 0
0 0 0 0 0 0 0 0 0 0 0 0 0 0 0 0 0 0 0 0 0
##$SHL_SFCOEFFS2= (0..200)
0 0 0 0 0 0 0 0 0 0 0 0 0 0 0 0 0 0 0 0 0 0 0 0 0 0 0 0 0 0 0 0 0 0 0 0
0 0 0 0 0 0 0 0 0 0 0 0 0 0 0 0 0 0 0 0 0 0 0 0 0 0 0 0 0 0 0 0 0 0 0 0
0 0 0 0 0 0 0 0 0 0 0 0 0 0 0 0 0 0 0 0 0 0 0 0 0 0 0 0 0 0 0 0 0 0 0 0
0 0 0 0 0 0 0 0 0 0 0 0 0 0 0 0 0 0 0 0 0 0 0 0 0 0 0 0 0 0 0 0 0 0 0 0
0 0 0 0 0 0 0 0 0 0 0 0 0 0 0 0 0 0 0 0 0 0 0 0 0 0 0 0 0 0 0 0 0 0 0 0
0 0 0 0 0 0 0 0 0 0 0 0 0 0 0 0 0 0 0 0 0
##$SHL_SFCOEFFS3= (0..200)
0 0 0 0 0 0 0 0 0 0 0 0 0 0 0 0 0 0 0 0 0 0 0 0 0 0 0 0 0 0 0 0 0 0 0 0
0 0 0 0 0 0 0 0 0 0 0 0 0 0 0 0 0 0 0 0 0 0 0 0 0 0 0 0 0 0 0 0 0 0 0 0
0 0 0 0 0 0 0 0 0 0 0 0 0 0 0 0 0 0 0 0 0 0 0 0 0 0 0 0 0 0 0 0 0 0 0 0
0 0 0 0 0 0 0 0 0 0 0 0 0 0 0 0 0 0 0 0 0 0 0 0 0 0 0 0 0 0 0 0 0 0 0 0
0 0 0 0 0 0 0 0 0 0 0 0 0 0 0 0 0 0 0 0 0 0 0 0 0 0 0 0 0 0 0 0 0 0 0 0
0 0 0 0 0 0 0 0 0 0 0 0 0 0 0 0 0 0 0 0 0
##$SHL_SFCOEFFS4= (0..200)
0 0 0 0 0 0 0 0 0 0 0 0 0 0 0 0 0 0 0 0 0 0 0 0 0 0 0 0 0 0 0 0 0 0 0 0
0 0 0 0 0 0 0 0 0 0 0 0 0 0 0 0 0 0 0 0 0 0 0 0 0 0 0 0 0 0 0 0 0 0 0 0
0 0 0 0 0 0 0 0 0 0 0 0 0 0 0 0 0 0 0 0 0 0 0 0 0 0 0 0 0 0 0 0 0 0 0 0
0 0 0 0 0 0 0 0 0 0 0 0 0 0 0 0 0 0 0 0 0 0 0 0 0 0 0 0 0 0 0 0 0 0 0 0
0 0 0 0 0 0 0 0 0 0 0 0 0 0 0 0 0 0 0 0 0 0 0 0 0 0 0 0 0 0 0 0 0 0 0 0
0 0 0 0 0 0 0 0 0 0 0 0 0 0 0 0 0 0 0 0 0
##$SHL_SFCOEFFS5= (0..200)
0 0 0 0 0 0 0 0 0 0 0 0 0 0 0 0 0 0 0 0 0 0 0 0 0 0 0 0 0 0 0 0 0 0 0 0
0 0 0 0 0 0 0 0 0 0 0 0 0 0 0 0 0 0 0 0 0 0 0 0 0 0 0 0 0 0 0 0 0 0 0 0
0 0 0 0 0 0 0 0 0 0 0 0 0 0 0 0 0 0 0 0 0 0 0 0 0 0 0 0 0 0 0 0 0 0 0 0
0 0 0 0 0 0 0 0 0 0 0 0 0 0 0 0 0 0 0 0 0 0 0 0 0 0 0 0 0 0 0 0 0 0 0 0
0 0 0 0 0 0 0 0 0 0 0 0 0 0 0 0 0 0 0 0 0 0 0 0 0 0 0 0 0 0 0 0 0 0 0 0
0 0 0 0 0 0 0 0 0 0 0 0 0 0 0 0 0 0 0 0 0
##$SHL_SFCOEFFS6= (0..200)
0 0 0 0 0 0 0 0 0 0 0 0 0 0 0 0 0 0 0 0 0 0 0 0 0 0 0 0 0 0 0 0 0 0 0 0
0 0 0 0 0 0 0 0 0 0 0 0 0 0 0 0 0 0 0 0 0 0 0 0 0 0 0 0 0 0 0 0 0 0 0 0
0 0 0 0 0 0 0 0 0 0 0 0 0 0 0 0 0 0 0 0 0 0 0 0 0 0 0 0 0 0 0 0 0 0 0 0
0 0 0 0 0 0 0 0 0 0 0 0 0 0 0 0 0 0 0 0 0 0 0 0 0 0 0 0 0 0 0 0 0 0 0 0
0 0 0 0 0 0 0 0 0 0 0 0 0 0 0 0 0 0 0 0 0 0 0 0 0 0 0 0 0 0 0 0 0 0 0 0
0 0 0 0 0 0 0 0 0 0 0 0 0 0 0 0 0 0 0 0 0
##$SHL_SFCOEFFS7= (0..200)
0 0 0 0 0 0 0 0 0 0 0 0 0 0 0 0 0 0 0 0 0 0 0 0 0 0 0 0 0 0 0 0 0 0 0 0
0 0 0 0 0 0 0 0 0 0 0 0 0 0 0 0 0 0 0 0 0 0 0 0 0 0 0 0 0 0 0 0 0 0 0 0
0 0 0 0 0 0 0 0 0 0 0 0 0 0 0 0 0 0 0 0 0 0 0 0 0 0 0 0 0 0 0 0 0 0 0 0
0 0 0 0 0 0 0 0 0 0 0 0 0 0 0 0 0 0 0 0 0 0 0 0 0 0 0 0 0 0 0 0 0 0 0 0
0 0 0 0 0 0 0 0 0 0 0 0 0 0 0 0 0 0 0 0 0 0 0 0 0 0 0 0 0 0 0 0 0 0 0 0
0 0 0 0 0 0 0 0 0 0 0 0 0 0 0 0 0 0 0 0 0
##$SHL_SFCOEFFS8= (0..200)
0 0 0 0 0 0 0 0 0 0 0 0 0 0 0 0 0 0 0 0 0 0 0 0 0 0 0 0 0 0 0 0 0 0 0 0
0 0 0 0 0 0 0 0 0 0 0 0 0 0 0 0 0 0 0 0 0 0 0 0 0 0 0 0 0 0 0 0 0 0 0 0
0 0 0 0 0 0 0 0 0 0 0 0 0 0 0 0 0 0 0 0 0 0 0 0 0 0 0 0 0 0 0 0 0 0 0 0
0 0 0 0 0 0 0 0 0 0 0 0 0 0 0 0 0 0 0 0 0 0 0 0 0 0 0 0 0 0 0 0 0 0 0 0
0 0 0 0 0 0 0 0 0 0 0 0 0 0 0 0 0 0 0 0 0 0 0 0 0 0 0 0 0 0 0 0 0 0 0 0
0 0 0 0 0 0 0 0 0 0 0 0 0 0 0 0 0 0 0 0 0
##$SHL_SFCOEFFS9= (0..200)
0 0 0 0 0 0 0 0 0 0 0 0 0 0 0 0 0 0 0 0 0 0 0 0 0 0 0 0 0 0 0 0 0 0 0 0
0 0 0 0 0 0 0 0 0 0 0 0 0 0 0 0 0 0 0 0 0 0 0 0 0 0 0 0 0 0 0 0 0 0 0 0
0 0 0 0 0 0 0 0 0 0 0 0 0 0 0 0 0 0 0 0 0 0 0 0 0 0 0 0 0 0 0 0 0 0 0 0
0 0 0 0 0 0 0 0 0 0 0 0 0 0 0 0 0 0 0 0 0 0 0 0 0 0 0 0 0 0 0 0 0 0 0 0
0 0 0 0 0 0 0 0 0 0 0 0 0 0 0 0 0 0 0 0 0 0 0 0 0 0 0 0 0 0 0 0 0 0 0 0
0 0 0 0 0 0 0 0 0 0 0 0 0 0 0 0 0 0 0 0 0
##$SHL_SMOOTHED= (0..15)
0 0 0 0 0 0 0 0 0 0 0 0 0 0 0 0
##$SHL_SMOOTHING= (0..15)
0 0 0 0 0 0 0 0 0 0 0 0 0 0 0 0
##$SHL_SPOAL= (0..15)
0 0 0 0 0 0 0 0 0 0 0 0 0 0 0 0
##$SHL_SPOFFS= (0..15)
0 0 0 0 0 0 0 0 0 0 0 0 0 0 0 0
##$SHL_SPOPH= (0..15)
0 0 0 0 0 0 0 0 0 0 0 0 0 0 0 0
##$SHL_STARTAMP= (0..15)
0 0 0 0 0 0 0 0 0 0 0 0 0 0 0 0
##$SHL_SW= (0..15)
0 0 0 0 0 0 0 0 0 0 0 0 0 0 0 0
##$SHL_SWDIR= (0..15)
-1 -1 -1 -1 -1 -1 -1 -1 -1 -1 -1 -1 -1 -1 -1 -1
##$SHL_TANKAPPA= (0..15)
0 0 0 0 0 0 0 0 0 0 0 0 0 0 0 0
##$SHL_TOTROT= (0..15)
90 0 0 0 0 0 0 0 0 0 0 0 0 0 0 0
##$SHL_TRUNCLEV= (0..15)
0 0 0 0 0 0 0 0 0 0 0 0 0 0 0 0
##$SHL_TYPE= (0..15)
<Excitation> <> <> <> <> <> <> <> <> <> <> <> <> <> <> <>
##$SHL_WINDOWSIZE= (0..15)
0 0 0 0 0 0 0 0 0 0 0 0 0 0 0 0
##$SHL_ZETA= (0..15)
0 0 0 0 0 0 0 0 0 0 0 0 0 0 0 0
##NPOINTS= 1250
##XYPOINTS= (XY..XY)
39.861710, 194.965899
41.410466, 195.518396
42.947324, 196.070892
44.471843, 196.623389
45.983585, 197.175885
47.482115, 197.728382
48.967003, 198.280878
50.437822, 198.833375
51.894150, 199.385872
53.335568, 199.938368
54.761662, 200.490865
56.172023, 201.043361
57.566244, 201.595858
58.943927, 202.148354
60.304674, 202.700851
61.648094, 203.253348
62.973803, 203.805844
64.281418, 204.358341
65.570565, 204.910837
66.840872, 205.463334
68.091976, 206.015830
69.323515, 206.568327
70.535138, 207.120823
71.726494, 207.673320
72.897243, 208.225817
74.047048, 208.778313
75.175578, 209.330810
76.282509, 209.883306
77.367524, 210.435803
78.430310, 210.988299
79.470562, 211.540796
80.487981, 212.093292
81.482275, 212.645789
82.453158, 213.198286
83.400352, 213.750782
84.323584, 214.303279
85.222588, 214.855775
86.097107, 215.408272
86.946890, 215.960768
87.771691, 216.513265
88.571275, 217.065761
89.345411, 217.618258
90.093878, 218.170755
90.816459, 218.723251
91.512948, 219.275748
92.183144, 219.828244
92.826855, 220.380741
93.443895, 220.933237
94.034088, 221.485734
94.597264, 222.038231
95.133261, 222.590727
95.641925, 223.143224
96.123111, 223.695720
96.576678, 224.248217
97.002499, 224.800713
97.400449, 225.353210
97.770415, 225.905706
98.112291, 226.458203
98.425978, 227.010700
98.711386, 227.563196
98.968433, 228.115693
99.197045, 228.668189
99.397157, 229.220686
99.568711, 229.773182
99.711657, 230.325679
99.825956, 230.878175
99.911573, 231.430672
99.968484, 231.983169
99.996674, 232.535665
99.996133, 233.088162
99.966862, 233.640658
99.908870, 234.193155
99.822172, 234.745651
99.706795, 235.298148
99.562771, 235.850644
99.390141, 236.403141
99.188955, 236.955638
98.959271, 237.508134
98.701155, 238.060631
98.414681, 238.613127
98.099931, 239.165624
97.756996, 239.718120
97.385975, 240.270617
96.986973, 240.823113
96.560106, 241.375610
96.105496, 241.928107
95.623274, 242.480603
95.113578, 243.033100
94.576555, 243.585596
94.012359, 244.138093
93.421152, 244.690589
92.803104, 245.243086
92.158393, 245.795583
91.487204, 246.348079
90.789729, 246.900576
90.066170, 247.453072
89.316733, 248.005569
88.541635, 248.558065
87.741098, 249.110562
86.915351, 249.663058
86.064633, 250.215555
85.189188, 250.768052
84.289266, 251.320548
83.365128, 251.873045
82.417037, 252.425541
81.445268, 252.978038
80.450098, 253.530534
79.431814, 254.083031
78.390708, 254.635527
77.327080, 255.188024
76.241235, 255.740521
75.133485, 256.293017
74.004148, 256.845514
72.853549, 257.398010
71.682018, 257.950507
70.489892, 258.503003
69.277513, 259.055500
68.045231, 259.607996
66.793398, 260.160493
65.522375, 260.712990
64.232526, 261.265486
62.924223, 261.817983
61.597841, 262.370479
60.253761, 262.922976
58.892369, 263.475472
57.514057, 264.027969
56.119221, 264.580466
54.708260, 265.132962
53.281582, 265.685459
51.839595, 266.237955
50.382714, 266.790452
48.911358, 267.342948
47.425948, 267.895445
45.926913, 268.447941
44.414682, 269.000438
42.889691, 269.552935
41.352377, 270.105431
39.803181, 270.657928
38.242550, 271.210424
36.670932, 271.762921
35.088777, 272.315417
33.496541, 272.867914
31.894681, 273.420410
30.283658, 273.972907
28.663933, 274.525404
27.035973, 275.077900
25.400245, 275.630397
23.757220, 276.182893
22.107369, 276.735390
20.451166, 277.287886
18.789087, 277.840383
17.121610, 278.392879
15.449214, 278.945376
13.772379, 279.497873
12.091587, 280.050369
10.407321, 280.602866
8.720064, 281.155362
7.030303, 281.707859
5.338521, 282.260355
3.645206, 282.812852
1.950844, 283.365349
0.255920, 283.917845
1.439076, 104.470342
3.133659, 105.022838
4.827342, 105.575335
6.519638, 106.127831
8.210061, 106.680328
9.898125, 107.232824
11.583345, 107.785321
13.265237, 108.337818
14.943317, 108.890314
16.617105, 109.442811
18.286118, 109.995307
19.949877, 110.547804
21.607904, 111.100300
23.259724, 111.652797
24.904860, 112.205293
26.542841, 112.757790
28.173196, 113.310287
29.795456, 113.862783
31.409156, 114.415280
33.013832, 114.967776
34.609022, 115.520273
36.194269, 116.072769
37.769117, 116.625266
39.333113, 117.177762
40.885809, 117.730259
42.426757, 118.282756
43.955516, 118.835252
45.471646, 119.387749
46.974711, 119.940245
48.464280, 120.492742
49.939925, 121.045238
51.401221, 121.597735
52.847750, 122.150232
54.279094, 122.702728
55.694843, 123.255225
57.094591, 123.807721
58.477935, 124.360218
59.844477, 124.912714
61.193826, 125.465211
62.525592, 126.017707
63.839395, 126.570204
65.134855, 127.122701
66.411602, 127.675197
67.669268, 128.227694
68.907491, 128.780190
70.125917, 129.332687
71.324195, 129.885183
72.501980, 130.437680
73.658935, 130.990176
74.794727, 131.542673
75.909029, 132.095170
77.001522, 132.647666
78.071892, 133.200163
79.119830, 133.752659
80.145037, 134.305156
81.147216, 134.857652
82.126082, 135.410149
83.081352, 135.962645
84.012751, 136.515142
84.920012, 137.067639
85.802876, 137.620135
86.661087, 138.172632
87.494399, 138.725128
88.302573, 139.277625
89.085377, 139.830121
89.842585, 140.382618
90.573981, 140.935114
91.279354, 141.487611
91.958501, 142.040108
92.611227, 142.592604
93.237345, 143.145101
93.836675, 143.697597
94.409045, 144.250094
94.954290, 144.802590
95.472253, 145.355087
95.962787, 145.907584
96.425749, 146.460080
96.861006, 147.012577
97.268435, 147.565073
97.647917, 148.117570
97.999344, 148.670066
98.322614, 149.222563
98.617636, 149.775059
98.884323, 150.327556
99.122599, 150.880053
99.332397, 151.432549
99.513655, 151.985046
99.666322, 152.537542
99.790354, 153.090039
99.885715, 153.642535
99.952377, 154.195032
99.990322, 154.747528
99.999539, 155.300025
99.980024, 155.852522
99.931784, 156.405018
99.854833, 156.957515
99.749192, 157.510011
99.614892, 158.062508
99.451972, 158.615004
99.260478, 159.167501
99.040465, 159.719997
98.791997, 160.272494
98.515145, 160.824991
98.209988, 161.377487
97.876614, 161.929984
97.515120, 162.482480
97.125608, 163.034977
96.708191, 163.587473
96.262988, 164.139970
95.790128, 164.692467
95.289746, 165.244963
94.761987, 165.797460
94.207001, 166.349956
93.624949, 166.902453
93.015997, 167.454949
92.380321, 168.007446
91.718102, 168.559942
91.029532, 169.112439
90.314808, 169.664936
89.574136, 170.217432
88.807728, 170.769929
88.015805, 171.322425
87.198593, 171.874922
86.356329, 172.427418
85.489253, 172.979915
84.597615, 173.532411
83.681671, 174.084908
82.741685, 174.637405
81.777926, 175.189901
80.790671, 175.742398
79.780205, 176.294894
78.746816, 176.847391
77.690803, 177.399887
76.612468, 177.952384
75.512121, 178.504880
74.390079, 179.057377
73.246664, 179.609874
72.082205, 180.162370
70.897035, 180.714867
69.691496, 181.267363
68.465933, 181.819860
67.220700, 182.372356
65.956153, 182.924853
64.672656, 183.477350
63.370578, 184.029846
62.050293, 184.582343
60.712181, 185.134839
59.356625, 185.687336
57.984015, 186.239832
56.594746, 186.792329
55.189216, 187.344825
53.767830, 187.897322
52.330995, 188.449819
50.879126, 189.002315
49.412638, 189.554812
47.931954, 190.107308
46.437498, 190.659805
44.929700, 191.212301
43.408993, 191.764798
41.875814, 192.317294
40.330604, 192.869791
38.773807, 193.422288
37.205869, 193.974784
35.627242, 194.527281
34.038378, 195.079777
32.439735, 195.632274
30.831772, 196.184770
29.214950, 196.737267
27.589735, 197.289763
25.956593, 197.842260
24.315993, 198.394757
22.668406, 198.947253
21.014307, 199.499750
19.354171, 200.052246
17.688473, 200.604743
16.017694, 201.157239
14.342312, 201.709736
12.662810, 202.262233
10.979669, 202.814729
9.293374, 203.367226
7.604409, 203.919722
5.913259, 204.472219
4.220410, 205.024715
2.526349, 205.577212
0.831561, 206.129708
0.863465, 26.682205
2.558243, 27.234702
4.252286, 27.787198
5.945108, 28.339695
7.636221, 28.892191
9.325140, 29.444688
11.011380, 29.997184
12.694457, 30.549681
14.373886, 31.102177
16.049185, 31.654674
17.719874, 32.207171
19.385471, 32.759667
21.045498, 33.312164
22.699479, 33.864660
24.346938, 34.417157
25.987402, 34.969653
27.620400, 35.522150
29.245461, 36.074646
30.862121, 36.627143
32.469913, 37.179640
34.068376, 37.732136
35.657051, 38.284633
37.235481, 38.837129
38.803213, 39.389626
40.359797, 39.942122
41.904785, 40.494619
43.437733, 41.047116
44.958200, 41.599612
46.465751, 42.152109
47.959952, 42.704605
49.440373, 43.257102
50.906589, 43.809598
52.358180, 44.362095
53.794727, 44.914591
55.215819, 45.467088
56.621046, 46.019585
58.010005, 46.572081
59.382298, 47.124578
60.737529, 47.677074
62.075310, 48.229571
63.395256, 48.782067
64.696987, 49.334564
65.980131, 49.887060
67.244317, 50.439557
68.489184, 50.992054
69.714373, 51.544550
70.919532, 52.097047
72.104315, 52.649543
73.268381, 53.202040
74.411397, 53.754536
75.533034, 54.307033
76.632969, 54.859529
77.710886, 55.412026
78.766477, 55.964523
79.799436, 56.517019
80.809469, 57.069516
81.796284, 57.622012
82.759598, 58.174509
83.699134, 58.727005
84.614623, 59.279502
85.505801, 59.831998
86.372412, 60.384495
87.214207, 60.936992
88.030944, 61.489488
88.822390, 62.041985
89.588315, 62.594481
90.328501, 63.146978
91.042735, 63.699474
91.730811, 64.251971
92.392531, 64.804468
93.027706, 65.356964
93.636153, 65.909461
94.217698, 66.461957
94.772172, 67.014454
95.299418, 67.566950
95.799283, 68.119447
96.271624, 68.671943
96.716304, 69.224440
97.133197, 69.776937
97.522183, 70.329433
97.883149, 70.881930
98.215993, 71.434426
98.520617, 71.986923
98.796936, 72.539419
99.044869, 73.091916
99.264346, 73.644412
99.455302, 74.196909
99.617685, 74.749406
99.751445, 75.301902
99.856546, 75.854399
99.932958, 76.406895
99.980657, 76.959392
99.999630, 77.511888
99.989873, 78.064385
99.951387, 78.616881
99.884185, 79.169378
99.788284, 79.721875
99.663713, 80.274371
99.510508, 80.826868
99.328712, 81.379364
99.118377, 81.931861
98.879565, 82.484357
98.612344, 83.036854
98.316790, 83.589351
97.992989, 84.141847
97.641033, 84.694344
97.261024, 85.246840
96.853070, 85.799337
96.417290, 86.351833
95.953808, 86.904330
95.462757, 87.456826
94.944279, 88.009323
94.398522, 88.561820
93.825643, 89.114316
93.225807, 89.666813
92.599187, 90.219309
91.945961, 90.771806
91.266319, 91.324302
90.560454, 91.876799
89.828571, 92.429295
89.070878, 92.981792
88.287595, 93.534289
87.478945, 94.086785
86.645162, 94.639282
85.786485, 95.191778
84.903160, 95.744275
83.995442, 96.296771
83.063591, 96.849268
82.107875, 97.401764
81.128568, 97.954261
80.125952, 98.506758
79.100315, 99.059254
78.051951, 99.611751
76.981162, 100.164247
75.888256, 100.716744
74.773546, 101.269240
73.637353, 101.821737
72.480003, 102.374234
71.301829, 102.926730
70.103169, 103.479227
68.884367, 104.031723
67.645774, 104.584220
66.387746, 105.136716
65.110644, 105.689213
63.814834, 106.241709
62.500690, 106.794206
61.168589, 107.346703
59.818914, 107.899199
58.452051, 108.451696
57.068395, 109.004192
55.668343, 109.556689
54.252296, 110.109185
52.820662, 110.661682
51.373852, 111.214178
49.912281, 111.766675
48.436371, 112.319172
46.946544, 112.871668
45.443228, 113.424165
43.926857, 113.976661
42.397864, 114.529158
40.856691, 115.081654
39.303778, 115.634151
37.739574, 116.186647
36.164526, 116.739144
34.579088, 117.291641
32.983715, 117.844137
31.378865, 118.396634
29.765000, 118.949130
28.142582, 119.501627
26.512080, 120.054123
24.873960, 120.606620
23.228693, 121.159117
21.576753, 121.711613
19.918613, 122.264110
18.254750, 122.816606
16.585643, 123.369103
14.911770, 123.921599
13.233613, 124.474096
11.551654, 125.026592
9.866376, 125.579089
8.178264, 126.131586
6.487801, 126.684082
4.795475, 127.236579
3.101770, 127.789075
1.407175, 128.341572
0.287825, 308.894068
1.982742, 309.446565
3.677089, 309.999061
5.370380, 310.551558
7.062128, 311.104055
8.751847, 311.656551
10.439051, 312.209048
12.123256, 312.761544
13.803978, 313.314041
15.480734, 313.866537
17.153042, 314.419034
18.820422, 314.971530
20.482395, 315.524027
22.138483, 316.076524
23.788210, 316.629020
25.431102, 317.181517
27.066688, 317.734013
28.694497, 318.286510
30.314062, 318.839006
31.924918, 319.391503
33.526601, 319.943999
35.118651, 320.496496
36.700612, 321.048993
38.272028, 321.601489
39.832448, 322.153986
41.381423, 322.706482
42.918510, 323.258979
44.443265, 323.811475
45.955251, 324.363972
47.454034, 324.916469
48.939183, 325.468965
50.410271, 326.021462
51.866875, 326.573958
53.308578, 327.126455
54.734964, 327.678951
56.145624, 328.231448
57.540154, 328.783944
58.918151, 329.336441
60.279220, 329.888938
61.622971, 330.441434
62.949016, 330.993931
64.256975, 331.546427
65.546473, 332.098924
66.817139, 332.651420
68.068607, 333.203917
69.300518, 333.756413
70.512518, 334.308910
71.704260, 334.861407
72.875400, 335.413903
74.025602, 335.966400
75.154535, 336.518896
76.261876, 337.071393
77.347306, 337.623889
78.410513, 338.176386
79.451192, 338.728882
80.469044, 339.281379
81.463776, 339.833876
82.435102, 340.386372
83.382744, 340.938869
84.306429, 341.491365
85.205892, 342.043862
86.080875, 342.596358
86.931125, 343.148855
87.756399, 343.701352
88.556460, 344.253848
89.331077, 344.806345
90.080028, 345.358841
90.803099, 345.911338
91.500081, 346.463834
92.170773, 347.016331
92.814984, 347.568827
93.432528, 348.121324
94.023228, 348.673821
94.586914, 349.226317
95.123424, 349.778814
95.632604, 350.331310
96.114308, 350.883807
96.568397, 351.436303
96.994741, 351.988800
97.393217, 352.541296
97.763711, 353.093793
98.106116, 353.646290
98.420334, 354.198786
98.706275, 354.751283
98.963857, 355.303779
99.193005, 355.856276
99.393654, 356.408772
99.565746, 356.961269
99.709231, 357.513765
99.824069, 358.066262
99.910226, 358.618759
99.967678, 359.171255
99.996409, 359.723752
99.996409, 0.276248
99.967678, 0.828745
99.910226, 1.381241
99.824069, 1.933738
99.709231, 2.486235
99.565746, 3.038731
99.393654, 3.591228
99.193005, 4.143724
98.963857, 4.696221
98.706275, 5.248717
98.420334, 5.801214
98.106116, 6.353710
97.763711, 6.906207
97.393217, 7.458704
96.994741, 8.011200
96.568397, 8.563697
96.114308, 9.116193
95.632604, 9.668690
95.123424, 10.221186
94.586914, 10.773683
94.023228, 11.326179
93.432528, 11.878676
92.814984, 12.431173
92.170773, 12.983669
91.500081, 13.536166
90.803099, 14.088662
90.080028, 14.641159
89.331077, 15.193655
88.556460, 15.746152
87.756399, 16.298648
86.931125, 16.851145
86.080875, 17.403642
85.205892, 17.956138
84.306429, 18.508635
83.382744, 19.061131
82.435102, 19.613628
81.463776, 20.166124
80.469044, 20.718621
79.451192, 21.271118
78.410513, 21.823614
77.347306, 22.376111
76.261876, 22.928607
75.154535, 23.481104
74.025602, 24.033600
72.875400, 24.586097
71.704260, 25.138593
70.512518, 25.691090
69.300518, 26.243587
68.068607, 26.796083
66.817139, 27.348580
65.546473, 27.901076
64.256975, 28.453573
62.949016, 29.006069
61.622971, 29.558566
60.279220, 30.111062
58.918151, 30.663559
57.540154, 31.216056
56.145624, 31.768552
54.734964, 32.321049
53.308578, 32.873545
51.866875, 33.426042
50.410271, 33.978538
48.939183, 34.531035
47.454034, 35.083531
45.955251, 35.636028
44.443265, 36.188525
42.918510, 36.741021
41.381423, 37.293518
39.832448, 37.846014
38.272028, 38.398511
36.700612, 38.951007
35.118651, 39.503504
33.526601, 40.056001
31.924918, 40.608497
30.314062, 41.160994
28.694497, 41.713490
27.066688, 42.265987
25.431102, 42.818483
23.788210, 43.370980
22.138483, 43.923476
20.482395, 44.475973
18.820422, 45.028470
17.153042, 45.580966
15.480734, 46.133463
13.803978, 46.685959
12.123256, 47.238456
10.439051, 47.790952
8.751847, 48.343449
7.062128, 48.895945
5.370380, 49.448442
3.677089, 50.000939
1.982742, 50.553435
0.287825, 51.105932
1.407175, 231.658428
3.101770, 232.210925
4.795475, 232.763421
6.487801, 233.315918
8.178264, 233.868414
9.866376, 234.420911
11.551654, 234.973408
13.233613, 235.525904
14.911770, 236.078401
16.585643, 236.630897
18.254750, 237.183394
19.918613, 237.735890
21.576753, 238.288387
23.228693, 238.840883
24.873960, 239.393380
26.512080, 239.945877
28.142582, 240.498373
29.765000, 241.050870
31.378865, 241.603366
32.983715, 242.155863
34.579088, 242.708359
36.164526, 243.260856
37.739574, 243.813353
39.303778, 244.365849
40.856691, 244.918346
42.397864, 245.470842
43.926857, 246.023339
45.443228, 246.575835
46.946544, 247.128332
48.436371, 247.680828
49.912281, 248.233325
51.373852, 248.785822
52.820662, 249.338318
54.252296, 249.890815
55.668343, 250.443311
57.068395, 250.995808
58.452051, 251.548304
59.818914, 252.100801
61.168589, 252.653297
62.500690, 253.205794
63.814834, 253.758291
65.110644, 254.310787
66.387746, 254.863284
67.645774, 255.415780
68.884367, 255.968277
70.103169, 256.520773
71.301829, 257.073270
72.480003, 257.625766
73.637353, 258.178263
74.773546, 258.730760
75.888256, 259.283256
76.981162, 259.835753
78.051951, 260.388249
79.100315, 260.940746
80.125952, 261.493242
81.128568, 262.045739
82.107875, 262.598236
83.063591, 263.150732
83.995442, 263.703229
84.903160, 264.255725
85.786485, 264.808222
86.645162, 265.360718
87.478945, 265.913215
88.287595, 266.465711
89.070878, 267.018208
89.828571, 267.570705
90.560454, 268.123201
91.266319, 268.675698
91.945961, 269.228194
92.599187, 269.780691
93.225807, 270.333187
93.825643, 270.885684
94.398522, 271.438180
94.944279, 271.990677
95.462757, 272.543174
95.953808, 273.095670
96.417290, 273.648167
96.853070, 274.200663
97.261024, 274.753160
97.641033, 275.305656
97.992989, 275.858153
98.316790, 276.410649
98.612344, 276.963146
98.879565, 277.515643
99.118377, 278.068139
99.328712, 278.620636
99.510508, 279.173132
99.663713, 279.725629
99.788284, 280.278125
99.884185, 280.830622
99.951387, 281.383119
99.989873, 281.935615
99.999630, 282.488112
99.980657, 283.040608
99.932958, 283.593105
99.856546, 284.145601
99.751445, 284.698098
99.617685, 285.250594
99.455302, 285.803091
99.264346, 286.355588
99.044869, 286.908084
98.796936, 287.460581
98.520617, 288.013077
98.215993, 288.565574
97.883149, 289.118070
97.522183, 289.670567
97.133197, 290.223063
96.716304, 290.775560
96.271624, 291.328057
95.799283, 291.880553
95.299418, 292.433050
94.772172, 292.985546
94.217698, 293.538043
93.636153, 294.090539
93.027706, 294.643036
92.392531, 295.195532
91.730811, 295.748029
91.042735, 296.300526
90.328501, 296.853022
89.588315, 297.405519
88.822390, 297.958015
88.030944, 298.510512
87.214207, 299.063008
86.372412, 299.615505
85.505801, 300.168002
84.614623, 300.720498
83.699134, 301.272995
82.759598, 301.825491
81.796284, 302.377988
80.809469, 302.930484
79.799436, 303.482981
78.766477, 304.035477
77.710886, 304.587974
76.632969, 305.140471
75.533034, 305.692967
74.411397, 306.245464
73.268381, 306.797960
72.104315, 307.350457
70.919532, 307.902953
69.714373, 308.455450
68.489184, 309.007946
67.244317, 309.560443
65.980131, 310.112940
64.696987, 310.665436
63.395256, 311.217933
62.075310, 311.770429
60.737529, 312.322926
59.382298, 312.875422
58.010005, 313.427919
56.621046, 313.980415
55.215819, 314.532912
53.794727, 315.085409
52.358180, 315.637905
50.906589, 316.190402
49.440373, 316.742898
47.959952, 317.295395
46.465751, 317.847891
44.958200, 318.400388
43.437733, 318.952884
41.904785, 319.505381
40.359797, 320.057878
38.803213, 320.610374
37.235481, 321.162871
35.657051, 321.715367
34.068376, 322.267864
32.469913, 322.820360
30.862121, 323.372857
29.245461, 323.925354
27.620400, 324.477850
25.987402, 325.030347
24.346938, 325.582843
22.699479, 326.135340
21.045498, 326.687836
19.385471, 327.240333
17.719874, 327.792829
16.049185, 328.345326
14.373886, 328.897823
12.694457, 329.450319
11.011380, 330.002816
9.325140, 330.555312
7.636221, 331.107809
5.945108, 331.660305
4.252286, 332.212802
2.558243, 332.765298
0.863465, 333.317795
0.831561, 153.870292
2.526349, 154.422788
4.220410, 154.975285
5.913259, 155.527781
7.604409, 156.080278
9.293374, 156.632774
10.979669, 157.185271
12.662810, 157.737767
14.342312, 158.290264
16.017694, 158.842761
17.688473, 159.395257
19.354171, 159.947754
21.014307, 160.500250
22.668406, 161.052747
24.315993, 161.605243
25.956593, 162.157740
27.589735, 162.710237
29.214950, 163.262733
30.831772, 163.815230
32.439735, 164.367726
34.038378, 164.920223
35.627242, 165.472719
37.205869, 166.025216
38.773807, 166.577712
40.330604, 167.130209
41.875814, 167.682706
43.408993, 168.235202
44.929700, 168.787699
46.437498, 169.340195
47.931954, 169.892692
49.412638, 170.445188
50.879126, 170.997685
52.330995, 171.550181
53.767830, 172.102678
55.189216, 172.655175
56.594746, 173.207671
57.984015, 173.760168
59.356625, 174.312664
60.712181, 174.865161
62.050293, 175.417657
63.370578, 175.970154
64.672656, 176.522650
65.956153, 177.075147
67.220700, 177.627644
68.465933, 178.180140
69.691496, 178.732637
70.897035, 179.285133
72.082205, 179.837630
73.246664, 180.390126
74.390079, 180.942623
75.512121, 181.495120
76.612468, 182.047616
77.690803, 182.600113
78.746816, 183.152609
79.780205, 183.705106
80.790671, 184.257602
81.777926, 184.810099
82.741685, 185.362595
83.681671, 185.915092
84.597615, 186.467589
85.489253, 187.020085
86.356329, 187.572582
87.198593, 188.125078
88.015805, 188.677575
88.807728, 189.230071
89.574136, 189.782568
90.314808, 190.335064
91.029532, 190.887561
91.718102, 191.440058
92.380321, 191.992554
93.015997, 192.545051
93.624949, 193.097547
94.207001, 193.650044
94.761987, 194.202540
95.289746, 194.755037
95.790128, 195.307533
96.262988, 195.860030
96.708191, 196.412527
97.125608, 196.965023
97.515120, 197.517520
97.876614, 198.070016
98.209988, 198.622513
98.515145, 199.175009
98.791997, 199.727506
99.040465, 200.280003
99.260478, 200.832499
99.451972, 201.384996
99.614892, 201.937492
99.749192, 202.489989
99.854833, 203.042485
99.931784, 203.594982
99.980024, 204.147478
99.999539, 204.699975
99.990322, 205.252472
99.952377, 205.804968
99.885715, 206.357465
99.790354, 206.909961
99.666322, 207.462458
99.513655, 208.014954
99.332397, 208.567451
99.122599, 209.119947
98.884323, 209.672444
98.617636, 210.224941
98.322614, 210.777437
97.999344, 211.329934
97.647917, 211.882430
97.268435, 212.434927
96.861006, 212.987423
96.425749, 213.539920
95.962787, 214.092416
95.472253, 214.644913
94.954290, 215.197410
94.409045, 215.749906
93.836675, 216.302403
93.237345, 216.854899
92.611227, 217.407396
91.958501, 217.959892
91.279354, 218.512389
90.573981, 219.064886
89.842585, 219.617382
89.085377, 220.169879
88.302573, 220.722375
87.494399, 221.274872
86.661087, 221.827368
85.802876, 222.379865
84.920012, 222.932361
84.012751, 223.484858
83.081352, 224.037355
82.126082, 224.589851
81.147216, 225.142348
80.145037, 225.694844
79.119830, 226.247341
78.071892, 226.799837
77.001522, 227.352334
75.909029, 227.904830
74.794727, 228.457327
73.658935, 229.009824
72.501980, 229.562320
71.324195, 230.114817
70.125917, 230.667313
68.907491, 231.219810
67.669268, 231.772306
66.411602, 232.324803
65.134855, 232.877299
63.839395, 233.429796
62.525592, 233.982293
61.193826, 234.534789
59.844477, 235.087286
58.477935, 235.639782
57.094591, 236.192279
55.694843, 236.744775
54.279094, 237.297272
52.847750, 237.849768
51.401221, 238.402265
49.939925, 238.954762
48.464280, 239.507258
46.974711, 240.059755
45.471646, 240.612251
43.955516, 241.164748
42.426757, 241.717244
40.885809, 242.269741
39.333113, 242.822238
37.769117, 243.374734
36.194269, 243.927231
34.609022, 244.479727
33.013832, 245.032224
31.409156, 245.584720
29.795456, 246.137217
28.173196, 246.689713
26.542841, 247.242210
24.904860, 247.794707
23.259724, 248.347203
21.607904, 248.899700
19.949877, 249.452196
18.286118, 250.004693
16.617105, 250.557189
14.943317, 251.109686
13.265237, 251.662182
11.583345, 252.214679
9.898125, 252.767176
8.210061, 253.319672
6.519638, 253.872169
4.827342, 254.424665
3.133659, 254.977162
1.439076, 255.529658
0.255920, 76.082155
1.950844, 76.634651
3.645206, 77.187148
5.338521, 77.739645
7.030303, 78.292141
8.720064, 78.844638
10.407321, 79.397134
12.091587, 79.949631
13.772379, 80.502127
15.449214, 81.054624
17.121610, 81.607121
18.789087, 82.159617
20.451166, 82.712114
22.107369, 83.264610
23.757220, 83.817107
25.400245, 84.369603
27.035973, 84.922100
28.663933, 85.474596
30.283658, 86.027093
31.894681, 86.579590
33.496541, 87.132086
35.088777, 87.684583
36.670932, 88.237079
38.242550, 88.789576
39.803181, 89.342072
41.352377, 89.894569
42.889691, 90.447065
44.414682, 90.999562
45.926913, 91.552059
47.425948, 92.104555
48.911358, 92.657052
50.382714, 93.209548
51.839595, 93.762045
53.281582, 94.314541
54.708260, 94.867038
56.119221, 95.419534
57.514057, 95.972031
58.892369, 96.524528
60.253761, 97.077024
61.597841, 97.629521
62.924223, 98.182017
64.232526, 98.734514
65.522375, 99.287010
66.793398, 99.839507
68.045231, 100.392004
69.277513, 100.944500
70.489892, 101.496997
71.682018, 102.049493
72.853549, 102.601990
74.004148, 103.154486
75.133485, 103.706983
76.241235, 104.259479
77.327080, 104.811976
78.390708, 105.364473
79.431814, 105.916969
80.450098, 106.469466
81.445268, 107.021962
82.417037, 107.574459
83.365128, 108.126955
84.289266, 108.679452
85.189188, 109.231948
86.064633, 109.784445
86.915351, 110.336942
87.741098, 110.889438
88.541635, 111.441935
89.316733, 111.994431
90.066170, 112.546928
90.789729, 113.099424
91.487204, 113.651921
92.158393, 114.204417
92.803104, 114.756914
93.421152, 115.309411
94.012359, 115.861907
94.576555, 116.414404
95.113578, 116.966900
95.623274, 117.519397
96.105496, 118.071893
96.560106, 118.624390
96.986973, 119.176887
97.385975, 119.729383
97.756996, 120.281880
98.099931, 120.834376
98.414681, 121.386873
98.701155, 121.939369
98.959271, 122.491866
99.188955, 123.044362
99.390141, 123.596859
99.562771, 124.149356
99.706795, 124.701852
99.822172, 125.254349
99.908870, 125.806845
99.966862, 126.359342
99.996133, 126.911838
99.996674, 127.464335
99.968484, 128.016831
99.911573, 128.569328
99.825956, 129.121825
99.711657, 129.674321
99.568711, 130.226818
99.397157, 130.779314
99.197045, 131.331811
98.968433, 131.884307
98.711386, 132.436804
98.425978, 132.989300
98.112291, 133.541797
97.770415, 134.094294
97.400449, 134.646790
97.002499, 135.199287
96.576678, 135.751783
96.123111, 136.304280
95.641925, 136.856776
95.133261, 137.409273
94.597264, 137.961769
94.034088, 138.514266
93.443895, 139.066763
92.826855, 139.619259
92.183144, 140.171756
91.512948, 140.724252
90.816459, 141.276749
90.093878, 141.829245
89.345411, 142.381742
88.571275, 142.934239
87.771691, 143.486735
86.946890, 144.039232
86.097107, 144.591728
85.222588, 145.144225
84.323584, 145.696721
83.400352, 146.249218
82.453158, 146.801714
81.482275, 147.354211
80.487981, 147.906708
79.470562, 148.459204
78.430310, 149.011701
77.367524, 149.564197
76.282509, 150.116694
75.175578, 150.669190
74.047048, 151.221687
72.897243, 151.774183
71.726494, 152.326680
70.535138, 152.879177
69.323515, 153.431673
68.091976, 153.984170
66.840872, 154.536666
65.570565, 155.089163
64.281418, 155.641659
62.973803, 156.194156
61.648094, 156.746652
60.304674, 157.299149
58.943927, 157.851646
57.566244, 158.404142
56.172023, 158.956639
54.761662, 159.509135
53.335568, 160.061632
51.894150, 160.614128
50.437822, 161.166625
48.967003, 161.719122
47.482115, 162.271618
45.983585, 162.824115
44.471843, 163.376611
42.947324, 163.929108
41.410466, 164.481604
39.861710, 165.034101
##END=
