##TITLE= Parameter file, TopSpin 4.3.0
##JCAMPDX= 5.0
##DATATYPE= Parameter Values
##ORIGIN= Bruker BioSpin GmbH
##OWNER= nmrsu
$$ 2024-02-05 17:53:17.098 +0000  nmrsu@4CE1161FJM
$$ C:/Bruker/TopSpin4.3.0/exp/stan/nmr/lists/wave/user/multisupp_aux_d8
$$ process C:\Bruker\TopSpin4.3.0\prog\mod\xwinshape.exe
##MINX= 100.00000000
##MAXX= 100.00000000
##MINY= 0.19400100
##MAXY= 359.80599900
##$SHAPE_ADDPHASE= 0
##$SHAPE_AMP= 100
##$SHAPE_BWFAC= 0
##$SHAPE_BWFAC50= 0
##$SHAPE_CALCBW= yes
##$SHAPE_CALCINTEG= yes
##$SHAPE_EXMODE= <Excitation>
##$SHAPE_EXPAND= <>
##$SHAPE_EXPANDCF= (0..143)
0 0 0 0 0 0 0 0 0 0 0 0 0 0 0 0 0 0 0 0 0 0 0 0 0 0 0 0 0 0 0 0 0 0 0 0
0 0 0 0 0 0 0 0 0 0 0 0 0 0 0 0 0 0 0 0 0 0 0 0 0 0 0 0 0 0 0 0 0 0 0 0
0 0 0 0 0 0 0 0 0 0 0 0 0 0 0 0 0 0 0 0 0 0 0 0 0 0 0 0 0 0 0 0 0 0 0 0
0 0 0 0 0 0 0 0 0 0 0 0 0 0 0 0 0 0 0 0 0 0 0 0 0 0 0 0 0 0 0 0 0 0 0 0
##$SHAPE_EXPFAC= 0
##$SHAPE_FRACEND= 0
##$SHAPE_FRACORG= 0
##$SHAPE_FRACSTART= 0
##$SHAPE_INTEGFAC= 0
##$SHAPE_KEEPRES= yes
##$SHAPE_LENGTH= 25000.000373
##$SHAPE_MAN= <M>
##$SHAPE_MODE= 1
##$SHAPE_MODFREQ= 0
##$SHAPE_MODPHASE= 0
##$SHAPE_MODSCALE= 0
##$SHAPE_MODSW= 0
##$SHAPE_MODSWDIR= -1
##$SHAPE_NPOINTS= 1250
##$SHAPE_OFFS= <1 1>
##$SHAPE_OFFSCOEFF= (0..95)
53.889191 0 100 0 0 0 0 0 0 0 0 0 0 0 0 0 0 0 0 0 0 0 0 0 0 0 0 0 0 0 0
0 0 0 0 0 0 0 0 0 0 0 0 0 0 0 0 0 0 0 0 0 0 0 0 0 0 0 0 0 0 0 0 0 0 0 0
0 0 0 0 0 0 0 0 0 0 0 0 0 0 0 0 0 0 0 0 0 0 0 0 0 0 0 0 0
##$SHAPE_PARAMETER= <>
##$SHAPE_REPHFAC= 0
##$SHAPE_RES= 0
##$SHAPE_SCALEFAC= 1
##$SHAPE_SCALETYPE= 0
##$SHAPE_SPOAL= 0
##$SHAPE_SPOFFS= 0
##$SHAPE_SPOPH= 0
##$SHAPE_TOTROT= 90
##$SHAPE_TYPE= <Excitation>
##$SHAPE_USER_DEF= <>
##$SHAPE_VERSION= 2.1
##$SHL_ADDPHASE= (0..15)
0 0 0 0 0 0 0 0 0 0 0 0 0 0 0 0
##$SHL_ALIGNOFFSET= (0..15)
0 0 0 0 0 0 0 0 0 0 0 0 0 0 0 0
##$SHL_AMP= (0..15)
100 0 0 0 0 0 0 0 0 0 0 0 0 0 0 0
##$SHL_AMPFAC= (0..15)
0 0 0 0 0 0 0 0 0 0 0 0 0 0 0 0
##$SHL_BETA= (0..15)
0 0 0 0 0 0 0 0 0 0 0 0 0 0 0 0
##$SHL_BWFAC= (0..15)
1.116 0 0 0 0 0 0 0 0 0 0 0 0 0 0 0
##$SHL_CALCBW= (0..15)
yes yes yes yes yes yes yes yes yes yes yes yes yes yes yes yes
##$SHL_CALCINTEG= (0..15)
yes yes yes yes yes yes yes yes yes yes yes yes yes yes yes yes
##$SHL_CENTERAMP= (0..15)
0 0 0 0 0 0 0 0 0 0 0 0 0 0 0 0
##$SHL_CYCNUM= (0..15)
0 0 0 0 0 0 0 0 0 0 0 0 0 0 0 0
##$SHL_DIPOLCPL= (0..15)
0 0 0 0 0 0 0 0 0 0 0 0 0 0 0 0
##$SHL_ENDAMP= (0..15)
0 0 0 0 0 0 0 0 0 0 0 0 0 0 0 0
##$SHL_EXMODE= (0..15)
<Excitation> <> <> <> <> <> <> <> <> <> <> <> <> <> <> <>
##$SHL_EXPAND= (0..15)
<> <> <> <> <> <> <> <> <> <> <> <> <> <> <> <>
##$SHL_EXPANDCF0= (0..143)
0 0 0 0 0 0 0 0 0 0 0 0 0 0 0 0 0 0 0 0 0 0 0 0 0 0 0 0 0 0 0 0 0 0 0 0
0 0 0 0 0 0 0 0 0 0 0 0 0 0 0 0 0 0 0 0 0 0 0 0 0 0 0 0 0 0 0 0 0 0 0 0
0 0 0 0 0 0 0 0 0 0 0 0 0 0 0 0 0 0 0 0 0 0 0 0 0 0 0 0 0 0 0 0 0 0 0 0
0 0 0 0 0 0 0 0 0 0 0 0 0 0 0 0 0 0 0 0 0 0 0 0 0 0 0 0 0 0 0 0 0 0 0 0
##$SHL_EXPANDCF1= (0..143)
0 0 0 0 0 0 0 0 0 0 0 0 0 0 0 0 0 0 0 0 0 0 0 0 0 0 0 0 0 0 0 0 0 0 0 0
0 0 0 0 0 0 0 0 0 0 0 0 0 0 0 0 0 0 0 0 0 0 0 0 0 0 0 0 0 0 0 0 0 0 0 0
0 0 0 0 0 0 0 0 0 0 0 0 0 0 0 0 0 0 0 0 0 0 0 0 0 0 0 0 0 0 0 0 0 0 0 0
0 0 0 0 0 0 0 0 0 0 0 0 0 0 0 0 0 0 0 0 0 0 0 0 0 0 0 0 0 0 0 0 0 0 0 0
##$SHL_EXPANDCF10= (0..143)
0 0 0 0 0 0 0 0 0 0 0 0 0 0 0 0 0 0 0 0 0 0 0 0 0 0 0 0 0 0 0 0 0 0 0 0
0 0 0 0 0 0 0 0 0 0 0 0 0 0 0 0 0 0 0 0 0 0 0 0 0 0 0 0 0 0 0 0 0 0 0 0
0 0 0 0 0 0 0 0 0 0 0 0 0 0 0 0 0 0 0 0 0 0 0 0 0 0 0 0 0 0 0 0 0 0 0 0
0 0 0 0 0 0 0 0 0 0 0 0 0 0 0 0 0 0 0 0 0 0 0 0 0 0 0 0 0 0 0 0 0 0 0 0
##$SHL_EXPANDCF11= (0..143)
0 0 0 0 0 0 0 0 0 0 0 0 0 0 0 0 0 0 0 0 0 0 0 0 0 0 0 0 0 0 0 0 0 0 0 0
0 0 0 0 0 0 0 0 0 0 0 0 0 0 0 0 0 0 0 0 0 0 0 0 0 0 0 0 0 0 0 0 0 0 0 0
0 0 0 0 0 0 0 0 0 0 0 0 0 0 0 0 0 0 0 0 0 0 0 0 0 0 0 0 0 0 0 0 0 0 0 0
0 0 0 0 0 0 0 0 0 0 0 0 0 0 0 0 0 0 0 0 0 0 0 0 0 0 0 0 0 0 0 0 0 0 0 0
##$SHL_EXPANDCF12= (0..143)
0 0 0 0 0 0 0 0 0 0 0 0 0 0 0 0 0 0 0 0 0 0 0 0 0 0 0 0 0 0 0 0 0 0 0 0
0 0 0 0 0 0 0 0 0 0 0 0 0 0 0 0 0 0 0 0 0 0 0 0 0 0 0 0 0 0 0 0 0 0 0 0
0 0 0 0 0 0 0 0 0 0 0 0 0 0 0 0 0 0 0 0 0 0 0 0 0 0 0 0 0 0 0 0 0 0 0 0
0 0 0 0 0 0 0 0 0 0 0 0 0 0 0 0 0 0 0 0 0 0 0 0 0 0 0 0 0 0 0 0 0 0 0 0
##$SHL_EXPANDCF13= (0..143)
0 0 0 0 0 0 0 0 0 0 0 0 0 0 0 0 0 0 0 0 0 0 0 0 0 0 0 0 0 0 0 0 0 0 0 0
0 0 0 0 0 0 0 0 0 0 0 0 0 0 0 0 0 0 0 0 0 0 0 0 0 0 0 0 0 0 0 0 0 0 0 0
0 0 0 0 0 0 0 0 0 0 0 0 0 0 0 0 0 0 0 0 0 0 0 0 0 0 0 0 0 0 0 0 0 0 0 0
0 0 0 0 0 0 0 0 0 0 0 0 0 0 0 0 0 0 0 0 0 0 0 0 0 0 0 0 0 0 0 0 0 0 0 0
##$SHL_EXPANDCF14= (0..143)
0 0 0 0 0 0 0 0 0 0 0 0 0 0 0 0 0 0 0 0 0 0 0 0 0 0 0 0 0 0 0 0 0 0 0 0
0 0 0 0 0 0 0 0 0 0 0 0 0 0 0 0 0 0 0 0 0 0 0 0 0 0 0 0 0 0 0 0 0 0 0 0
0 0 0 0 0 0 0 0 0 0 0 0 0 0 0 0 0 0 0 0 0 0 0 0 0 0 0 0 0 0 0 0 0 0 0 0
0 0 0 0 0 0 0 0 0 0 0 0 0 0 0 0 0 0 0 0 0 0 0 0 0 0 0 0 0 0 0 0 0 0 0 0
##$SHL_EXPANDCF15= (0..143)
0 0 0 0 0 0 0 0 0 0 0 0 0 0 0 0 0 0 0 0 0 0 0 0 0 0 0 0 0 0 0 0 0 0 0 0
0 0 0 0 0 0 0 0 0 0 0 0 0 0 0 0 0 0 0 0 0 0 0 0 0 0 0 0 0 0 0 0 0 0 0 0
0 0 0 0 0 0 0 0 0 0 0 0 0 0 0 0 0 0 0 0 0 0 0 0 0 0 0 0 0 0 0 0 0 0 0 0
0 0 0 0 0 0 0 0 0 0 0 0 0 0 0 0 0 0 0 0 0 0 0 0 0 0 0 0 0 0 0 0 0 0 0 0
##$SHL_EXPANDCF2= (0..143)
0 0 0 0 0 0 0 0 0 0 0 0 0 0 0 0 0 0 0 0 0 0 0 0 0 0 0 0 0 0 0 0 0 0 0 0
0 0 0 0 0 0 0 0 0 0 0 0 0 0 0 0 0 0 0 0 0 0 0 0 0 0 0 0 0 0 0 0 0 0 0 0
0 0 0 0 0 0 0 0 0 0 0 0 0 0 0 0 0 0 0 0 0 0 0 0 0 0 0 0 0 0 0 0 0 0 0 0
0 0 0 0 0 0 0 0 0 0 0 0 0 0 0 0 0 0 0 0 0 0 0 0 0 0 0 0 0 0 0 0 0 0 0 0
##$SHL_EXPANDCF3= (0..143)
0 0 0 0 0 0 0 0 0 0 0 0 0 0 0 0 0 0 0 0 0 0 0 0 0 0 0 0 0 0 0 0 0 0 0 0
0 0 0 0 0 0 0 0 0 0 0 0 0 0 0 0 0 0 0 0 0 0 0 0 0 0 0 0 0 0 0 0 0 0 0 0
0 0 0 0 0 0 0 0 0 0 0 0 0 0 0 0 0 0 0 0 0 0 0 0 0 0 0 0 0 0 0 0 0 0 0 0
0 0 0 0 0 0 0 0 0 0 0 0 0 0 0 0 0 0 0 0 0 0 0 0 0 0 0 0 0 0 0 0 0 0 0 0
##$SHL_EXPANDCF4= (0..143)
0 0 0 0 0 0 0 0 0 0 0 0 0 0 0 0 0 0 0 0 0 0 0 0 0 0 0 0 0 0 0 0 0 0 0 0
0 0 0 0 0 0 0 0 0 0 0 0 0 0 0 0 0 0 0 0 0 0 0 0 0 0 0 0 0 0 0 0 0 0 0 0
0 0 0 0 0 0 0 0 0 0 0 0 0 0 0 0 0 0 0 0 0 0 0 0 0 0 0 0 0 0 0 0 0 0 0 0
0 0 0 0 0 0 0 0 0 0 0 0 0 0 0 0 0 0 0 0 0 0 0 0 0 0 0 0 0 0 0 0 0 0 0 0
##$SHL_EXPANDCF5= (0..143)
0 0 0 0 0 0 0 0 0 0 0 0 0 0 0 0 0 0 0 0 0 0 0 0 0 0 0 0 0 0 0 0 0 0 0 0
0 0 0 0 0 0 0 0 0 0 0 0 0 0 0 0 0 0 0 0 0 0 0 0 0 0 0 0 0 0 0 0 0 0 0 0
0 0 0 0 0 0 0 0 0 0 0 0 0 0 0 0 0 0 0 0 0 0 0 0 0 0 0 0 0 0 0 0 0 0 0 0
0 0 0 0 0 0 0 0 0 0 0 0 0 0 0 0 0 0 0 0 0 0 0 0 0 0 0 0 0 0 0 0 0 0 0 0
##$SHL_EXPANDCF6= (0..143)
0 0 0 0 0 0 0 0 0 0 0 0 0 0 0 0 0 0 0 0 0 0 0 0 0 0 0 0 0 0 0 0 0 0 0 0
0 0 0 0 0 0 0 0 0 0 0 0 0 0 0 0 0 0 0 0 0 0 0 0 0 0 0 0 0 0 0 0 0 0 0 0
0 0 0 0 0 0 0 0 0 0 0 0 0 0 0 0 0 0 0 0 0 0 0 0 0 0 0 0 0 0 0 0 0 0 0 0
0 0 0 0 0 0 0 0 0 0 0 0 0 0 0 0 0 0 0 0 0 0 0 0 0 0 0 0 0 0 0 0 0 0 0 0
##$SHL_EXPANDCF7= (0..143)
0 0 0 0 0 0 0 0 0 0 0 0 0 0 0 0 0 0 0 0 0 0 0 0 0 0 0 0 0 0 0 0 0 0 0 0
0 0 0 0 0 0 0 0 0 0 0 0 0 0 0 0 0 0 0 0 0 0 0 0 0 0 0 0 0 0 0 0 0 0 0 0
0 0 0 0 0 0 0 0 0 0 0 0 0 0 0 0 0 0 0 0 0 0 0 0 0 0 0 0 0 0 0 0 0 0 0 0
0 0 0 0 0 0 0 0 0 0 0 0 0 0 0 0 0 0 0 0 0 0 0 0 0 0 0 0 0 0 0 0 0 0 0 0
##$SHL_EXPANDCF8= (0..143)
0 0 0 0 0 0 0 0 0 0 0 0 0 0 0 0 0 0 0 0 0 0 0 0 0 0 0 0 0 0 0 0 0 0 0 0
0 0 0 0 0 0 0 0 0 0 0 0 0 0 0 0 0 0 0 0 0 0 0 0 0 0 0 0 0 0 0 0 0 0 0 0
0 0 0 0 0 0 0 0 0 0 0 0 0 0 0 0 0 0 0 0 0 0 0 0 0 0 0 0 0 0 0 0 0 0 0 0
0 0 0 0 0 0 0 0 0 0 0 0 0 0 0 0 0 0 0 0 0 0 0 0 0 0 0 0 0 0 0 0 0 0 0 0
##$SHL_EXPANDCF9= (0..143)
0 0 0 0 0 0 0 0 0 0 0 0 0 0 0 0 0 0 0 0 0 0 0 0 0 0 0 0 0 0 0 0 0 0 0 0
0 0 0 0 0 0 0 0 0 0 0 0 0 0 0 0 0 0 0 0 0 0 0 0 0 0 0 0 0 0 0 0 0 0 0 0
0 0 0 0 0 0 0 0 0 0 0 0 0 0 0 0 0 0 0 0 0 0 0 0 0 0 0 0 0 0 0 0 0 0 0 0
0 0 0 0 0 0 0 0 0 0 0 0 0 0 0 0 0 0 0 0 0 0 0 0 0 0 0 0 0 0 0 0 0 0 0 0
##$SHL_EXPFAC= (0..15)
0 0 0 0 0 0 0 0 0 0 0 0 0 0 0 0
##$SHL_FRACEND= (0..15)
0 0 0 0 0 0 0 0 0 0 0 0 0 0 0 0
##$SHL_FRACORG= (0..15)
0 0 0 0 0 0 0 0 0 0 0 0 0 0 0 0
##$SHL_FRACSTART= (0..15)
0 0 0 0 0 0 0 0 0 0 0 0 0 0 0 0
##$SHL_FULLHALF= (0..15)
0 0 0 0 0 0 0 0 0 0 0 0 0 0 0 0
##$SHL_FUNCAMP= (0..15)
100 0 0 0 0 0 0 0 0 0 0 0 0 0 0 0
##$SHL_FUNCTION= (0..15)
<Rectangle> <> <> <> <> <> <> <> <> <> <> <> <> <> <> <>
##$SHL_GCO= (0..15)
<> <> <> <> <> <> <> <> <> <> <> <> <> <> <> <>
##$SHL_GCOCOEFFS0= (0..59)
0 0 0 0 0 0 0 0 0 0 0 0 0 0 0 0 0 0 0 0 0 0 0 0 0 0 0 0 0 0 0 0 0 0 0 0
0 0 0 0 0 0 0 0 0 0 0 0 0 0 0 0 0 0 0 0 0 0 0 0
##$SHL_GCOCOEFFS1= (0..59)
0 0 0 0 0 0 0 0 0 0 0 0 0 0 0 0 0 0 0 0 0 0 0 0 0 0 0 0 0 0 0 0 0 0 0 0
0 0 0 0 0 0 0 0 0 0 0 0 0 0 0 0 0 0 0 0 0 0 0 0
##$SHL_GCOCOEFFS10= (0..59)
0 0 0 0 0 0 0 0 0 0 0 0 0 0 0 0 0 0 0 0 0 0 0 0 0 0 0 0 0 0 0 0 0 0 0 0
0 0 0 0 0 0 0 0 0 0 0 0 0 0 0 0 0 0 0 0 0 0 0 0
##$SHL_GCOCOEFFS11= (0..59)
0 0 0 0 0 0 0 0 0 0 0 0 0 0 0 0 0 0 0 0 0 0 0 0 0 0 0 0 0 0 0 0 0 0 0 0
0 0 0 0 0 0 0 0 0 0 0 0 0 0 0 0 0 0 0 0 0 0 0 0
##$SHL_GCOCOEFFS12= (0..59)
0 0 0 0 0 0 0 0 0 0 0 0 0 0 0 0 0 0 0 0 0 0 0 0 0 0 0 0 0 0 0 0 0 0 0 0
0 0 0 0 0 0 0 0 0 0 0 0 0 0 0 0 0 0 0 0 0 0 0 0
##$SHL_GCOCOEFFS13= (0..59)
0 0 0 0 0 0 0 0 0 0 0 0 0 0 0 0 0 0 0 0 0 0 0 0 0 0 0 0 0 0 0 0 0 0 0 0
0 0 0 0 0 0 0 0 0 0 0 0 0 0 0 0 0 0 0 0 0 0 0 0
##$SHL_GCOCOEFFS14= (0..59)
0 0 0 0 0 0 0 0 0 0 0 0 0 0 0 0 0 0 0 0 0 0 0 0 0 0 0 0 0 0 0 0 0 0 0 0
0 0 0 0 0 0 0 0 0 0 0 0 0 0 0 0 0 0 0 0 0 0 0 0
##$SHL_GCOCOEFFS15= (0..59)
0 0 0 0 0 0 0 0 0 0 0 0 0 0 0 0 0 0 0 0 0 0 0 0 0 0 0 0 0 0 0 0 0 0 0 0
0 0 0 0 0 0 0 0 0 0 0 0 0 0 0 0 0 0 0 0 0 0 0 0
##$SHL_GCOCOEFFS2= (0..59)
0 0 0 0 0 0 0 0 0 0 0 0 0 0 0 0 0 0 0 0 0 0 0 0 0 0 0 0 0 0 0 0 0 0 0 0
0 0 0 0 0 0 0 0 0 0 0 0 0 0 0 0 0 0 0 0 0 0 0 0
##$SHL_GCOCOEFFS3= (0..59)
0 0 0 0 0 0 0 0 0 0 0 0 0 0 0 0 0 0 0 0 0 0 0 0 0 0 0 0 0 0 0 0 0 0 0 0
0 0 0 0 0 0 0 0 0 0 0 0 0 0 0 0 0 0 0 0 0 0 0 0
##$SHL_GCOCOEFFS4= (0..59)
0 0 0 0 0 0 0 0 0 0 0 0 0 0 0 0 0 0 0 0 0 0 0 0 0 0 0 0 0 0 0 0 0 0 0 0
0 0 0 0 0 0 0 0 0 0 0 0 0 0 0 0 0 0 0 0 0 0 0 0
##$SHL_GCOCOEFFS5= (0..59)
0 0 0 0 0 0 0 0 0 0 0 0 0 0 0 0 0 0 0 0 0 0 0 0 0 0 0 0 0 0 0 0 0 0 0 0
0 0 0 0 0 0 0 0 0 0 0 0 0 0 0 0 0 0 0 0 0 0 0 0
##$SHL_GCOCOEFFS6= (0..59)
0 0 0 0 0 0 0 0 0 0 0 0 0 0 0 0 0 0 0 0 0 0 0 0 0 0 0 0 0 0 0 0 0 0 0 0
0 0 0 0 0 0 0 0 0 0 0 0 0 0 0 0 0 0 0 0 0 0 0 0
##$SHL_GCOCOEFFS7= (0..59)
0 0 0 0 0 0 0 0 0 0 0 0 0 0 0 0 0 0 0 0 0 0 0 0 0 0 0 0 0 0 0 0 0 0 0 0
0 0 0 0 0 0 0 0 0 0 0 0 0 0 0 0 0 0 0 0 0 0 0 0
##$SHL_GCOCOEFFS8= (0..59)
0 0 0 0 0 0 0 0 0 0 0 0 0 0 0 0 0 0 0 0 0 0 0 0 0 0 0 0 0 0 0 0 0 0 0 0
0 0 0 0 0 0 0 0 0 0 0 0 0 0 0 0 0 0 0 0 0 0 0 0
##$SHL_GCOCOEFFS9= (0..59)
0 0 0 0 0 0 0 0 0 0 0 0 0 0 0 0 0 0 0 0 0 0 0 0 0 0 0 0 0 0 0 0 0 0 0 0
0 0 0 0 0 0 0 0 0 0 0 0 0 0 0 0 0 0 0 0 0 0 0 0
##$SHL_INTEGFAC= (0..15)
1 0 0 0 0 0 0 0 0 0 0 0 0 0 0 0
##$SHL_LB= (0..15)
0 0 0 0 0 0 0 0 0 0 0 0 0 0 0 0
##$SHL_LEFTLIMIT= (0..15)
0 0 0 0 0 0 0 0 0 0 0 0 0 0 0 0
##$SHL_LENGTH= (0..15)
25000.000373 0 0 0 0 0 0 0 0 0 0 0 0 0 0 0
##$SHL_MAN= (0..15)
<> <> <> <> <> <> <> <> <> <> <> <> <> <> <> <>
##$SHL_MEANAMP= (0..15)
0 0 0 0 0 0 0 0 0 0 0 0 0 0 0 0
##$SHL_MODAMP= (0..15)
0 0 0 0 0 0 0 0 0 0 0 0 0 0 0 0
##$SHL_MODE= (0..15)
0 0 0 0 0 0 0 0 0 0 0 0 0 0 0 0
##$SHL_MODFREQ= (0..15)
0 0 0 0 0 0 0 0 0 0 0 0 0 0 0 0
##$SHL_MODPHASE= (0..15)
0 0 0 0 0 0 0 0 0 0 0 0 0 0 0 0
##$SHL_MODSCALE= (0..15)
0 0 0 0 0 0 0 0 0 0 0 0 0 0 0 0
##$SHL_MODSW= (0..15)
0 0 0 0 0 0 0 0 0 0 0 0 0 0 0 0
##$SHL_MODSWDIR= (0..15)
-1 -1 -1 -1 -1 -1 -1 -1 -1 -1 -1 -1 -1 -1 -1 -1
##$SHL_MU= (0..15)
0 0 0 0 0 0 0 0 0 0 0 0 0 0 0 0
##$SHL_NPOINTS= (0..15)
1250 0 0 0 0 0 0 0 0 0 0 0 0 0 0 0
##$SHL_OFFS= (0..15)
<> <> <> <> <> <> <> <> <> <> <> <> <> <> <> <>
##$SHL_OFFSCOEFF0= (0..95)
0 0 0 0 0 0 0 0 0 0 0 0 0 0 0 0 0 0 0 0 0 0 0 0 0 0 0 0 0 0 0 0 0 0 0 0
0 0 0 0 0 0 0 0 0 0 0 0 0 0 0 0 0 0 0 0 0 0 0 0 0 0 0 0 0 0 0 0 0 0 0 0
0 0 0 0 0 0 0 0 0 0 0 0 0 0 0 0 0 0 0 0 0 0 0 0
##$SHL_OFFSCOEFF1= (0..95)
0 0 0 0 0 0 0 0 0 0 0 0 0 0 0 0 0 0 0 0 0 0 0 0 0 0 0 0 0 0 0 0 0 0 0 0
0 0 0 0 0 0 0 0 0 0 0 0 0 0 0 0 0 0 0 0 0 0 0 0 0 0 0 0 0 0 0 0 0 0 0 0
0 0 0 0 0 0 0 0 0 0 0 0 0 0 0 0 0 0 0 0 0 0 0 0
##$SHL_OFFSCOEFF10= (0..95)
0 0 0 0 0 0 0 0 0 0 0 0 0 0 0 0 0 0 0 0 0 0 0 0 0 0 0 0 0 0 0 0 0 0 0 0
0 0 0 0 0 0 0 0 0 0 0 0 0 0 0 0 0 0 0 0 0 0 0 0 0 0 0 0 0 0 0 0 0 0 0 0
0 0 0 0 0 0 0 0 0 0 0 0 0 0 0 0 0 0 0 0 0 0 0 0
##$SHL_OFFSCOEFF11= (0..95)
0 0 0 0 0 0 0 0 0 0 0 0 0 0 0 0 0 0 0 0 0 0 0 0 0 0 0 0 0 0 0 0 0 0 0 0
0 0 0 0 0 0 0 0 0 0 0 0 0 0 0 0 0 0 0 0 0 0 0 0 0 0 0 0 0 0 0 0 0 0 0 0
0 0 0 0 0 0 0 0 0 0 0 0 0 0 0 0 0 0 0 0 0 0 0 0
##$SHL_OFFSCOEFF12= (0..95)
0 0 0 0 0 0 0 0 0 0 0 0 0 0 0 0 0 0 0 0 0 0 0 0 0 0 0 0 0 0 0 0 0 0 0 0
0 0 0 0 0 0 0 0 0 0 0 0 0 0 0 0 0 0 0 0 0 0 0 0 0 0 0 0 0 0 0 0 0 0 0 0
0 0 0 0 0 0 0 0 0 0 0 0 0 0 0 0 0 0 0 0 0 0 0 0
##$SHL_OFFSCOEFF13= (0..95)
0 0 0 0 0 0 0 0 0 0 0 0 0 0 0 0 0 0 0 0 0 0 0 0 0 0 0 0 0 0 0 0 0 0 0 0
0 0 0 0 0 0 0 0 0 0 0 0 0 0 0 0 0 0 0 0 0 0 0 0 0 0 0 0 0 0 0 0 0 0 0 0
0 0 0 0 0 0 0 0 0 0 0 0 0 0 0 0 0 0 0 0 0 0 0 0
##$SHL_OFFSCOEFF14= (0..95)
0 0 0 0 0 0 0 0 0 0 0 0 0 0 0 0 0 0 0 0 0 0 0 0 0 0 0 0 0 0 0 0 0 0 0 0
0 0 0 0 0 0 0 0 0 0 0 0 0 0 0 0 0 0 0 0 0 0 0 0 0 0 0 0 0 0 0 0 0 0 0 0
0 0 0 0 0 0 0 0 0 0 0 0 0 0 0 0 0 0 0 0 0 0 0 0
##$SHL_OFFSCOEFF15= (0..95)
0 0 0 0 0 0 0 0 0 0 0 0 0 0 0 0 0 0 0 0 0 0 0 0 0 0 0 0 0 0 0 0 0 0 0 0
0 0 0 0 0 0 0 0 0 0 0 0 0 0 0 0 0 0 0 0 0 0 0 0 0 0 0 0 0 0 0 0 0 0 0 0
0 0 0 0 0 0 0 0 0 0 0 0 0 0 0 0 0 0 0 0 0 0 0 0
##$SHL_OFFSCOEFF2= (0..95)
0 0 0 0 0 0 0 0 0 0 0 0 0 0 0 0 0 0 0 0 0 0 0 0 0 0 0 0 0 0 0 0 0 0 0 0
0 0 0 0 0 0 0 0 0 0 0 0 0 0 0 0 0 0 0 0 0 0 0 0 0 0 0 0 0 0 0 0 0 0 0 0
0 0 0 0 0 0 0 0 0 0 0 0 0 0 0 0 0 0 0 0 0 0 0 0
##$SHL_OFFSCOEFF3= (0..95)
0 0 0 0 0 0 0 0 0 0 0 0 0 0 0 0 0 0 0 0 0 0 0 0 0 0 0 0 0 0 0 0 0 0 0 0
0 0 0 0 0 0 0 0 0 0 0 0 0 0 0 0 0 0 0 0 0 0 0 0 0 0 0 0 0 0 0 0 0 0 0 0
0 0 0 0 0 0 0 0 0 0 0 0 0 0 0 0 0 0 0 0 0 0 0 0
##$SHL_OFFSCOEFF4= (0..95)
0 0 0 0 0 0 0 0 0 0 0 0 0 0 0 0 0 0 0 0 0 0 0 0 0 0 0 0 0 0 0 0 0 0 0 0
0 0 0 0 0 0 0 0 0 0 0 0 0 0 0 0 0 0 0 0 0 0 0 0 0 0 0 0 0 0 0 0 0 0 0 0
0 0 0 0 0 0 0 0 0 0 0 0 0 0 0 0 0 0 0 0 0 0 0 0
##$SHL_OFFSCOEFF5= (0..95)
0 0 0 0 0 0 0 0 0 0 0 0 0 0 0 0 0 0 0 0 0 0 0 0 0 0 0 0 0 0 0 0 0 0 0 0
0 0 0 0 0 0 0 0 0 0 0 0 0 0 0 0 0 0 0 0 0 0 0 0 0 0 0 0 0 0 0 0 0 0 0 0
0 0 0 0 0 0 0 0 0 0 0 0 0 0 0 0 0 0 0 0 0 0 0 0
##$SHL_OFFSCOEFF6= (0..95)
0 0 0 0 0 0 0 0 0 0 0 0 0 0 0 0 0 0 0 0 0 0 0 0 0 0 0 0 0 0 0 0 0 0 0 0
0 0 0 0 0 0 0 0 0 0 0 0 0 0 0 0 0 0 0 0 0 0 0 0 0 0 0 0 0 0 0 0 0 0 0 0
0 0 0 0 0 0 0 0 0 0 0 0 0 0 0 0 0 0 0 0 0 0 0 0
##$SHL_OFFSCOEFF7= (0..95)
0 0 0 0 0 0 0 0 0 0 0 0 0 0 0 0 0 0 0 0 0 0 0 0 0 0 0 0 0 0 0 0 0 0 0 0
0 0 0 0 0 0 0 0 0 0 0 0 0 0 0 0 0 0 0 0 0 0 0 0 0 0 0 0 0 0 0 0 0 0 0 0
0 0 0 0 0 0 0 0 0 0 0 0 0 0 0 0 0 0 0 0 0 0 0 0
##$SHL_OFFSCOEFF8= (0..95)
0 0 0 0 0 0 0 0 0 0 0 0 0 0 0 0 0 0 0 0 0 0 0 0 0 0 0 0 0 0 0 0 0 0 0 0
0 0 0 0 0 0 0 0 0 0 0 0 0 0 0 0 0 0 0 0 0 0 0 0 0 0 0 0 0 0 0 0 0 0 0 0
0 0 0 0 0 0 0 0 0 0 0 0 0 0 0 0 0 0 0 0 0 0 0 0
##$SHL_OFFSCOEFF9= (0..95)
0 0 0 0 0 0 0 0 0 0 0 0 0 0 0 0 0 0 0 0 0 0 0 0 0 0 0 0 0 0 0 0 0 0 0 0
0 0 0 0 0 0 0 0 0 0 0 0 0 0 0 0 0 0 0 0 0 0 0 0 0 0 0 0 0 0 0 0 0 0 0 0
0 0 0 0 0 0 0 0 0 0 0 0 0 0 0 0 0 0 0 0 0 0 0 0
##$SHL_PHASE= (0..15)
0 0 0 0 0 0 0 0 0 0 0 0 0 0 0 0
##$SHL_PHASEFAC= (0..15)
0 0 0 0 0 0 0 0 0 0 0 0 0 0 0 0
##$SHL_POWERINDEX= (0..15)
0 0 0 0 0 0 0 0 0 0 0 0 0 0 0 0
##$SHL_QUADCOEFF= (0..15)
0 0 0 0 0 0 0 0 0 0 0 0 0 0 0 0
##$SHL_RIGHTLIMIT= (0..15)
0 0 0 0 0 0 0 0 0 0 0 0 0 0 0 0
##$SHL_SCALEFACTOR= (0..15)
1 1 1 1 1 1 1 1 1 1 1 1 1 1 1 1
##$SHL_SF= (0..15)
<> <> <> <> <> <> <> <> <> <> <> <> <> <> <> <>
##$SHL_SFCOEFFS0= (0..200)
0 0 0 0 0 0 0 0 0 0 0 0 0 0 0 0 0 0 0 0 0 0 0 0 0 0 0 0 0 0 0 0 0 0 0 0
0 0 0 0 0 0 0 0 0 0 0 0 0 0 0 0 0 0 0 0 0 0 0 0 0 0 0 0 0 0 0 0 0 0 0 0
0 0 0 0 0 0 0 0 0 0 0 0 0 0 0 0 0 0 0 0 0 0 0 0 0 0 0 0 0 0 0 0 0 0 0 0
0 0 0 0 0 0 0 0 0 0 0 0 0 0 0 0 0 0 0 0 0 0 0 0 0 0 0 0 0 0 0 0 0 0 0 0
0 0 0 0 0 0 0 0 0 0 0 0 0 0 0 0 0 0 0 0 0 0 0 0 0 0 0 0 0 0 0 0 0 0 0 0
0 0 0 0 0 0 0 0 0 0 0 0 0 0 0 0 0 0 0 0 0
##$SHL_SFCOEFFS1= (0..200)
0 0 0 0 0 0 0 0 0 0 0 0 0 0 0 0 0 0 0 0 0 0 0 0 0 0 0 0 0 0 0 0 0 0 0 0
0 0 0 0 0 0 0 0 0 0 0 0 0 0 0 0 0 0 0 0 0 0 0 0 0 0 0 0 0 0 0 0 0 0 0 0
0 0 0 0 0 0 0 0 0 0 0 0 0 0 0 0 0 0 0 0 0 0 0 0 0 0 0 0 0 0 0 0 0 0 0 0
0 0 0 0 0 0 0 0 0 0 0 0 0 0 0 0 0 0 0 0 0 0 0 0 0 0 0 0 0 0 0 0 0 0 0 0
0 0 0 0 0 0 0 0 0 0 0 0 0 0 0 0 0 0 0 0 0 0 0 0 0 0 0 0 0 0 0 0 0 0 0 0
0 0 0 0 0 0 0 0 0 0 0 0 0 0 0 0 0 0 0 0 0
##$SHL_SFCOEFFS10= (0..200)
0 0 0 0 0 0 0 0 0 0 0 0 0 0 0 0 0 0 0 0 0 0 0 0 0 0 0 0 0 0 0 0 0 0 0 0
0 0 0 0 0 0 0 0 0 0 0 0 0 0 0 0 0 0 0 0 0 0 0 0 0 0 0 0 0 0 0 0 0 0 0 0
0 0 0 0 0 0 0 0 0 0 0 0 0 0 0 0 0 0 0 0 0 0 0 0 0 0 0 0 0 0 0 0 0 0 0 0
0 0 0 0 0 0 0 0 0 0 0 0 0 0 0 0 0 0 0 0 0 0 0 0 0 0 0 0 0 0 0 0 0 0 0 0
0 0 0 0 0 0 0 0 0 0 0 0 0 0 0 0 0 0 0 0 0 0 0 0 0 0 0 0 0 0 0 0 0 0 0 0
0 0 0 0 0 0 0 0 0 0 0 0 0 0 0 0 0 0 0 0 0
##$SHL_SFCOEFFS11= (0..200)
0 0 0 0 0 0 0 0 0 0 0 0 0 0 0 0 0 0 0 0 0 0 0 0 0 0 0 0 0 0 0 0 0 0 0 0
0 0 0 0 0 0 0 0 0 0 0 0 0 0 0 0 0 0 0 0 0 0 0 0 0 0 0 0 0 0 0 0 0 0 0 0
0 0 0 0 0 0 0 0 0 0 0 0 0 0 0 0 0 0 0 0 0 0 0 0 0 0 0 0 0 0 0 0 0 0 0 0
0 0 0 0 0 0 0 0 0 0 0 0 0 0 0 0 0 0 0 0 0 0 0 0 0 0 0 0 0 0 0 0 0 0 0 0
0 0 0 0 0 0 0 0 0 0 0 0 0 0 0 0 0 0 0 0 0 0 0 0 0 0 0 0 0 0 0 0 0 0 0 0
0 0 0 0 0 0 0 0 0 0 0 0 0 0 0 0 0 0 0 0 0
##$SHL_SFCOEFFS12= (0..200)
0 0 0 0 0 0 0 0 0 0 0 0 0 0 0 0 0 0 0 0 0 0 0 0 0 0 0 0 0 0 0 0 0 0 0 0
0 0 0 0 0 0 0 0 0 0 0 0 0 0 0 0 0 0 0 0 0 0 0 0 0 0 0 0 0 0 0 0 0 0 0 0
0 0 0 0 0 0 0 0 0 0 0 0 0 0 0 0 0 0 0 0 0 0 0 0 0 0 0 0 0 0 0 0 0 0 0 0
0 0 0 0 0 0 0 0 0 0 0 0 0 0 0 0 0 0 0 0 0 0 0 0 0 0 0 0 0 0 0 0 0 0 0 0
0 0 0 0 0 0 0 0 0 0 0 0 0 0 0 0 0 0 0 0 0 0 0 0 0 0 0 0 0 0 0 0 0 0 0 0
0 0 0 0 0 0 0 0 0 0 0 0 0 0 0 0 0 0 0 0 0
##$SHL_SFCOEFFS13= (0..200)
0 0 0 0 0 0 0 0 0 0 0 0 0 0 0 0 0 0 0 0 0 0 0 0 0 0 0 0 0 0 0 0 0 0 0 0
0 0 0 0 0 0 0 0 0 0 0 0 0 0 0 0 0 0 0 0 0 0 0 0 0 0 0 0 0 0 0 0 0 0 0 0
0 0 0 0 0 0 0 0 0 0 0 0 0 0 0 0 0 0 0 0 0 0 0 0 0 0 0 0 0 0 0 0 0 0 0 0
0 0 0 0 0 0 0 0 0 0 0 0 0 0 0 0 0 0 0 0 0 0 0 0 0 0 0 0 0 0 0 0 0 0 0 0
0 0 0 0 0 0 0 0 0 0 0 0 0 0 0 0 0 0 0 0 0 0 0 0 0 0 0 0 0 0 0 0 0 0 0 0
0 0 0 0 0 0 0 0 0 0 0 0 0 0 0 0 0 0 0 0 0
##$SHL_SFCOEFFS14= (0..200)
0 0 0 0 0 0 0 0 0 0 0 0 0 0 0 0 0 0 0 0 0 0 0 0 0 0 0 0 0 0 0 0 0 0 0 0
0 0 0 0 0 0 0 0 0 0 0 0 0 0 0 0 0 0 0 0 0 0 0 0 0 0 0 0 0 0 0 0 0 0 0 0
0 0 0 0 0 0 0 0 0 0 0 0 0 0 0 0 0 0 0 0 0 0 0 0 0 0 0 0 0 0 0 0 0 0 0 0
0 0 0 0 0 0 0 0 0 0 0 0 0 0 0 0 0 0 0 0 0 0 0 0 0 0 0 0 0 0 0 0 0 0 0 0
0 0 0 0 0 0 0 0 0 0 0 0 0 0 0 0 0 0 0 0 0 0 0 0 0 0 0 0 0 0 0 0 0 0 0 0
0 0 0 0 0 0 0 0 0 0 0 0 0 0 0 0 0 0 0 0 0
##$SHL_SFCOEFFS15= (0..200)
0 0 0 0 0 0 0 0 0 0 0 0 0 0 0 0 0 0 0 0 0 0 0 0 0 0 0 0 0 0 0 0 0 0 0 0
0 0 0 0 0 0 0 0 0 0 0 0 0 0 0 0 0 0 0 0 0 0 0 0 0 0 0 0 0 0 0 0 0 0 0 0
0 0 0 0 0 0 0 0 0 0 0 0 0 0 0 0 0 0 0 0 0 0 0 0 0 0 0 0 0 0 0 0 0 0 0 0
0 0 0 0 0 0 0 0 0 0 0 0 0 0 0 0 0 0 0 0 0 0 0 0 0 0 0 0 0 0 0 0 0 0 0 0
0 0 0 0 0 0 0 0 0 0 0 0 0 0 0 0 0 0 0 0 0 0 0 0 0 0 0 0 0 0 0 0 0 0 0 0
0 0 0 0 0 0 0 0 0 0 0 0 0 0 0 0 0 0 0 0 0
##$SHL_SFCOEFFS2= (0..200)
0 0 0 0 0 0 0 0 0 0 0 0 0 0 0 0 0 0 0 0 0 0 0 0 0 0 0 0 0 0 0 0 0 0 0 0
0 0 0 0 0 0 0 0 0 0 0 0 0 0 0 0 0 0 0 0 0 0 0 0 0 0 0 0 0 0 0 0 0 0 0 0
0 0 0 0 0 0 0 0 0 0 0 0 0 0 0 0 0 0 0 0 0 0 0 0 0 0 0 0 0 0 0 0 0 0 0 0
0 0 0 0 0 0 0 0 0 0 0 0 0 0 0 0 0 0 0 0 0 0 0 0 0 0 0 0 0 0 0 0 0 0 0 0
0 0 0 0 0 0 0 0 0 0 0 0 0 0 0 0 0 0 0 0 0 0 0 0 0 0 0 0 0 0 0 0 0 0 0 0
0 0 0 0 0 0 0 0 0 0 0 0 0 0 0 0 0 0 0 0 0
##$SHL_SFCOEFFS3= (0..200)
0 0 0 0 0 0 0 0 0 0 0 0 0 0 0 0 0 0 0 0 0 0 0 0 0 0 0 0 0 0 0 0 0 0 0 0
0 0 0 0 0 0 0 0 0 0 0 0 0 0 0 0 0 0 0 0 0 0 0 0 0 0 0 0 0 0 0 0 0 0 0 0
0 0 0 0 0 0 0 0 0 0 0 0 0 0 0 0 0 0 0 0 0 0 0 0 0 0 0 0 0 0 0 0 0 0 0 0
0 0 0 0 0 0 0 0 0 0 0 0 0 0 0 0 0 0 0 0 0 0 0 0 0 0 0 0 0 0 0 0 0 0 0 0
0 0 0 0 0 0 0 0 0 0 0 0 0 0 0 0 0 0 0 0 0 0 0 0 0 0 0 0 0 0 0 0 0 0 0 0
0 0 0 0 0 0 0 0 0 0 0 0 0 0 0 0 0 0 0 0 0
##$SHL_SFCOEFFS4= (0..200)
0 0 0 0 0 0 0 0 0 0 0 0 0 0 0 0 0 0 0 0 0 0 0 0 0 0 0 0 0 0 0 0 0 0 0 0
0 0 0 0 0 0 0 0 0 0 0 0 0 0 0 0 0 0 0 0 0 0 0 0 0 0 0 0 0 0 0 0 0 0 0 0
0 0 0 0 0 0 0 0 0 0 0 0 0 0 0 0 0 0 0 0 0 0 0 0 0 0 0 0 0 0 0 0 0 0 0 0
0 0 0 0 0 0 0 0 0 0 0 0 0 0 0 0 0 0 0 0 0 0 0 0 0 0 0 0 0 0 0 0 0 0 0 0
0 0 0 0 0 0 0 0 0 0 0 0 0 0 0 0 0 0 0 0 0 0 0 0 0 0 0 0 0 0 0 0 0 0 0 0
0 0 0 0 0 0 0 0 0 0 0 0 0 0 0 0 0 0 0 0 0
##$SHL_SFCOEFFS5= (0..200)
0 0 0 0 0 0 0 0 0 0 0 0 0 0 0 0 0 0 0 0 0 0 0 0 0 0 0 0 0 0 0 0 0 0 0 0
0 0 0 0 0 0 0 0 0 0 0 0 0 0 0 0 0 0 0 0 0 0 0 0 0 0 0 0 0 0 0 0 0 0 0 0
0 0 0 0 0 0 0 0 0 0 0 0 0 0 0 0 0 0 0 0 0 0 0 0 0 0 0 0 0 0 0 0 0 0 0 0
0 0 0 0 0 0 0 0 0 0 0 0 0 0 0 0 0 0 0 0 0 0 0 0 0 0 0 0 0 0 0 0 0 0 0 0
0 0 0 0 0 0 0 0 0 0 0 0 0 0 0 0 0 0 0 0 0 0 0 0 0 0 0 0 0 0 0 0 0 0 0 0
0 0 0 0 0 0 0 0 0 0 0 0 0 0 0 0 0 0 0 0 0
##$SHL_SFCOEFFS6= (0..200)
0 0 0 0 0 0 0 0 0 0 0 0 0 0 0 0 0 0 0 0 0 0 0 0 0 0 0 0 0 0 0 0 0 0 0 0
0 0 0 0 0 0 0 0 0 0 0 0 0 0 0 0 0 0 0 0 0 0 0 0 0 0 0 0 0 0 0 0 0 0 0 0
0 0 0 0 0 0 0 0 0 0 0 0 0 0 0 0 0 0 0 0 0 0 0 0 0 0 0 0 0 0 0 0 0 0 0 0
0 0 0 0 0 0 0 0 0 0 0 0 0 0 0 0 0 0 0 0 0 0 0 0 0 0 0 0 0 0 0 0 0 0 0 0
0 0 0 0 0 0 0 0 0 0 0 0 0 0 0 0 0 0 0 0 0 0 0 0 0 0 0 0 0 0 0 0 0 0 0 0
0 0 0 0 0 0 0 0 0 0 0 0 0 0 0 0 0 0 0 0 0
##$SHL_SFCOEFFS7= (0..200)
0 0 0 0 0 0 0 0 0 0 0 0 0 0 0 0 0 0 0 0 0 0 0 0 0 0 0 0 0 0 0 0 0 0 0 0
0 0 0 0 0 0 0 0 0 0 0 0 0 0 0 0 0 0 0 0 0 0 0 0 0 0 0 0 0 0 0 0 0 0 0 0
0 0 0 0 0 0 0 0 0 0 0 0 0 0 0 0 0 0 0 0 0 0 0 0 0 0 0 0 0 0 0 0 0 0 0 0
0 0 0 0 0 0 0 0 0 0 0 0 0 0 0 0 0 0 0 0 0 0 0 0 0 0 0 0 0 0 0 0 0 0 0 0
0 0 0 0 0 0 0 0 0 0 0 0 0 0 0 0 0 0 0 0 0 0 0 0 0 0 0 0 0 0 0 0 0 0 0 0
0 0 0 0 0 0 0 0 0 0 0 0 0 0 0 0 0 0 0 0 0
##$SHL_SFCOEFFS8= (0..200)
0 0 0 0 0 0 0 0 0 0 0 0 0 0 0 0 0 0 0 0 0 0 0 0 0 0 0 0 0 0 0 0 0 0 0 0
0 0 0 0 0 0 0 0 0 0 0 0 0 0 0 0 0 0 0 0 0 0 0 0 0 0 0 0 0 0 0 0 0 0 0 0
0 0 0 0 0 0 0 0 0 0 0 0 0 0 0 0 0 0 0 0 0 0 0 0 0 0 0 0 0 0 0 0 0 0 0 0
0 0 0 0 0 0 0 0 0 0 0 0 0 0 0 0 0 0 0 0 0 0 0 0 0 0 0 0 0 0 0 0 0 0 0 0
0 0 0 0 0 0 0 0 0 0 0 0 0 0 0 0 0 0 0 0 0 0 0 0 0 0 0 0 0 0 0 0 0 0 0 0
0 0 0 0 0 0 0 0 0 0 0 0 0 0 0 0 0 0 0 0 0
##$SHL_SFCOEFFS9= (0..200)
0 0 0 0 0 0 0 0 0 0 0 0 0 0 0 0 0 0 0 0 0 0 0 0 0 0 0 0 0 0 0 0 0 0 0 0
0 0 0 0 0 0 0 0 0 0 0 0 0 0 0 0 0 0 0 0 0 0 0 0 0 0 0 0 0 0 0 0 0 0 0 0
0 0 0 0 0 0 0 0 0 0 0 0 0 0 0 0 0 0 0 0 0 0 0 0 0 0 0 0 0 0 0 0 0 0 0 0
0 0 0 0 0 0 0 0 0 0 0 0 0 0 0 0 0 0 0 0 0 0 0 0 0 0 0 0 0 0 0 0 0 0 0 0
0 0 0 0 0 0 0 0 0 0 0 0 0 0 0 0 0 0 0 0 0 0 0 0 0 0 0 0 0 0 0 0 0 0 0 0
0 0 0 0 0 0 0 0 0 0 0 0 0 0 0 0 0 0 0 0 0
##$SHL_SMOOTHED= (0..15)
0 0 0 0 0 0 0 0 0 0 0 0 0 0 0 0
##$SHL_SMOOTHING= (0..15)
0 0 0 0 0 0 0 0 0 0 0 0 0 0 0 0
##$SHL_SPOAL= (0..15)
0 0 0 0 0 0 0 0 0 0 0 0 0 0 0 0
##$SHL_SPOFFS= (0..15)
0 0 0 0 0 0 0 0 0 0 0 0 0 0 0 0
##$SHL_SPOPH= (0..15)
0 0 0 0 0 0 0 0 0 0 0 0 0 0 0 0
##$SHL_STARTAMP= (0..15)
0 0 0 0 0 0 0 0 0 0 0 0 0 0 0 0
##$SHL_SW= (0..15)
0 0 0 0 0 0 0 0 0 0 0 0 0 0 0 0
##$SHL_SWDIR= (0..15)
-1 -1 -1 -1 -1 -1 -1 -1 -1 -1 -1 -1 -1 -1 -1 -1
##$SHL_TANKAPPA= (0..15)
0 0 0 0 0 0 0 0 0 0 0 0 0 0 0 0
##$SHL_TOTROT= (0..15)
90 0 0 0 0 0 0 0 0 0 0 0 0 0 0 0
##$SHL_TRUNCLEV= (0..15)
0 0 0 0 0 0 0 0 0 0 0 0 0 0 0 0
##$SHL_TYPE= (0..15)
<Excitation> <> <> <> <> <> <> <> <> <> <> <> <> <> <> <>
##$SHL_WINDOWSIZE= (0..15)
0 0 0 0 0 0 0 0 0 0 0 0 0 0 0 0
##$SHL_ZETA= (0..15)
0 0 0 0 0 0 0 0 0 0 0 0 0 0 0 0
##NPOINTS= 1250
##XYPOINTS= (XY..XY)
100.000000, 242.307362
100.000000, 241.919360
100.000000, 241.531358
100.000000, 241.143355
100.000000, 240.755353
100.000000, 240.367351
100.000000, 239.979349
100.000000, 239.591347
100.000000, 239.203345
100.000000, 238.815342
100.000000, 238.427340
100.000000, 238.039338
100.000000, 237.651336
100.000000, 237.263334
100.000000, 236.875331
100.000000, 236.487329
100.000000, 236.099327
100.000000, 235.711325
100.000000, 235.323323
100.000000, 234.935321
100.000000, 234.547318
100.000000, 234.159316
100.000000, 233.771314
100.000000, 233.383312
100.000000, 232.995310
100.000000, 232.607308
100.000000, 232.219305
100.000000, 231.831303
100.000000, 231.443301
100.000000, 231.055299
100.000000, 230.667297
100.000000, 230.279294
100.000000, 229.891292
100.000000, 229.503290
100.000000, 229.115288
100.000000, 228.727286
100.000000, 228.339284
100.000000, 227.951281
100.000000, 227.563279
100.000000, 227.175277
100.000000, 226.787275
100.000000, 226.399273
100.000000, 226.011270
100.000000, 225.623268
100.000000, 225.235266
100.000000, 224.847264
100.000000, 224.459262
100.000000, 224.071260
100.000000, 223.683257
100.000000, 223.295255
100.000000, 222.907253
100.000000, 222.519251
100.000000, 222.131249
100.000000, 221.743246
100.000000, 221.355244
100.000000, 220.967242
100.000000, 220.579240
100.000000, 220.191238
100.000000, 219.803236
100.000000, 219.415233
100.000000, 219.027231
100.000000, 218.639229
100.000000, 218.251227
100.000000, 217.863225
100.000000, 217.475222
100.000000, 217.087220
100.000000, 216.699218
100.000000, 216.311216
100.000000, 215.923214
100.000000, 215.535212
100.000000, 215.147209
100.000000, 214.759207
100.000000, 214.371205
100.000000, 213.983203
100.000000, 213.595201
100.000000, 213.207198
100.000000, 212.819196
100.000000, 212.431194
100.000000, 212.043192
100.000000, 211.655190
100.000000, 211.267188
100.000000, 210.879185
100.000000, 210.491183
100.000000, 210.103181
100.000000, 209.715179
100.000000, 209.327177
100.000000, 208.939174
100.000000, 208.551172
100.000000, 208.163170
100.000000, 207.775168
100.000000, 207.387166
100.000000, 206.999164
100.000000, 206.611161
100.000000, 206.223159
100.000000, 205.835157
100.000000, 205.447155
100.000000, 205.059153
100.000000, 204.671150
100.000000, 204.283148
100.000000, 203.895146
100.000000, 203.507144
100.000000, 203.119142
100.000000, 202.731140
100.000000, 202.343137
100.000000, 201.955135
100.000000, 201.567133
100.000000, 201.179131
100.000000, 200.791129
100.000000, 200.403126
100.000000, 200.015124
100.000000, 199.627122
100.000000, 199.239120
100.000000, 198.851118
100.000000, 198.463116
100.000000, 198.075113
100.000000, 197.687111
100.000000, 197.299109
100.000000, 196.911107
100.000000, 196.523105
100.000000, 196.135102
100.000000, 195.747100
100.000000, 195.359098
100.000000, 194.971096
100.000000, 194.583094
100.000000, 194.195092
100.000000, 193.807089
100.000000, 193.419087
100.000000, 193.031085
100.000000, 192.643083
100.000000, 192.255081
100.000000, 191.867078
100.000000, 191.479076
100.000000, 191.091074
100.000000, 190.703072
100.000000, 190.315070
100.000000, 189.927068
100.000000, 189.539065
100.000000, 189.151063
100.000000, 188.763061
100.000000, 188.375059
100.000000, 187.987057
100.000000, 187.599055
100.000000, 187.211052
100.000000, 186.823050
100.000000, 186.435048
100.000000, 186.047046
100.000000, 185.659044
100.000000, 185.271041
100.000000, 184.883039
100.000000, 184.495037
100.000000, 184.107035
100.000000, 183.719033
100.000000, 183.331031
100.000000, 182.943028
100.000000, 182.555026
100.000000, 182.167024
100.000000, 181.779022
100.000000, 181.391020
100.000000, 181.003017
100.000000, 180.615015
100.000000, 180.227013
100.000000, 179.839011
100.000000, 179.451009
100.000000, 179.063007
100.000000, 178.675004
100.000000, 178.287002
100.000000, 177.899000
100.000000, 177.510998
100.000000, 177.122996
100.000000, 176.734993
100.000000, 176.346991
100.000000, 175.958989
100.000000, 175.570987
100.000000, 175.182985
100.000000, 174.794983
100.000000, 174.406980
100.000000, 174.018978
100.000000, 173.630976
100.000000, 173.242974
100.000000, 172.854972
100.000000, 172.466969
100.000000, 172.078967
100.000000, 171.690965
100.000000, 171.302963
100.000000, 170.914961
100.000000, 170.526959
100.000000, 170.138956
100.000000, 169.750954
100.000000, 169.362952
100.000000, 168.974950
100.000000, 168.586948
100.000000, 168.198945
100.000000, 167.810943
100.000000, 167.422941
100.000000, 167.034939
100.000000, 166.646937
100.000000, 166.258935
100.000000, 165.870932
100.000000, 165.482930
100.000000, 165.094928
100.000000, 164.706926
100.000000, 164.318924
100.000000, 163.930921
100.000000, 163.542919
100.000000, 163.154917
100.000000, 162.766915
100.000000, 162.378913
100.000000, 161.990911
100.000000, 161.602908
100.000000, 161.214906
100.000000, 160.826904
100.000000, 160.438902
100.000000, 160.050900
100.000000, 159.662897
100.000000, 159.274895
100.000000, 158.886893
100.000000, 158.498891
100.000000, 158.110889
100.000000, 157.722887
100.000000, 157.334884
100.000000, 156.946882
100.000000, 156.558880
100.000000, 156.170878
100.000000, 155.782876
100.000000, 155.394873
100.000000, 155.006871
100.000000, 154.618869
100.000000, 154.230867
100.000000, 153.842865
100.000000, 153.454863
100.000000, 153.066860
100.000000, 152.678858
100.000000, 152.290856
100.000000, 151.902854
100.000000, 151.514852
100.000000, 151.126849
100.000000, 150.738847
100.000000, 150.350845
100.000000, 149.962843
100.000000, 149.574841
100.000000, 149.186839
100.000000, 148.798836
100.000000, 148.410834
100.000000, 148.022832
100.000000, 147.634830
100.000000, 147.246828
100.000000, 146.858826
100.000000, 146.470823
100.000000, 146.082821
100.000000, 145.694819
100.000000, 145.306817
100.000000, 144.918815
100.000000, 144.530812
100.000000, 144.142810
100.000000, 143.754808
100.000000, 143.366806
100.000000, 142.978804
100.000000, 142.590802
100.000000, 142.202799
100.000000, 141.814797
100.000000, 141.426795
100.000000, 141.038793
100.000000, 140.650791
100.000000, 140.262788
100.000000, 139.874786
100.000000, 139.486784
100.000000, 139.098782
100.000000, 138.710780
100.000000, 138.322778
100.000000, 137.934775
100.000000, 137.546773
100.000000, 137.158771
100.000000, 136.770769
100.000000, 136.382767
100.000000, 135.994764
100.000000, 135.606762
100.000000, 135.218760
100.000000, 134.830758
100.000000, 134.442756
100.000000, 134.054754
100.000000, 133.666751
100.000000, 133.278749
100.000000, 132.890747
100.000000, 132.502745
100.000000, 132.114743
100.000000, 131.726740
100.000000, 131.338738
100.000000, 130.950736
100.000000, 130.562734
100.000000, 130.174732
100.000000, 129.786730
100.000000, 129.398727
100.000000, 129.010725
100.000000, 128.622723
100.000000, 128.234721
100.000000, 127.846719
100.000000, 127.458716
100.000000, 127.070714
100.000000, 126.682712
100.000000, 126.294710
100.000000, 125.906708
100.000000, 125.518706
100.000000, 125.130703
100.000000, 124.742701
100.000000, 124.354699
100.000000, 123.966697
100.000000, 123.578695
100.000000, 123.190692
100.000000, 122.802690
100.000000, 122.414688
100.000000, 122.026686
100.000000, 121.638684
100.000000, 121.250682
100.000000, 120.862679
100.000000, 120.474677
100.000000, 120.086675
100.000000, 119.698673
100.000000, 119.310671
100.000000, 118.922668
100.000000, 118.534666
100.000000, 118.146664
100.000000, 117.758662
100.000000, 117.370660
100.000000, 116.982658
100.000000, 116.594655
100.000000, 116.206653
100.000000, 115.818651
100.000000, 115.430649
100.000000, 115.042647
100.000000, 114.654644
100.000000, 114.266642
100.000000, 113.878640
100.000000, 113.490638
100.000000, 113.102636
100.000000, 112.714634
100.000000, 112.326631
100.000000, 111.938629
100.000000, 111.550627
100.000000, 111.162625
100.000000, 110.774623
100.000000, 110.386620
100.000000, 109.998618
100.000000, 109.610616
100.000000, 109.222614
100.000000, 108.834612
100.000000, 108.446610
100.000000, 108.058607
100.000000, 107.670605
100.000000, 107.282603
100.000000, 106.894601
100.000000, 106.506599
100.000000, 106.118597
100.000000, 105.730594
100.000000, 105.342592
100.000000, 104.954590
100.000000, 104.566588
100.000000, 104.178586
100.000000, 103.790583
100.000000, 103.402581
100.000000, 103.014579
100.000000, 102.626577
100.000000, 102.238575
100.000000, 101.850573
100.000000, 101.462570
100.000000, 101.074568
100.000000, 100.686566
100.000000, 100.298564
100.000000, 99.910562
100.000000, 99.522559
100.000000, 99.134557
100.000000, 98.746555
100.000000, 98.358553
100.000000, 97.970551
100.000000, 97.582549
100.000000, 97.194546
100.000000, 96.806544
100.000000, 96.418542
100.000000, 96.030540
100.000000, 95.642538
100.000000, 95.254535
100.000000, 94.866533
100.000000, 94.478531
100.000000, 94.090529
100.000000, 93.702527
100.000000, 93.314525
100.000000, 92.926522
100.000000, 92.538520
100.000000, 92.150518
100.000000, 91.762516
100.000000, 91.374514
100.000000, 90.986511
100.000000, 90.598509
100.000000, 90.210507
100.000000, 89.822505
100.000000, 89.434503
100.000000, 89.046501
100.000000, 88.658498
100.000000, 88.270496
100.000000, 87.882494
100.000000, 87.494492
100.000000, 87.106490
100.000000, 86.718487
100.000000, 86.330485
100.000000, 85.942483
100.000000, 85.554481
100.000000, 85.166479
100.000000, 84.778477
100.000000, 84.390474
100.000000, 84.002472
100.000000, 83.614470
100.000000, 83.226468
100.000000, 82.838466
100.000000, 82.450463
100.000000, 82.062461
100.000000, 81.674459
100.000000, 81.286457
100.000000, 80.898455
100.000000, 80.510453
100.000000, 80.122450
100.000000, 79.734448
100.000000, 79.346446
100.000000, 78.958444
100.000000, 78.570442
100.000000, 78.182439
100.000000, 77.794437
100.000000, 77.406435
100.000000, 77.018433
100.000000, 76.630431
100.000000, 76.242429
100.000000, 75.854426
100.000000, 75.466424
100.000000, 75.078422
100.000000, 74.690420
100.000000, 74.302418
100.000000, 73.914415
100.000000, 73.526413
100.000000, 73.138411
100.000000, 72.750409
100.000000, 72.362407
100.000000, 71.974405
100.000000, 71.586402
100.000000, 71.198400
100.000000, 70.810398
100.000000, 70.422396
100.000000, 70.034394
100.000000, 69.646391
100.000000, 69.258389
100.000000, 68.870387
100.000000, 68.482385
100.000000, 68.094383
100.000000, 67.706381
100.000000, 67.318378
100.000000, 66.930376
100.000000, 66.542374
100.000000, 66.154372
100.000000, 65.766370
100.000000, 65.378367
100.000000, 64.990365
100.000000, 64.602363
100.000000, 64.214361
100.000000, 63.826359
100.000000, 63.438357
100.000000, 63.050354
100.000000, 62.662352
100.000000, 62.274350
100.000000, 61.886348
100.000000, 61.498346
100.000000, 61.110344
100.000000, 60.722341
100.000000, 60.334339
100.000000, 59.946337
100.000000, 59.558335
100.000000, 59.170333
100.000000, 58.782330
100.000000, 58.394328
100.000000, 58.006326
100.000000, 57.618324
100.000000, 57.230322
100.000000, 56.842320
100.000000, 56.454317
100.000000, 56.066315
100.000000, 55.678313
100.000000, 55.290311
100.000000, 54.902309
100.000000, 54.514306
100.000000, 54.126304
100.000000, 53.738302
100.000000, 53.350300
100.000000, 52.962298
100.000000, 52.574296
100.000000, 52.186293
100.000000, 51.798291
100.000000, 51.410289
100.000000, 51.022287
100.000000, 50.634285
100.000000, 50.246282
100.000000, 49.858280
100.000000, 49.470278
100.000000, 49.082276
100.000000, 48.694274
100.000000, 48.306272
100.000000, 47.918269
100.000000, 47.530267
100.000000, 47.142265
100.000000, 46.754263
100.000000, 46.366261
100.000000, 45.978258
100.000000, 45.590256
100.000000, 45.202254
100.000000, 44.814252
100.000000, 44.426250
100.000000, 44.038248
100.000000, 43.650245
100.000000, 43.262243
100.000000, 42.874241
100.000000, 42.486239
100.000000, 42.098237
100.000000, 41.710234
100.000000, 41.322232
100.000000, 40.934230
100.000000, 40.546228
100.000000, 40.158226
100.000000, 39.770224
100.000000, 39.382221
100.000000, 38.994219
100.000000, 38.606217
100.000000, 38.218215
100.000000, 37.830213
100.000000, 37.442210
100.000000, 37.054208
100.000000, 36.666206
100.000000, 36.278204
100.000000, 35.890202
100.000000, 35.502200
100.000000, 35.114197
100.000000, 34.726195
100.000000, 34.338193
100.000000, 33.950191
100.000000, 33.562189
100.000000, 33.174186
100.000000, 32.786184
100.000000, 32.398182
100.000000, 32.010180
100.000000, 31.622178
100.000000, 31.234176
100.000000, 30.846173
100.000000, 30.458171
100.000000, 30.070169
100.000000, 29.682167
100.000000, 29.294165
100.000000, 28.906162
100.000000, 28.518160
100.000000, 28.130158
100.000000, 27.742156
100.000000, 27.354154
100.000000, 26.966152
100.000000, 26.578149
100.000000, 26.190147
100.000000, 25.802145
100.000000, 25.414143
100.000000, 25.026141
100.000000, 24.638138
100.000000, 24.250136
100.000000, 23.862134
100.000000, 23.474132
100.000000, 23.086130
100.000000, 22.698128
100.000000, 22.310125
100.000000, 21.922123
100.000000, 21.534121
100.000000, 21.146119
100.000000, 20.758117
100.000000, 20.370115
100.000000, 19.982112
100.000000, 19.594110
100.000000, 19.206108
100.000000, 18.818106
100.000000, 18.430104
100.000000, 18.042101
100.000000, 17.654099
100.000000, 17.266097
100.000000, 16.878095
100.000000, 16.490093
100.000000, 16.102091
100.000000, 15.714088
100.000000, 15.326086
100.000000, 14.938084
100.000000, 14.550082
100.000000, 14.162080
100.000000, 13.774077
100.000000, 13.386075
100.000000, 12.998073
100.000000, 12.610071
100.000000, 12.222069
100.000000, 11.834067
100.000000, 11.446064
100.000000, 11.058062
100.000000, 10.670060
100.000000, 10.282058
100.000000, 9.894056
100.000000, 9.506053
100.000000, 9.118051
100.000000, 8.730049
100.000000, 8.342047
100.000000, 7.954045
100.000000, 7.566043
100.000000, 7.178040
100.000000, 6.790038
100.000000, 6.402036
100.000000, 6.014034
100.000000, 5.626032
100.000000, 5.238029
100.000000, 4.850027
100.000000, 4.462025
100.000000, 4.074023
100.000000, 3.686021
100.000000, 3.298019
100.000000, 2.910016
100.000000, 2.522014
100.000000, 2.134012
100.000000, 1.746010
100.000000, 1.358008
100.000000, 0.970005
100.000000, 0.582003
100.000000, 0.194001
100.000000, 359.805999
100.000000, 359.417997
100.000000, 359.029995
100.000000, 358.641992
100.000000, 358.253990
100.000000, 357.865988
100.000000, 357.477986
100.000000, 357.089984
100.000000, 356.701981
100.000000, 356.313979
100.000000, 355.925977
100.000000, 355.537975
100.000000, 355.149973
100.000000, 354.761971
100.000000, 354.373968
100.000000, 353.985966
100.000000, 353.597964
100.000000, 353.209962
100.000000, 352.821960
100.000000, 352.433957
100.000000, 352.045955
100.000000, 351.657953
100.000000, 351.269951
100.000000, 350.881949
100.000000, 350.493947
100.000000, 350.105944
100.000000, 349.717942
100.000000, 349.329940
100.000000, 348.941938
100.000000, 348.553936
100.000000, 348.165933
100.000000, 347.777931
100.000000, 347.389929
100.000000, 347.001927
100.000000, 346.613925
100.000000, 346.225923
100.000000, 345.837920
100.000000, 345.449918
100.000000, 345.061916
100.000000, 344.673914
100.000000, 344.285912
100.000000, 343.897909
100.000000, 343.509907
100.000000, 343.121905
100.000000, 342.733903
100.000000, 342.345901
100.000000, 341.957899
100.000000, 341.569896
100.000000, 341.181894
100.000000, 340.793892
100.000000, 340.405890
100.000000, 340.017888
100.000000, 339.629885
100.000000, 339.241883
100.000000, 338.853881
100.000000, 338.465879
100.000000, 338.077877
100.000000, 337.689875
100.000000, 337.301872
100.000000, 336.913870
100.000000, 336.525868
100.000000, 336.137866
100.000000, 335.749864
100.000000, 335.361862
100.000000, 334.973859
100.000000, 334.585857
100.000000, 334.197855
100.000000, 333.809853
100.000000, 333.421851
100.000000, 333.033848
100.000000, 332.645846
100.000000, 332.257844
100.000000, 331.869842
100.000000, 331.481840
100.000000, 331.093838
100.000000, 330.705835
100.000000, 330.317833
100.000000, 329.929831
100.000000, 329.541829
100.000000, 329.153827
100.000000, 328.765824
100.000000, 328.377822
100.000000, 327.989820
100.000000, 327.601818
100.000000, 327.213816
100.000000, 326.825814
100.000000, 326.437811
100.000000, 326.049809
100.000000, 325.661807
100.000000, 325.273805
100.000000, 324.885803
100.000000, 324.497800
100.000000, 324.109798
100.000000, 323.721796
100.000000, 323.333794
100.000000, 322.945792
100.000000, 322.557790
100.000000, 322.169787
100.000000, 321.781785
100.000000, 321.393783
100.000000, 321.005781
100.000000, 320.617779
100.000000, 320.229776
100.000000, 319.841774
100.000000, 319.453772
100.000000, 319.065770
100.000000, 318.677768
100.000000, 318.289766
100.000000, 317.901763
100.000000, 317.513761
100.000000, 317.125759
100.000000, 316.737757
100.000000, 316.349755
100.000000, 315.961752
100.000000, 315.573750
100.000000, 315.185748
100.000000, 314.797746
100.000000, 314.409744
100.000000, 314.021742
100.000000, 313.633739
100.000000, 313.245737
100.000000, 312.857735
100.000000, 312.469733
100.000000, 312.081731
100.000000, 311.693728
100.000000, 311.305726
100.000000, 310.917724
100.000000, 310.529722
100.000000, 310.141720
100.000000, 309.753718
100.000000, 309.365715
100.000000, 308.977713
100.000000, 308.589711
100.000000, 308.201709
100.000000, 307.813707
100.000000, 307.425704
100.000000, 307.037702
100.000000, 306.649700
100.000000, 306.261698
100.000000, 305.873696
100.000000, 305.485694
100.000000, 305.097691
100.000000, 304.709689
100.000000, 304.321687
100.000000, 303.933685
100.000000, 303.545683
100.000000, 303.157680
100.000000, 302.769678
100.000000, 302.381676
100.000000, 301.993674
100.000000, 301.605672
100.000000, 301.217670
100.000000, 300.829667
100.000000, 300.441665
100.000000, 300.053663
100.000000, 299.665661
100.000000, 299.277659
100.000000, 298.889656
100.000000, 298.501654
100.000000, 298.113652
100.000000, 297.725650
100.000000, 297.337648
100.000000, 296.949646
100.000000, 296.561643
100.000000, 296.173641
100.000000, 295.785639
100.000000, 295.397637
100.000000, 295.009635
100.000000, 294.621633
100.000000, 294.233630
100.000000, 293.845628
100.000000, 293.457626
100.000000, 293.069624
100.000000, 292.681622
100.000000, 292.293619
100.000000, 291.905617
100.000000, 291.517615
100.000000, 291.129613
100.000000, 290.741611
100.000000, 290.353609
100.000000, 289.965606
100.000000, 289.577604
100.000000, 289.189602
100.000000, 288.801600
100.000000, 288.413598
100.000000, 288.025595
100.000000, 287.637593
100.000000, 287.249591
100.000000, 286.861589
100.000000, 286.473587
100.000000, 286.085585
100.000000, 285.697582
100.000000, 285.309580
100.000000, 284.921578
100.000000, 284.533576
100.000000, 284.145574
100.000000, 283.757571
100.000000, 283.369569
100.000000, 282.981567
100.000000, 282.593565
100.000000, 282.205563
100.000000, 281.817561
100.000000, 281.429558
100.000000, 281.041556
100.000000, 280.653554
100.000000, 280.265552
100.000000, 279.877550
100.000000, 279.489547
100.000000, 279.101545
100.000000, 278.713543
100.000000, 278.325541
100.000000, 277.937539
100.000000, 277.549537
100.000000, 277.161534
100.000000, 276.773532
100.000000, 276.385530
100.000000, 275.997528
100.000000, 275.609526
100.000000, 275.221523
100.000000, 274.833521
100.000000, 274.445519
100.000000, 274.057517
100.000000, 273.669515
100.000000, 273.281513
100.000000, 272.893510
100.000000, 272.505508
100.000000, 272.117506
100.000000, 271.729504
100.000000, 271.341502
100.000000, 270.953499
100.000000, 270.565497
100.000000, 270.177495
100.000000, 269.789493
100.000000, 269.401491
100.000000, 269.013489
100.000000, 268.625486
100.000000, 268.237484
100.000000, 267.849482
100.000000, 267.461480
100.000000, 267.073478
100.000000, 266.685475
100.000000, 266.297473
100.000000, 265.909471
100.000000, 265.521469
100.000000, 265.133467
100.000000, 264.745465
100.000000, 264.357462
100.000000, 263.969460
100.000000, 263.581458
100.000000, 263.193456
100.000000, 262.805454
100.000000, 262.417451
100.000000, 262.029449
100.000000, 261.641447
100.000000, 261.253445
100.000000, 260.865443
100.000000, 260.477441
100.000000, 260.089438
100.000000, 259.701436
100.000000, 259.313434
100.000000, 258.925432
100.000000, 258.537430
100.000000, 258.149427
100.000000, 257.761425
100.000000, 257.373423
100.000000, 256.985421
100.000000, 256.597419
100.000000, 256.209417
100.000000, 255.821414
100.000000, 255.433412
100.000000, 255.045410
100.000000, 254.657408
100.000000, 254.269406
100.000000, 253.881403
100.000000, 253.493401
100.000000, 253.105399
100.000000, 252.717397
100.000000, 252.329395
100.000000, 251.941393
100.000000, 251.553390
100.000000, 251.165388
100.000000, 250.777386
100.000000, 250.389384
100.000000, 250.001382
100.000000, 249.613380
100.000000, 249.225377
100.000000, 248.837375
100.000000, 248.449373
100.000000, 248.061371
100.000000, 247.673369
100.000000, 247.285366
100.000000, 246.897364
100.000000, 246.509362
100.000000, 246.121360
100.000000, 245.733358
100.000000, 245.345356
100.000000, 244.957353
100.000000, 244.569351
100.000000, 244.181349
100.000000, 243.793347
100.000000, 243.405345
100.000000, 243.017342
100.000000, 242.629340
100.000000, 242.241338
100.000000, 241.853336
100.000000, 241.465334
100.000000, 241.077332
100.000000, 240.689329
100.000000, 240.301327
100.000000, 239.913325
100.000000, 239.525323
100.000000, 239.137321
100.000000, 238.749318
100.000000, 238.361316
100.000000, 237.973314
100.000000, 237.585312
100.000000, 237.197310
100.000000, 236.809308
100.000000, 236.421305
100.000000, 236.033303
100.000000, 235.645301
100.000000, 235.257299
100.000000, 234.869297
100.000000, 234.481294
100.000000, 234.093292
100.000000, 233.705290
100.000000, 233.317288
100.000000, 232.929286
100.000000, 232.541284
100.000000, 232.153281
100.000000, 231.765279
100.000000, 231.377277
100.000000, 230.989275
100.000000, 230.601273
100.000000, 230.213270
100.000000, 229.825268
100.000000, 229.437266
100.000000, 229.049264
100.000000, 228.661262
100.000000, 228.273260
100.000000, 227.885257
100.000000, 227.497255
100.000000, 227.109253
100.000000, 226.721251
100.000000, 226.333249
100.000000, 225.945246
100.000000, 225.557244
100.000000, 225.169242
100.000000, 224.781240
100.000000, 224.393238
100.000000, 224.005236
100.000000, 223.617233
100.000000, 223.229231
100.000000, 222.841229
100.000000, 222.453227
100.000000, 222.065225
100.000000, 221.677222
100.000000, 221.289220
100.000000, 220.901218
100.000000, 220.513216
100.000000, 220.125214
100.000000, 219.737212
100.000000, 219.349209
100.000000, 218.961207
100.000000, 218.573205
100.000000, 218.185203
100.000000, 217.797201
100.000000, 217.409198
100.000000, 217.021196
100.000000, 216.633194
100.000000, 216.245192
100.000000, 215.857190
100.000000, 215.469188
100.000000, 215.081185
100.000000, 214.693183
100.000000, 214.305181
100.000000, 213.917179
100.000000, 213.529177
100.000000, 213.141174
100.000000, 212.753172
100.000000, 212.365170
100.000000, 211.977168
100.000000, 211.589166
100.000000, 211.201164
100.000000, 210.813161
100.000000, 210.425159
100.000000, 210.037157
100.000000, 209.649155
100.000000, 209.261153
100.000000, 208.873151
100.000000, 208.485148
100.000000, 208.097146
100.000000, 207.709144
100.000000, 207.321142
100.000000, 206.933140
100.000000, 206.545137
100.000000, 206.157135
100.000000, 205.769133
100.000000, 205.381131
100.000000, 204.993129
100.000000, 204.605127
100.000000, 204.217124
100.000000, 203.829122
100.000000, 203.441120
100.000000, 203.053118
100.000000, 202.665116
100.000000, 202.277113
100.000000, 201.889111
100.000000, 201.501109
100.000000, 201.113107
100.000000, 200.725105
100.000000, 200.337103
100.000000, 199.949100
100.000000, 199.561098
100.000000, 199.173096
100.000000, 198.785094
100.000000, 198.397092
100.000000, 198.009089
100.000000, 197.621087
100.000000, 197.233085
100.000000, 196.845083
100.000000, 196.457081
100.000000, 196.069079
100.000000, 195.681076
100.000000, 195.293074
100.000000, 194.905072
100.000000, 194.517070
100.000000, 194.129068
100.000000, 193.741065
100.000000, 193.353063
100.000000, 192.965061
100.000000, 192.577059
100.000000, 192.189057
100.000000, 191.801055
100.000000, 191.413052
100.000000, 191.025050
100.000000, 190.637048
100.000000, 190.249046
100.000000, 189.861044
100.000000, 189.473041
100.000000, 189.085039
100.000000, 188.697037
100.000000, 188.309035
100.000000, 187.921033
100.000000, 187.533031
100.000000, 187.145028
100.000000, 186.757026
100.000000, 186.369024
100.000000, 185.981022
100.000000, 185.593020
100.000000, 185.205017
100.000000, 184.817015
100.000000, 184.429013
100.000000, 184.041011
100.000000, 183.653009
100.000000, 183.265007
100.000000, 182.877004
100.000000, 182.489002
100.000000, 182.101000
100.000000, 181.712998
100.000000, 181.324996
100.000000, 180.936993
100.000000, 180.548991
100.000000, 180.160989
100.000000, 179.772987
100.000000, 179.384985
100.000000, 178.996983
100.000000, 178.608980
100.000000, 178.220978
100.000000, 177.832976
100.000000, 177.444974
100.000000, 177.056972
100.000000, 176.668969
100.000000, 176.280967
100.000000, 175.892965
100.000000, 175.504963
100.000000, 175.116961
100.000000, 174.728959
100.000000, 174.340956
100.000000, 173.952954
100.000000, 173.564952
100.000000, 173.176950
100.000000, 172.788948
100.000000, 172.400945
100.000000, 172.012943
100.000000, 171.624941
100.000000, 171.236939
100.000000, 170.848937
100.000000, 170.460935
100.000000, 170.072932
100.000000, 169.684930
100.000000, 169.296928
100.000000, 168.908926
100.000000, 168.520924
100.000000, 168.132922
100.000000, 167.744919
100.000000, 167.356917
100.000000, 166.968915
100.000000, 166.580913
100.000000, 166.192911
100.000000, 165.804908
100.000000, 165.416906
100.000000, 165.028904
100.000000, 164.640902
100.000000, 164.252900
100.000000, 163.864898
100.000000, 163.476895
100.000000, 163.088893
100.000000, 162.700891
100.000000, 162.312889
100.000000, 161.924887
100.000000, 161.536884
100.000000, 161.148882
100.000000, 160.760880
100.000000, 160.372878
100.000000, 159.984876
100.000000, 159.596874
100.000000, 159.208871
100.000000, 158.820869
100.000000, 158.432867
100.000000, 158.044865
100.000000, 157.656863
100.000000, 157.268860
100.000000, 156.880858
100.000000, 156.492856
100.000000, 156.104854
100.000000, 155.716852
100.000000, 155.328850
100.000000, 154.940847
100.000000, 154.552845
100.000000, 154.164843
100.000000, 153.776841
100.000000, 153.388839
100.000000, 153.000836
100.000000, 152.612834
100.000000, 152.224832
100.000000, 151.836830
100.000000, 151.448828
100.000000, 151.060826
100.000000, 150.672823
100.000000, 150.284821
100.000000, 149.896819
100.000000, 149.508817
100.000000, 149.120815
100.000000, 148.732812
100.000000, 148.344810
100.000000, 147.956808
100.000000, 147.568806
100.000000, 147.180804
100.000000, 146.792802
100.000000, 146.404799
100.000000, 146.016797
100.000000, 145.628795
100.000000, 145.240793
100.000000, 144.852791
100.000000, 144.464788
100.000000, 144.076786
100.000000, 143.688784
100.000000, 143.300782
100.000000, 142.912780
100.000000, 142.524778
100.000000, 142.136775
100.000000, 141.748773
100.000000, 141.360771
100.000000, 140.972769
100.000000, 140.584767
100.000000, 140.196764
100.000000, 139.808762
100.000000, 139.420760
100.000000, 139.032758
100.000000, 138.644756
100.000000, 138.256754
100.000000, 137.868751
100.000000, 137.480749
100.000000, 137.092747
100.000000, 136.704745
100.000000, 136.316743
100.000000, 135.928740
100.000000, 135.540738
100.000000, 135.152736
100.000000, 134.764734
100.000000, 134.376732
100.000000, 133.988730
100.000000, 133.600727
100.000000, 133.212725
100.000000, 132.824723
100.000000, 132.436721
100.000000, 132.048719
100.000000, 131.660716
100.000000, 131.272714
100.000000, 130.884712
100.000000, 130.496710
100.000000, 130.108708
100.000000, 129.720706
100.000000, 129.332703
100.000000, 128.944701
100.000000, 128.556699
100.000000, 128.168697
100.000000, 127.780695
100.000000, 127.392692
100.000000, 127.004690
100.000000, 126.616688
100.000000, 126.228686
100.000000, 125.840684
100.000000, 125.452682
100.000000, 125.064679
100.000000, 124.676677
100.000000, 124.288675
100.000000, 123.900673
100.000000, 123.512671
100.000000, 123.124669
100.000000, 122.736666
100.000000, 122.348664
100.000000, 121.960662
100.000000, 121.572660
100.000000, 121.184658
100.000000, 120.796655
100.000000, 120.408653
100.000000, 120.020651
100.000000, 119.632649
100.000000, 119.244647
100.000000, 118.856645
100.000000, 118.468642
100.000000, 118.080640
100.000000, 117.692638
##END=
