##TITLE= Parameter file, TopSpin 4.3.0
##JCAMPDX= 5.0
##DATATYPE= Parameter Values
##ORIGIN= Bruker BioSpin GmbH
##OWNER= nmrsu
$$ 2024-02-10 17:37:43.117 +0000  nmrsu@4CE1161FJM
$$ C:/Bruker/TopSpin4.3.0/exp/stan/nmr/lists/wave/user/multisupp_aux_d8
$$ process C:\Bruker\TopSpin4.3.0\prog\mod\xwinshape.exe
##MINX= 1.86743600
##MAXX= 99.99739100
##MINY= 0.47597100
##MAXY= 359.52402900
##$SHAPE_ADDPHASE= 0
##$SHAPE_AMP= 99.99739125
##$SHAPE_BWFAC= 0
##$SHAPE_BWFAC50= 0
##$SHAPE_CALCBW= yes
##$SHAPE_CALCINTEG= yes
##$SHAPE_EXMODE= <Excitation>
##$SHAPE_EXPAND= <>
##$SHAPE_EXPANDCF= (0..143)
0 0 0 0 0 0 0 0 0 0 0 0 0 0 0 0 0 0 0 0 0 0 0 0 0 0 0 0 0 0 0 0 0 0 0 0
0 0 0 0 0 0 0 0 0 0 0 0 0 0 0 0 0 0 0 0 0 0 0 0 0 0 0 0 0 0 0 0 0 0 0 0
0 0 0 0 0 0 0 0 0 0 0 0 0 0 0 0 0 0 0 0 0 0 0 0 0 0 0 0 0 0 0 0 0 0 0 0
0 0 0 0 0 0 0 0 0 0 0 0 0 0 0 0 0 0 0 0 0 0 0 0 0 0 0 0 0 0 0 0 0 0 0 0
##$SHAPE_EXPFAC= 0
##$SHAPE_FRACEND= 0
##$SHAPE_FRACORG= 0
##$SHAPE_FRACSTART= 0
##$SHAPE_INTEGFAC= 0
##$SHAPE_KEEPRES= yes
##$SHAPE_LENGTH= 25000.000373
##$SHAPE_MAN= <M>
##$SHAPE_MODE= 4
##$SHAPE_MODFREQ= 0
##$SHAPE_MODPHASE= 0
##$SHAPE_MODSCALE= 0
##$SHAPE_MODSW= 0
##$SHAPE_MODSWDIR= -1
##$SHAPE_NPOINTS= 1250
##$SHAPE_OFFS= <1 4>
##$SHAPE_OFFSCOEFF= (0..95)
0.621582 0 100 -60.270172 0 100 -213.66783 0 100 -285.96748 0 100 0 0 0
0 0 0 0 0 0 0 0 0 0 0 0 0 0 0 0 0 0 0 0 0 0 0 0 0 0 0 0 0 0 0 0 0 0 0 0
0 0 0 0 0 0 0 0 0 0 0 0 0 0 0 0 0 0 0 0 0 0 0 0 0 0 0 0 0 0 0 0 0 0 0 0
0 0 0 0 0 0 0 0 0
##$SHAPE_PARAMETER= <>
##$SHAPE_REPHFAC= 0
##$SHAPE_RES= 0
##$SHAPE_SCALEFAC= 1.00002609
##$SHAPE_SCALETYPE= 0
##$SHAPE_SPOAL= 0
##$SHAPE_SPOFFS= 0
##$SHAPE_SPOPH= 0
##$SHAPE_TOTROT= 90
##$SHAPE_TYPE= <Excitation>
##$SHAPE_USER_DEF= <>
##$SHAPE_VERSION= 2.1
##$SHL_ADDPHASE= (0..15)
0 0 0 0 0 0 0 0 0 0 0 0 0 0 0 0
##$SHL_ALIGNOFFSET= (0..15)
0 0 0 0 0 0 0 0 0 0 0 0 0 0 0 0
##$SHL_AMP= (0..15)
100 0 0 0 0 0 0 0 0 0 0 0 0 0 0 0
##$SHL_AMPFAC= (0..15)
0 0 0 0 0 0 0 0 0 0 0 0 0 0 0 0
##$SHL_BETA= (0..15)
0 0 0 0 0 0 0 0 0 0 0 0 0 0 0 0
##$SHL_BWFAC= (0..15)
1.116 0 0 0 0 0 0 0 0 0 0 0 0 0 0 0
##$SHL_CALCBW= (0..15)
yes yes yes yes yes yes yes yes yes yes yes yes yes yes yes yes
##$SHL_CALCINTEG= (0..15)
yes yes yes yes yes yes yes yes yes yes yes yes yes yes yes yes
##$SHL_CENTERAMP= (0..15)
0 0 0 0 0 0 0 0 0 0 0 0 0 0 0 0
##$SHL_CYCNUM= (0..15)
0 0 0 0 0 0 0 0 0 0 0 0 0 0 0 0
##$SHL_DIPOLCPL= (0..15)
0 0 0 0 0 0 0 0 0 0 0 0 0 0 0 0
##$SHL_ENDAMP= (0..15)
0 0 0 0 0 0 0 0 0 0 0 0 0 0 0 0
##$SHL_EXMODE= (0..15)
<Excitation> <> <> <> <> <> <> <> <> <> <> <> <> <> <> <>
##$SHL_EXPAND= (0..15)
<> <> <> <> <> <> <> <> <> <> <> <> <> <> <> <>
##$SHL_EXPANDCF0= (0..143)
0 0 0 0 0 0 0 0 0 0 0 0 0 0 0 0 0 0 0 0 0 0 0 0 0 0 0 0 0 0 0 0 0 0 0 0
0 0 0 0 0 0 0 0 0 0 0 0 0 0 0 0 0 0 0 0 0 0 0 0 0 0 0 0 0 0 0 0 0 0 0 0
0 0 0 0 0 0 0 0 0 0 0 0 0 0 0 0 0 0 0 0 0 0 0 0 0 0 0 0 0 0 0 0 0 0 0 0
0 0 0 0 0 0 0 0 0 0 0 0 0 0 0 0 0 0 0 0 0 0 0 0 0 0 0 0 0 0 0 0 0 0 0 0
##$SHL_EXPANDCF1= (0..143)
0 0 0 0 0 0 0 0 0 0 0 0 0 0 0 0 0 0 0 0 0 0 0 0 0 0 0 0 0 0 0 0 0 0 0 0
0 0 0 0 0 0 0 0 0 0 0 0 0 0 0 0 0 0 0 0 0 0 0 0 0 0 0 0 0 0 0 0 0 0 0 0
0 0 0 0 0 0 0 0 0 0 0 0 0 0 0 0 0 0 0 0 0 0 0 0 0 0 0 0 0 0 0 0 0 0 0 0
0 0 0 0 0 0 0 0 0 0 0 0 0 0 0 0 0 0 0 0 0 0 0 0 0 0 0 0 0 0 0 0 0 0 0 0
##$SHL_EXPANDCF10= (0..143)
0 0 0 0 0 0 0 0 0 0 0 0 0 0 0 0 0 0 0 0 0 0 0 0 0 0 0 0 0 0 0 0 0 0 0 0
0 0 0 0 0 0 0 0 0 0 0 0 0 0 0 0 0 0 0 0 0 0 0 0 0 0 0 0 0 0 0 0 0 0 0 0
0 0 0 0 0 0 0 0 0 0 0 0 0 0 0 0 0 0 0 0 0 0 0 0 0 0 0 0 0 0 0 0 0 0 0 0
0 0 0 0 0 0 0 0 0 0 0 0 0 0 0 0 0 0 0 0 0 0 0 0 0 0 0 0 0 0 0 0 0 0 0 0
##$SHL_EXPANDCF11= (0..143)
0 0 0 0 0 0 0 0 0 0 0 0 0 0 0 0 0 0 0 0 0 0 0 0 0 0 0 0 0 0 0 0 0 0 0 0
0 0 0 0 0 0 0 0 0 0 0 0 0 0 0 0 0 0 0 0 0 0 0 0 0 0 0 0 0 0 0 0 0 0 0 0
0 0 0 0 0 0 0 0 0 0 0 0 0 0 0 0 0 0 0 0 0 0 0 0 0 0 0 0 0 0 0 0 0 0 0 0
0 0 0 0 0 0 0 0 0 0 0 0 0 0 0 0 0 0 0 0 0 0 0 0 0 0 0 0 0 0 0 0 0 0 0 0
##$SHL_EXPANDCF12= (0..143)
0 0 0 0 0 0 0 0 0 0 0 0 0 0 0 0 0 0 0 0 0 0 0 0 0 0 0 0 0 0 0 0 0 0 0 0
0 0 0 0 0 0 0 0 0 0 0 0 0 0 0 0 0 0 0 0 0 0 0 0 0 0 0 0 0 0 0 0 0 0 0 0
0 0 0 0 0 0 0 0 0 0 0 0 0 0 0 0 0 0 0 0 0 0 0 0 0 0 0 0 0 0 0 0 0 0 0 0
0 0 0 0 0 0 0 0 0 0 0 0 0 0 0 0 0 0 0 0 0 0 0 0 0 0 0 0 0 0 0 0 0 0 0 0
##$SHL_EXPANDCF13= (0..143)
0 0 0 0 0 0 0 0 0 0 0 0 0 0 0 0 0 0 0 0 0 0 0 0 0 0 0 0 0 0 0 0 0 0 0 0
0 0 0 0 0 0 0 0 0 0 0 0 0 0 0 0 0 0 0 0 0 0 0 0 0 0 0 0 0 0 0 0 0 0 0 0
0 0 0 0 0 0 0 0 0 0 0 0 0 0 0 0 0 0 0 0 0 0 0 0 0 0 0 0 0 0 0 0 0 0 0 0
0 0 0 0 0 0 0 0 0 0 0 0 0 0 0 0 0 0 0 0 0 0 0 0 0 0 0 0 0 0 0 0 0 0 0 0
##$SHL_EXPANDCF14= (0..143)
0 0 0 0 0 0 0 0 0 0 0 0 0 0 0 0 0 0 0 0 0 0 0 0 0 0 0 0 0 0 0 0 0 0 0 0
0 0 0 0 0 0 0 0 0 0 0 0 0 0 0 0 0 0 0 0 0 0 0 0 0 0 0 0 0 0 0 0 0 0 0 0
0 0 0 0 0 0 0 0 0 0 0 0 0 0 0 0 0 0 0 0 0 0 0 0 0 0 0 0 0 0 0 0 0 0 0 0
0 0 0 0 0 0 0 0 0 0 0 0 0 0 0 0 0 0 0 0 0 0 0 0 0 0 0 0 0 0 0 0 0 0 0 0
##$SHL_EXPANDCF15= (0..143)
0 0 0 0 0 0 0 0 0 0 0 0 0 0 0 0 0 0 0 0 0 0 0 0 0 0 0 0 0 0 0 0 0 0 0 0
0 0 0 0 0 0 0 0 0 0 0 0 0 0 0 0 0 0 0 0 0 0 0 0 0 0 0 0 0 0 0 0 0 0 0 0
0 0 0 0 0 0 0 0 0 0 0 0 0 0 0 0 0 0 0 0 0 0 0 0 0 0 0 0 0 0 0 0 0 0 0 0
0 0 0 0 0 0 0 0 0 0 0 0 0 0 0 0 0 0 0 0 0 0 0 0 0 0 0 0 0 0 0 0 0 0 0 0
##$SHL_EXPANDCF2= (0..143)
0 0 0 0 0 0 0 0 0 0 0 0 0 0 0 0 0 0 0 0 0 0 0 0 0 0 0 0 0 0 0 0 0 0 0 0
0 0 0 0 0 0 0 0 0 0 0 0 0 0 0 0 0 0 0 0 0 0 0 0 0 0 0 0 0 0 0 0 0 0 0 0
0 0 0 0 0 0 0 0 0 0 0 0 0 0 0 0 0 0 0 0 0 0 0 0 0 0 0 0 0 0 0 0 0 0 0 0
0 0 0 0 0 0 0 0 0 0 0 0 0 0 0 0 0 0 0 0 0 0 0 0 0 0 0 0 0 0 0 0 0 0 0 0
##$SHL_EXPANDCF3= (0..143)
0 0 0 0 0 0 0 0 0 0 0 0 0 0 0 0 0 0 0 0 0 0 0 0 0 0 0 0 0 0 0 0 0 0 0 0
0 0 0 0 0 0 0 0 0 0 0 0 0 0 0 0 0 0 0 0 0 0 0 0 0 0 0 0 0 0 0 0 0 0 0 0
0 0 0 0 0 0 0 0 0 0 0 0 0 0 0 0 0 0 0 0 0 0 0 0 0 0 0 0 0 0 0 0 0 0 0 0
0 0 0 0 0 0 0 0 0 0 0 0 0 0 0 0 0 0 0 0 0 0 0 0 0 0 0 0 0 0 0 0 0 0 0 0
##$SHL_EXPANDCF4= (0..143)
0 0 0 0 0 0 0 0 0 0 0 0 0 0 0 0 0 0 0 0 0 0 0 0 0 0 0 0 0 0 0 0 0 0 0 0
0 0 0 0 0 0 0 0 0 0 0 0 0 0 0 0 0 0 0 0 0 0 0 0 0 0 0 0 0 0 0 0 0 0 0 0
0 0 0 0 0 0 0 0 0 0 0 0 0 0 0 0 0 0 0 0 0 0 0 0 0 0 0 0 0 0 0 0 0 0 0 0
0 0 0 0 0 0 0 0 0 0 0 0 0 0 0 0 0 0 0 0 0 0 0 0 0 0 0 0 0 0 0 0 0 0 0 0
##$SHL_EXPANDCF5= (0..143)
0 0 0 0 0 0 0 0 0 0 0 0 0 0 0 0 0 0 0 0 0 0 0 0 0 0 0 0 0 0 0 0 0 0 0 0
0 0 0 0 0 0 0 0 0 0 0 0 0 0 0 0 0 0 0 0 0 0 0 0 0 0 0 0 0 0 0 0 0 0 0 0
0 0 0 0 0 0 0 0 0 0 0 0 0 0 0 0 0 0 0 0 0 0 0 0 0 0 0 0 0 0 0 0 0 0 0 0
0 0 0 0 0 0 0 0 0 0 0 0 0 0 0 0 0 0 0 0 0 0 0 0 0 0 0 0 0 0 0 0 0 0 0 0
##$SHL_EXPANDCF6= (0..143)
0 0 0 0 0 0 0 0 0 0 0 0 0 0 0 0 0 0 0 0 0 0 0 0 0 0 0 0 0 0 0 0 0 0 0 0
0 0 0 0 0 0 0 0 0 0 0 0 0 0 0 0 0 0 0 0 0 0 0 0 0 0 0 0 0 0 0 0 0 0 0 0
0 0 0 0 0 0 0 0 0 0 0 0 0 0 0 0 0 0 0 0 0 0 0 0 0 0 0 0 0 0 0 0 0 0 0 0
0 0 0 0 0 0 0 0 0 0 0 0 0 0 0 0 0 0 0 0 0 0 0 0 0 0 0 0 0 0 0 0 0 0 0 0
##$SHL_EXPANDCF7= (0..143)
0 0 0 0 0 0 0 0 0 0 0 0 0 0 0 0 0 0 0 0 0 0 0 0 0 0 0 0 0 0 0 0 0 0 0 0
0 0 0 0 0 0 0 0 0 0 0 0 0 0 0 0 0 0 0 0 0 0 0 0 0 0 0 0 0 0 0 0 0 0 0 0
0 0 0 0 0 0 0 0 0 0 0 0 0 0 0 0 0 0 0 0 0 0 0 0 0 0 0 0 0 0 0 0 0 0 0 0
0 0 0 0 0 0 0 0 0 0 0 0 0 0 0 0 0 0 0 0 0 0 0 0 0 0 0 0 0 0 0 0 0 0 0 0
##$SHL_EXPANDCF8= (0..143)
0 0 0 0 0 0 0 0 0 0 0 0 0 0 0 0 0 0 0 0 0 0 0 0 0 0 0 0 0 0 0 0 0 0 0 0
0 0 0 0 0 0 0 0 0 0 0 0 0 0 0 0 0 0 0 0 0 0 0 0 0 0 0 0 0 0 0 0 0 0 0 0
0 0 0 0 0 0 0 0 0 0 0 0 0 0 0 0 0 0 0 0 0 0 0 0 0 0 0 0 0 0 0 0 0 0 0 0
0 0 0 0 0 0 0 0 0 0 0 0 0 0 0 0 0 0 0 0 0 0 0 0 0 0 0 0 0 0 0 0 0 0 0 0
##$SHL_EXPANDCF9= (0..143)
0 0 0 0 0 0 0 0 0 0 0 0 0 0 0 0 0 0 0 0 0 0 0 0 0 0 0 0 0 0 0 0 0 0 0 0
0 0 0 0 0 0 0 0 0 0 0 0 0 0 0 0 0 0 0 0 0 0 0 0 0 0 0 0 0 0 0 0 0 0 0 0
0 0 0 0 0 0 0 0 0 0 0 0 0 0 0 0 0 0 0 0 0 0 0 0 0 0 0 0 0 0 0 0 0 0 0 0
0 0 0 0 0 0 0 0 0 0 0 0 0 0 0 0 0 0 0 0 0 0 0 0 0 0 0 0 0 0 0 0 0 0 0 0
##$SHL_EXPFAC= (0..15)
0 0 0 0 0 0 0 0 0 0 0 0 0 0 0 0
##$SHL_FRACEND= (0..15)
0 0 0 0 0 0 0 0 0 0 0 0 0 0 0 0
##$SHL_FRACORG= (0..15)
0 0 0 0 0 0 0 0 0 0 0 0 0 0 0 0
##$SHL_FRACSTART= (0..15)
0 0 0 0 0 0 0 0 0 0 0 0 0 0 0 0
##$SHL_FULLHALF= (0..15)
0 0 0 0 0 0 0 0 0 0 0 0 0 0 0 0
##$SHL_FUNCAMP= (0..15)
100 0 0 0 0 0 0 0 0 0 0 0 0 0 0 0
##$SHL_FUNCTION= (0..15)
<Rectangle> <> <> <> <> <> <> <> <> <> <> <> <> <> <> <>
##$SHL_GCO= (0..15)
<> <> <> <> <> <> <> <> <> <> <> <> <> <> <> <>
##$SHL_GCOCOEFFS0= (0..59)
0 0 0 0 0 0 0 0 0 0 0 0 0 0 0 0 0 0 0 0 0 0 0 0 0 0 0 0 0 0 0 0 0 0 0 0
0 0 0 0 0 0 0 0 0 0 0 0 0 0 0 0 0 0 0 0 0 0 0 0
##$SHL_GCOCOEFFS1= (0..59)
0 0 0 0 0 0 0 0 0 0 0 0 0 0 0 0 0 0 0 0 0 0 0 0 0 0 0 0 0 0 0 0 0 0 0 0
0 0 0 0 0 0 0 0 0 0 0 0 0 0 0 0 0 0 0 0 0 0 0 0
##$SHL_GCOCOEFFS10= (0..59)
0 0 0 0 0 0 0 0 0 0 0 0 0 0 0 0 0 0 0 0 0 0 0 0 0 0 0 0 0 0 0 0 0 0 0 0
0 0 0 0 0 0 0 0 0 0 0 0 0 0 0 0 0 0 0 0 0 0 0 0
##$SHL_GCOCOEFFS11= (0..59)
0 0 0 0 0 0 0 0 0 0 0 0 0 0 0 0 0 0 0 0 0 0 0 0 0 0 0 0 0 0 0 0 0 0 0 0
0 0 0 0 0 0 0 0 0 0 0 0 0 0 0 0 0 0 0 0 0 0 0 0
##$SHL_GCOCOEFFS12= (0..59)
0 0 0 0 0 0 0 0 0 0 0 0 0 0 0 0 0 0 0 0 0 0 0 0 0 0 0 0 0 0 0 0 0 0 0 0
0 0 0 0 0 0 0 0 0 0 0 0 0 0 0 0 0 0 0 0 0 0 0 0
##$SHL_GCOCOEFFS13= (0..59)
0 0 0 0 0 0 0 0 0 0 0 0 0 0 0 0 0 0 0 0 0 0 0 0 0 0 0 0 0 0 0 0 0 0 0 0
0 0 0 0 0 0 0 0 0 0 0 0 0 0 0 0 0 0 0 0 0 0 0 0
##$SHL_GCOCOEFFS14= (0..59)
0 0 0 0 0 0 0 0 0 0 0 0 0 0 0 0 0 0 0 0 0 0 0 0 0 0 0 0 0 0 0 0 0 0 0 0
0 0 0 0 0 0 0 0 0 0 0 0 0 0 0 0 0 0 0 0 0 0 0 0
##$SHL_GCOCOEFFS15= (0..59)
0 0 0 0 0 0 0 0 0 0 0 0 0 0 0 0 0 0 0 0 0 0 0 0 0 0 0 0 0 0 0 0 0 0 0 0
0 0 0 0 0 0 0 0 0 0 0 0 0 0 0 0 0 0 0 0 0 0 0 0
##$SHL_GCOCOEFFS2= (0..59)
0 0 0 0 0 0 0 0 0 0 0 0 0 0 0 0 0 0 0 0 0 0 0 0 0 0 0 0 0 0 0 0 0 0 0 0
0 0 0 0 0 0 0 0 0 0 0 0 0 0 0 0 0 0 0 0 0 0 0 0
##$SHL_GCOCOEFFS3= (0..59)
0 0 0 0 0 0 0 0 0 0 0 0 0 0 0 0 0 0 0 0 0 0 0 0 0 0 0 0 0 0 0 0 0 0 0 0
0 0 0 0 0 0 0 0 0 0 0 0 0 0 0 0 0 0 0 0 0 0 0 0
##$SHL_GCOCOEFFS4= (0..59)
0 0 0 0 0 0 0 0 0 0 0 0 0 0 0 0 0 0 0 0 0 0 0 0 0 0 0 0 0 0 0 0 0 0 0 0
0 0 0 0 0 0 0 0 0 0 0 0 0 0 0 0 0 0 0 0 0 0 0 0
##$SHL_GCOCOEFFS5= (0..59)
0 0 0 0 0 0 0 0 0 0 0 0 0 0 0 0 0 0 0 0 0 0 0 0 0 0 0 0 0 0 0 0 0 0 0 0
0 0 0 0 0 0 0 0 0 0 0 0 0 0 0 0 0 0 0 0 0 0 0 0
##$SHL_GCOCOEFFS6= (0..59)
0 0 0 0 0 0 0 0 0 0 0 0 0 0 0 0 0 0 0 0 0 0 0 0 0 0 0 0 0 0 0 0 0 0 0 0
0 0 0 0 0 0 0 0 0 0 0 0 0 0 0 0 0 0 0 0 0 0 0 0
##$SHL_GCOCOEFFS7= (0..59)
0 0 0 0 0 0 0 0 0 0 0 0 0 0 0 0 0 0 0 0 0 0 0 0 0 0 0 0 0 0 0 0 0 0 0 0
0 0 0 0 0 0 0 0 0 0 0 0 0 0 0 0 0 0 0 0 0 0 0 0
##$SHL_GCOCOEFFS8= (0..59)
0 0 0 0 0 0 0 0 0 0 0 0 0 0 0 0 0 0 0 0 0 0 0 0 0 0 0 0 0 0 0 0 0 0 0 0
0 0 0 0 0 0 0 0 0 0 0 0 0 0 0 0 0 0 0 0 0 0 0 0
##$SHL_GCOCOEFFS9= (0..59)
0 0 0 0 0 0 0 0 0 0 0 0 0 0 0 0 0 0 0 0 0 0 0 0 0 0 0 0 0 0 0 0 0 0 0 0
0 0 0 0 0 0 0 0 0 0 0 0 0 0 0 0 0 0 0 0 0 0 0 0
##$SHL_INTEGFAC= (0..15)
1 0 0 0 0 0 0 0 0 0 0 0 0 0 0 0
##$SHL_LB= (0..15)
0 0 0 0 0 0 0 0 0 0 0 0 0 0 0 0
##$SHL_LEFTLIMIT= (0..15)
0 0 0 0 0 0 0 0 0 0 0 0 0 0 0 0
##$SHL_LENGTH= (0..15)
25000.000373 0 0 0 0 0 0 0 0 0 0 0 0 0 0 0
##$SHL_MAN= (0..15)
<> <> <> <> <> <> <> <> <> <> <> <> <> <> <> <>
##$SHL_MEANAMP= (0..15)
0 0 0 0 0 0 0 0 0 0 0 0 0 0 0 0
##$SHL_MODAMP= (0..15)
0 0 0 0 0 0 0 0 0 0 0 0 0 0 0 0
##$SHL_MODE= (0..15)
0 0 0 0 0 0 0 0 0 0 0 0 0 0 0 0
##$SHL_MODFREQ= (0..15)
0 0 0 0 0 0 0 0 0 0 0 0 0 0 0 0
##$SHL_MODPHASE= (0..15)
0 0 0 0 0 0 0 0 0 0 0 0 0 0 0 0
##$SHL_MODSCALE= (0..15)
0 0 0 0 0 0 0 0 0 0 0 0 0 0 0 0
##$SHL_MODSW= (0..15)
0 0 0 0 0 0 0 0 0 0 0 0 0 0 0 0
##$SHL_MODSWDIR= (0..15)
-1 -1 -1 -1 -1 -1 -1 -1 -1 -1 -1 -1 -1 -1 -1 -1
##$SHL_MU= (0..15)
0 0 0 0 0 0 0 0 0 0 0 0 0 0 0 0
##$SHL_NPOINTS= (0..15)
1250 0 0 0 0 0 0 0 0 0 0 0 0 0 0 0
##$SHL_OFFS= (0..15)
<> <> <> <> <> <> <> <> <> <> <> <> <> <> <> <>
##$SHL_OFFSCOEFF0= (0..95)
0 0 0 0 0 0 0 0 0 0 0 0 0 0 0 0 0 0 0 0 0 0 0 0 0 0 0 0 0 0 0 0 0 0 0 0
0 0 0 0 0 0 0 0 0 0 0 0 0 0 0 0 0 0 0 0 0 0 0 0 0 0 0 0 0 0 0 0 0 0 0 0
0 0 0 0 0 0 0 0 0 0 0 0 0 0 0 0 0 0 0 0 0 0 0 0
##$SHL_OFFSCOEFF1= (0..95)
0 0 0 0 0 0 0 0 0 0 0 0 0 0 0 0 0 0 0 0 0 0 0 0 0 0 0 0 0 0 0 0 0 0 0 0
0 0 0 0 0 0 0 0 0 0 0 0 0 0 0 0 0 0 0 0 0 0 0 0 0 0 0 0 0 0 0 0 0 0 0 0
0 0 0 0 0 0 0 0 0 0 0 0 0 0 0 0 0 0 0 0 0 0 0 0
##$SHL_OFFSCOEFF10= (0..95)
0 0 0 0 0 0 0 0 0 0 0 0 0 0 0 0 0 0 0 0 0 0 0 0 0 0 0 0 0 0 0 0 0 0 0 0
0 0 0 0 0 0 0 0 0 0 0 0 0 0 0 0 0 0 0 0 0 0 0 0 0 0 0 0 0 0 0 0 0 0 0 0
0 0 0 0 0 0 0 0 0 0 0 0 0 0 0 0 0 0 0 0 0 0 0 0
##$SHL_OFFSCOEFF11= (0..95)
0 0 0 0 0 0 0 0 0 0 0 0 0 0 0 0 0 0 0 0 0 0 0 0 0 0 0 0 0 0 0 0 0 0 0 0
0 0 0 0 0 0 0 0 0 0 0 0 0 0 0 0 0 0 0 0 0 0 0 0 0 0 0 0 0 0 0 0 0 0 0 0
0 0 0 0 0 0 0 0 0 0 0 0 0 0 0 0 0 0 0 0 0 0 0 0
##$SHL_OFFSCOEFF12= (0..95)
0 0 0 0 0 0 0 0 0 0 0 0 0 0 0 0 0 0 0 0 0 0 0 0 0 0 0 0 0 0 0 0 0 0 0 0
0 0 0 0 0 0 0 0 0 0 0 0 0 0 0 0 0 0 0 0 0 0 0 0 0 0 0 0 0 0 0 0 0 0 0 0
0 0 0 0 0 0 0 0 0 0 0 0 0 0 0 0 0 0 0 0 0 0 0 0
##$SHL_OFFSCOEFF13= (0..95)
0 0 0 0 0 0 0 0 0 0 0 0 0 0 0 0 0 0 0 0 0 0 0 0 0 0 0 0 0 0 0 0 0 0 0 0
0 0 0 0 0 0 0 0 0 0 0 0 0 0 0 0 0 0 0 0 0 0 0 0 0 0 0 0 0 0 0 0 0 0 0 0
0 0 0 0 0 0 0 0 0 0 0 0 0 0 0 0 0 0 0 0 0 0 0 0
##$SHL_OFFSCOEFF14= (0..95)
0 0 0 0 0 0 0 0 0 0 0 0 0 0 0 0 0 0 0 0 0 0 0 0 0 0 0 0 0 0 0 0 0 0 0 0
0 0 0 0 0 0 0 0 0 0 0 0 0 0 0 0 0 0 0 0 0 0 0 0 0 0 0 0 0 0 0 0 0 0 0 0
0 0 0 0 0 0 0 0 0 0 0 0 0 0 0 0 0 0 0 0 0 0 0 0
##$SHL_OFFSCOEFF15= (0..95)
0 0 0 0 0 0 0 0 0 0 0 0 0 0 0 0 0 0 0 0 0 0 0 0 0 0 0 0 0 0 0 0 0 0 0 0
0 0 0 0 0 0 0 0 0 0 0 0 0 0 0 0 0 0 0 0 0 0 0 0 0 0 0 0 0 0 0 0 0 0 0 0
0 0 0 0 0 0 0 0 0 0 0 0 0 0 0 0 0 0 0 0 0 0 0 0
##$SHL_OFFSCOEFF2= (0..95)
0 0 0 0 0 0 0 0 0 0 0 0 0 0 0 0 0 0 0 0 0 0 0 0 0 0 0 0 0 0 0 0 0 0 0 0
0 0 0 0 0 0 0 0 0 0 0 0 0 0 0 0 0 0 0 0 0 0 0 0 0 0 0 0 0 0 0 0 0 0 0 0
0 0 0 0 0 0 0 0 0 0 0 0 0 0 0 0 0 0 0 0 0 0 0 0
##$SHL_OFFSCOEFF3= (0..95)
0 0 0 0 0 0 0 0 0 0 0 0 0 0 0 0 0 0 0 0 0 0 0 0 0 0 0 0 0 0 0 0 0 0 0 0
0 0 0 0 0 0 0 0 0 0 0 0 0 0 0 0 0 0 0 0 0 0 0 0 0 0 0 0 0 0 0 0 0 0 0 0
0 0 0 0 0 0 0 0 0 0 0 0 0 0 0 0 0 0 0 0 0 0 0 0
##$SHL_OFFSCOEFF4= (0..95)
0 0 0 0 0 0 0 0 0 0 0 0 0 0 0 0 0 0 0 0 0 0 0 0 0 0 0 0 0 0 0 0 0 0 0 0
0 0 0 0 0 0 0 0 0 0 0 0 0 0 0 0 0 0 0 0 0 0 0 0 0 0 0 0 0 0 0 0 0 0 0 0
0 0 0 0 0 0 0 0 0 0 0 0 0 0 0 0 0 0 0 0 0 0 0 0
##$SHL_OFFSCOEFF5= (0..95)
0 0 0 0 0 0 0 0 0 0 0 0 0 0 0 0 0 0 0 0 0 0 0 0 0 0 0 0 0 0 0 0 0 0 0 0
0 0 0 0 0 0 0 0 0 0 0 0 0 0 0 0 0 0 0 0 0 0 0 0 0 0 0 0 0 0 0 0 0 0 0 0
0 0 0 0 0 0 0 0 0 0 0 0 0 0 0 0 0 0 0 0 0 0 0 0
##$SHL_OFFSCOEFF6= (0..95)
0 0 0 0 0 0 0 0 0 0 0 0 0 0 0 0 0 0 0 0 0 0 0 0 0 0 0 0 0 0 0 0 0 0 0 0
0 0 0 0 0 0 0 0 0 0 0 0 0 0 0 0 0 0 0 0 0 0 0 0 0 0 0 0 0 0 0 0 0 0 0 0
0 0 0 0 0 0 0 0 0 0 0 0 0 0 0 0 0 0 0 0 0 0 0 0
##$SHL_OFFSCOEFF7= (0..95)
0 0 0 0 0 0 0 0 0 0 0 0 0 0 0 0 0 0 0 0 0 0 0 0 0 0 0 0 0 0 0 0 0 0 0 0
0 0 0 0 0 0 0 0 0 0 0 0 0 0 0 0 0 0 0 0 0 0 0 0 0 0 0 0 0 0 0 0 0 0 0 0
0 0 0 0 0 0 0 0 0 0 0 0 0 0 0 0 0 0 0 0 0 0 0 0
##$SHL_OFFSCOEFF8= (0..95)
0 0 0 0 0 0 0 0 0 0 0 0 0 0 0 0 0 0 0 0 0 0 0 0 0 0 0 0 0 0 0 0 0 0 0 0
0 0 0 0 0 0 0 0 0 0 0 0 0 0 0 0 0 0 0 0 0 0 0 0 0 0 0 0 0 0 0 0 0 0 0 0
0 0 0 0 0 0 0 0 0 0 0 0 0 0 0 0 0 0 0 0 0 0 0 0
##$SHL_OFFSCOEFF9= (0..95)
0 0 0 0 0 0 0 0 0 0 0 0 0 0 0 0 0 0 0 0 0 0 0 0 0 0 0 0 0 0 0 0 0 0 0 0
0 0 0 0 0 0 0 0 0 0 0 0 0 0 0 0 0 0 0 0 0 0 0 0 0 0 0 0 0 0 0 0 0 0 0 0
0 0 0 0 0 0 0 0 0 0 0 0 0 0 0 0 0 0 0 0 0 0 0 0
##$SHL_PHASE= (0..15)
0 0 0 0 0 0 0 0 0 0 0 0 0 0 0 0
##$SHL_PHASEFAC= (0..15)
0 0 0 0 0 0 0 0 0 0 0 0 0 0 0 0
##$SHL_POWERINDEX= (0..15)
0 0 0 0 0 0 0 0 0 0 0 0 0 0 0 0
##$SHL_QUADCOEFF= (0..15)
0 0 0 0 0 0 0 0 0 0 0 0 0 0 0 0
##$SHL_RIGHTLIMIT= (0..15)
0 0 0 0 0 0 0 0 0 0 0 0 0 0 0 0
##$SHL_SCALEFACTOR= (0..15)
1 1 1 1 1 1 1 1 1 1 1 1 1 1 1 1
##$SHL_SF= (0..15)
<> <> <> <> <> <> <> <> <> <> <> <> <> <> <> <>
##$SHL_SFCOEFFS0= (0..200)
0 0 0 0 0 0 0 0 0 0 0 0 0 0 0 0 0 0 0 0 0 0 0 0 0 0 0 0 0 0 0 0 0 0 0 0
0 0 0 0 0 0 0 0 0 0 0 0 0 0 0 0 0 0 0 0 0 0 0 0 0 0 0 0 0 0 0 0 0 0 0 0
0 0 0 0 0 0 0 0 0 0 0 0 0 0 0 0 0 0 0 0 0 0 0 0 0 0 0 0 0 0 0 0 0 0 0 0
0 0 0 0 0 0 0 0 0 0 0 0 0 0 0 0 0 0 0 0 0 0 0 0 0 0 0 0 0 0 0 0 0 0 0 0
0 0 0 0 0 0 0 0 0 0 0 0 0 0 0 0 0 0 0 0 0 0 0 0 0 0 0 0 0 0 0 0 0 0 0 0
0 0 0 0 0 0 0 0 0 0 0 0 0 0 0 0 0 0 0 0 0
##$SHL_SFCOEFFS1= (0..200)
0 0 0 0 0 0 0 0 0 0 0 0 0 0 0 0 0 0 0 0 0 0 0 0 0 0 0 0 0 0 0 0 0 0 0 0
0 0 0 0 0 0 0 0 0 0 0 0 0 0 0 0 0 0 0 0 0 0 0 0 0 0 0 0 0 0 0 0 0 0 0 0
0 0 0 0 0 0 0 0 0 0 0 0 0 0 0 0 0 0 0 0 0 0 0 0 0 0 0 0 0 0 0 0 0 0 0 0
0 0 0 0 0 0 0 0 0 0 0 0 0 0 0 0 0 0 0 0 0 0 0 0 0 0 0 0 0 0 0 0 0 0 0 0
0 0 0 0 0 0 0 0 0 0 0 0 0 0 0 0 0 0 0 0 0 0 0 0 0 0 0 0 0 0 0 0 0 0 0 0
0 0 0 0 0 0 0 0 0 0 0 0 0 0 0 0 0 0 0 0 0
##$SHL_SFCOEFFS10= (0..200)
0 0 0 0 0 0 0 0 0 0 0 0 0 0 0 0 0 0 0 0 0 0 0 0 0 0 0 0 0 0 0 0 0 0 0 0
0 0 0 0 0 0 0 0 0 0 0 0 0 0 0 0 0 0 0 0 0 0 0 0 0 0 0 0 0 0 0 0 0 0 0 0
0 0 0 0 0 0 0 0 0 0 0 0 0 0 0 0 0 0 0 0 0 0 0 0 0 0 0 0 0 0 0 0 0 0 0 0
0 0 0 0 0 0 0 0 0 0 0 0 0 0 0 0 0 0 0 0 0 0 0 0 0 0 0 0 0 0 0 0 0 0 0 0
0 0 0 0 0 0 0 0 0 0 0 0 0 0 0 0 0 0 0 0 0 0 0 0 0 0 0 0 0 0 0 0 0 0 0 0
0 0 0 0 0 0 0 0 0 0 0 0 0 0 0 0 0 0 0 0 0
##$SHL_SFCOEFFS11= (0..200)
0 0 0 0 0 0 0 0 0 0 0 0 0 0 0 0 0 0 0 0 0 0 0 0 0 0 0 0 0 0 0 0 0 0 0 0
0 0 0 0 0 0 0 0 0 0 0 0 0 0 0 0 0 0 0 0 0 0 0 0 0 0 0 0 0 0 0 0 0 0 0 0
0 0 0 0 0 0 0 0 0 0 0 0 0 0 0 0 0 0 0 0 0 0 0 0 0 0 0 0 0 0 0 0 0 0 0 0
0 0 0 0 0 0 0 0 0 0 0 0 0 0 0 0 0 0 0 0 0 0 0 0 0 0 0 0 0 0 0 0 0 0 0 0
0 0 0 0 0 0 0 0 0 0 0 0 0 0 0 0 0 0 0 0 0 0 0 0 0 0 0 0 0 0 0 0 0 0 0 0
0 0 0 0 0 0 0 0 0 0 0 0 0 0 0 0 0 0 0 0 0
##$SHL_SFCOEFFS12= (0..200)
0 0 0 0 0 0 0 0 0 0 0 0 0 0 0 0 0 0 0 0 0 0 0 0 0 0 0 0 0 0 0 0 0 0 0 0
0 0 0 0 0 0 0 0 0 0 0 0 0 0 0 0 0 0 0 0 0 0 0 0 0 0 0 0 0 0 0 0 0 0 0 0
0 0 0 0 0 0 0 0 0 0 0 0 0 0 0 0 0 0 0 0 0 0 0 0 0 0 0 0 0 0 0 0 0 0 0 0
0 0 0 0 0 0 0 0 0 0 0 0 0 0 0 0 0 0 0 0 0 0 0 0 0 0 0 0 0 0 0 0 0 0 0 0
0 0 0 0 0 0 0 0 0 0 0 0 0 0 0 0 0 0 0 0 0 0 0 0 0 0 0 0 0 0 0 0 0 0 0 0
0 0 0 0 0 0 0 0 0 0 0 0 0 0 0 0 0 0 0 0 0
##$SHL_SFCOEFFS13= (0..200)
0 0 0 0 0 0 0 0 0 0 0 0 0 0 0 0 0 0 0 0 0 0 0 0 0 0 0 0 0 0 0 0 0 0 0 0
0 0 0 0 0 0 0 0 0 0 0 0 0 0 0 0 0 0 0 0 0 0 0 0 0 0 0 0 0 0 0 0 0 0 0 0
0 0 0 0 0 0 0 0 0 0 0 0 0 0 0 0 0 0 0 0 0 0 0 0 0 0 0 0 0 0 0 0 0 0 0 0
0 0 0 0 0 0 0 0 0 0 0 0 0 0 0 0 0 0 0 0 0 0 0 0 0 0 0 0 0 0 0 0 0 0 0 0
0 0 0 0 0 0 0 0 0 0 0 0 0 0 0 0 0 0 0 0 0 0 0 0 0 0 0 0 0 0 0 0 0 0 0 0
0 0 0 0 0 0 0 0 0 0 0 0 0 0 0 0 0 0 0 0 0
##$SHL_SFCOEFFS14= (0..200)
0 0 0 0 0 0 0 0 0 0 0 0 0 0 0 0 0 0 0 0 0 0 0 0 0 0 0 0 0 0 0 0 0 0 0 0
0 0 0 0 0 0 0 0 0 0 0 0 0 0 0 0 0 0 0 0 0 0 0 0 0 0 0 0 0 0 0 0 0 0 0 0
0 0 0 0 0 0 0 0 0 0 0 0 0 0 0 0 0 0 0 0 0 0 0 0 0 0 0 0 0 0 0 0 0 0 0 0
0 0 0 0 0 0 0 0 0 0 0 0 0 0 0 0 0 0 0 0 0 0 0 0 0 0 0 0 0 0 0 0 0 0 0 0
0 0 0 0 0 0 0 0 0 0 0 0 0 0 0 0 0 0 0 0 0 0 0 0 0 0 0 0 0 0 0 0 0 0 0 0
0 0 0 0 0 0 0 0 0 0 0 0 0 0 0 0 0 0 0 0 0
##$SHL_SFCOEFFS15= (0..200)
0 0 0 0 0 0 0 0 0 0 0 0 0 0 0 0 0 0 0 0 0 0 0 0 0 0 0 0 0 0 0 0 0 0 0 0
0 0 0 0 0 0 0 0 0 0 0 0 0 0 0 0 0 0 0 0 0 0 0 0 0 0 0 0 0 0 0 0 0 0 0 0
0 0 0 0 0 0 0 0 0 0 0 0 0 0 0 0 0 0 0 0 0 0 0 0 0 0 0 0 0 0 0 0 0 0 0 0
0 0 0 0 0 0 0 0 0 0 0 0 0 0 0 0 0 0 0 0 0 0 0 0 0 0 0 0 0 0 0 0 0 0 0 0
0 0 0 0 0 0 0 0 0 0 0 0 0 0 0 0 0 0 0 0 0 0 0 0 0 0 0 0 0 0 0 0 0 0 0 0
0 0 0 0 0 0 0 0 0 0 0 0 0 0 0 0 0 0 0 0 0
##$SHL_SFCOEFFS2= (0..200)
0 0 0 0 0 0 0 0 0 0 0 0 0 0 0 0 0 0 0 0 0 0 0 0 0 0 0 0 0 0 0 0 0 0 0 0
0 0 0 0 0 0 0 0 0 0 0 0 0 0 0 0 0 0 0 0 0 0 0 0 0 0 0 0 0 0 0 0 0 0 0 0
0 0 0 0 0 0 0 0 0 0 0 0 0 0 0 0 0 0 0 0 0 0 0 0 0 0 0 0 0 0 0 0 0 0 0 0
0 0 0 0 0 0 0 0 0 0 0 0 0 0 0 0 0 0 0 0 0 0 0 0 0 0 0 0 0 0 0 0 0 0 0 0
0 0 0 0 0 0 0 0 0 0 0 0 0 0 0 0 0 0 0 0 0 0 0 0 0 0 0 0 0 0 0 0 0 0 0 0
0 0 0 0 0 0 0 0 0 0 0 0 0 0 0 0 0 0 0 0 0
##$SHL_SFCOEFFS3= (0..200)
0 0 0 0 0 0 0 0 0 0 0 0 0 0 0 0 0 0 0 0 0 0 0 0 0 0 0 0 0 0 0 0 0 0 0 0
0 0 0 0 0 0 0 0 0 0 0 0 0 0 0 0 0 0 0 0 0 0 0 0 0 0 0 0 0 0 0 0 0 0 0 0
0 0 0 0 0 0 0 0 0 0 0 0 0 0 0 0 0 0 0 0 0 0 0 0 0 0 0 0 0 0 0 0 0 0 0 0
0 0 0 0 0 0 0 0 0 0 0 0 0 0 0 0 0 0 0 0 0 0 0 0 0 0 0 0 0 0 0 0 0 0 0 0
0 0 0 0 0 0 0 0 0 0 0 0 0 0 0 0 0 0 0 0 0 0 0 0 0 0 0 0 0 0 0 0 0 0 0 0
0 0 0 0 0 0 0 0 0 0 0 0 0 0 0 0 0 0 0 0 0
##$SHL_SFCOEFFS4= (0..200)
0 0 0 0 0 0 0 0 0 0 0 0 0 0 0 0 0 0 0 0 0 0 0 0 0 0 0 0 0 0 0 0 0 0 0 0
0 0 0 0 0 0 0 0 0 0 0 0 0 0 0 0 0 0 0 0 0 0 0 0 0 0 0 0 0 0 0 0 0 0 0 0
0 0 0 0 0 0 0 0 0 0 0 0 0 0 0 0 0 0 0 0 0 0 0 0 0 0 0 0 0 0 0 0 0 0 0 0
0 0 0 0 0 0 0 0 0 0 0 0 0 0 0 0 0 0 0 0 0 0 0 0 0 0 0 0 0 0 0 0 0 0 0 0
0 0 0 0 0 0 0 0 0 0 0 0 0 0 0 0 0 0 0 0 0 0 0 0 0 0 0 0 0 0 0 0 0 0 0 0
0 0 0 0 0 0 0 0 0 0 0 0 0 0 0 0 0 0 0 0 0
##$SHL_SFCOEFFS5= (0..200)
0 0 0 0 0 0 0 0 0 0 0 0 0 0 0 0 0 0 0 0 0 0 0 0 0 0 0 0 0 0 0 0 0 0 0 0
0 0 0 0 0 0 0 0 0 0 0 0 0 0 0 0 0 0 0 0 0 0 0 0 0 0 0 0 0 0 0 0 0 0 0 0
0 0 0 0 0 0 0 0 0 0 0 0 0 0 0 0 0 0 0 0 0 0 0 0 0 0 0 0 0 0 0 0 0 0 0 0
0 0 0 0 0 0 0 0 0 0 0 0 0 0 0 0 0 0 0 0 0 0 0 0 0 0 0 0 0 0 0 0 0 0 0 0
0 0 0 0 0 0 0 0 0 0 0 0 0 0 0 0 0 0 0 0 0 0 0 0 0 0 0 0 0 0 0 0 0 0 0 0
0 0 0 0 0 0 0 0 0 0 0 0 0 0 0 0 0 0 0 0 0
##$SHL_SFCOEFFS6= (0..200)
0 0 0 0 0 0 0 0 0 0 0 0 0 0 0 0 0 0 0 0 0 0 0 0 0 0 0 0 0 0 0 0 0 0 0 0
0 0 0 0 0 0 0 0 0 0 0 0 0 0 0 0 0 0 0 0 0 0 0 0 0 0 0 0 0 0 0 0 0 0 0 0
0 0 0 0 0 0 0 0 0 0 0 0 0 0 0 0 0 0 0 0 0 0 0 0 0 0 0 0 0 0 0 0 0 0 0 0
0 0 0 0 0 0 0 0 0 0 0 0 0 0 0 0 0 0 0 0 0 0 0 0 0 0 0 0 0 0 0 0 0 0 0 0
0 0 0 0 0 0 0 0 0 0 0 0 0 0 0 0 0 0 0 0 0 0 0 0 0 0 0 0 0 0 0 0 0 0 0 0
0 0 0 0 0 0 0 0 0 0 0 0 0 0 0 0 0 0 0 0 0
##$SHL_SFCOEFFS7= (0..200)
0 0 0 0 0 0 0 0 0 0 0 0 0 0 0 0 0 0 0 0 0 0 0 0 0 0 0 0 0 0 0 0 0 0 0 0
0 0 0 0 0 0 0 0 0 0 0 0 0 0 0 0 0 0 0 0 0 0 0 0 0 0 0 0 0 0 0 0 0 0 0 0
0 0 0 0 0 0 0 0 0 0 0 0 0 0 0 0 0 0 0 0 0 0 0 0 0 0 0 0 0 0 0 0 0 0 0 0
0 0 0 0 0 0 0 0 0 0 0 0 0 0 0 0 0 0 0 0 0 0 0 0 0 0 0 0 0 0 0 0 0 0 0 0
0 0 0 0 0 0 0 0 0 0 0 0 0 0 0 0 0 0 0 0 0 0 0 0 0 0 0 0 0 0 0 0 0 0 0 0
0 0 0 0 0 0 0 0 0 0 0 0 0 0 0 0 0 0 0 0 0
##$SHL_SFCOEFFS8= (0..200)
0 0 0 0 0 0 0 0 0 0 0 0 0 0 0 0 0 0 0 0 0 0 0 0 0 0 0 0 0 0 0 0 0 0 0 0
0 0 0 0 0 0 0 0 0 0 0 0 0 0 0 0 0 0 0 0 0 0 0 0 0 0 0 0 0 0 0 0 0 0 0 0
0 0 0 0 0 0 0 0 0 0 0 0 0 0 0 0 0 0 0 0 0 0 0 0 0 0 0 0 0 0 0 0 0 0 0 0
0 0 0 0 0 0 0 0 0 0 0 0 0 0 0 0 0 0 0 0 0 0 0 0 0 0 0 0 0 0 0 0 0 0 0 0
0 0 0 0 0 0 0 0 0 0 0 0 0 0 0 0 0 0 0 0 0 0 0 0 0 0 0 0 0 0 0 0 0 0 0 0
0 0 0 0 0 0 0 0 0 0 0 0 0 0 0 0 0 0 0 0 0
##$SHL_SFCOEFFS9= (0..200)
0 0 0 0 0 0 0 0 0 0 0 0 0 0 0 0 0 0 0 0 0 0 0 0 0 0 0 0 0 0 0 0 0 0 0 0
0 0 0 0 0 0 0 0 0 0 0 0 0 0 0 0 0 0 0 0 0 0 0 0 0 0 0 0 0 0 0 0 0 0 0 0
0 0 0 0 0 0 0 0 0 0 0 0 0 0 0 0 0 0 0 0 0 0 0 0 0 0 0 0 0 0 0 0 0 0 0 0
0 0 0 0 0 0 0 0 0 0 0 0 0 0 0 0 0 0 0 0 0 0 0 0 0 0 0 0 0 0 0 0 0 0 0 0
0 0 0 0 0 0 0 0 0 0 0 0 0 0 0 0 0 0 0 0 0 0 0 0 0 0 0 0 0 0 0 0 0 0 0 0
0 0 0 0 0 0 0 0 0 0 0 0 0 0 0 0 0 0 0 0 0
##$SHL_SMOOTHED= (0..15)
0 0 0 0 0 0 0 0 0 0 0 0 0 0 0 0
##$SHL_SMOOTHING= (0..15)
0 0 0 0 0 0 0 0 0 0 0 0 0 0 0 0
##$SHL_SPOAL= (0..15)
0 0 0 0 0 0 0 0 0 0 0 0 0 0 0 0
##$SHL_SPOFFS= (0..15)
0 0 0 0 0 0 0 0 0 0 0 0 0 0 0 0
##$SHL_SPOPH= (0..15)
0 0 0 0 0 0 0 0 0 0 0 0 0 0 0 0
##$SHL_STARTAMP= (0..15)
0 0 0 0 0 0 0 0 0 0 0 0 0 0 0 0
##$SHL_SW= (0..15)
0 0 0 0 0 0 0 0 0 0 0 0 0 0 0 0
##$SHL_SWDIR= (0..15)
-1 -1 -1 -1 -1 -1 -1 -1 -1 -1 -1 -1 -1 -1 -1 -1
##$SHL_TANKAPPA= (0..15)
0 0 0 0 0 0 0 0 0 0 0 0 0 0 0 0
##$SHL_TOTROT= (0..15)
90 0 0 0 0 0 0 0 0 0 0 0 0 0 0 0
##$SHL_TRUNCLEV= (0..15)
0 0 0 0 0 0 0 0 0 0 0 0 0 0 0 0
##$SHL_TYPE= (0..15)
<Excitation> <> <> <> <> <> <> <> <> <> <> <> <> <> <> <>
##$SHL_WINDOWSIZE= (0..15)
0 0 0 0 0 0 0 0 0 0 0 0 0 0 0 0
##$SHL_ZETA= (0..15)
0 0 0 0 0 0 0 0 0 0 0 0 0 0 0 0
##NPOINTS= 1250
##XYPOINTS= (XY..XY)
59.647264, 98.987626
58.704419, 100.269018
57.754794, 101.559855
56.798743, 102.860616
55.836623, 104.171813
54.868801, 105.493997
53.895648, 106.827755
52.917543, 108.173717
51.934872, 109.532562
50.948028, 110.905016
49.957413, 112.291863
48.963440, 113.693947
47.966528, 115.112175
46.967109, 116.547530
45.965627, 118.001072
44.962535, 119.473947
43.958303, 120.967397
42.953416, 122.482769
41.948373, 124.021525
40.943692, 125.585253
39.939914, 127.175680
38.937598, 128.794690
37.937330, 130.444332
36.939725, 132.126848
35.945427, 133.844682
34.955116, 135.600510
33.969509, 137.397259
32.989369, 139.238134
32.015508, 141.126646
31.048792, 143.066644
30.090151, 145.062346
29.140586, 147.118373
28.201177, 149.239786
27.273095, 151.432119
26.357612, 153.701416
25.456117, 156.054257
24.570125, 158.497785
23.701297, 161.039714
22.851459, 163.688321
22.022610, 166.452413
21.216951, 169.341256
20.436893, 172.364448
19.685079, 175.531732
18.964387, 178.852709
18.277940, 182.336456
17.629095, 185.991009
17.021421, 189.822711
16.458658, 193.835431
15.944649, 198.029663
15.483244, 202.401586
15.078175, 206.942167
14.732900, 211.636458
14.450429, 216.463240
14.233143, 221.395185
14.082624, 226.399629
13.999523, 231.439982
13.983481, 236.477639
14.033116, 241.474179
14.146088, 246.393530
14.319220, 251.203822
14.548667, 255.878685
14.830109, 260.397930
15.158943, 264.747609
15.530455, 268.919597
15.939970, 272.910842
16.382965, 276.722456
16.855146, 280.358772
17.352501, 283.826465
17.871327, 287.133786
18.408236, 290.289933
18.960149, 293.304560
19.524284, 296.187407
20.098134, 298.948036
20.679447, 301.595652
21.266201, 304.138987
21.856580, 306.586235
22.448958, 308.945026
23.041870, 311.222417
23.634002, 313.424908
24.224169, 315.558469
24.811304, 317.628563
25.394440, 319.640187
25.972705, 321.597907
26.545306, 323.505889
27.111523, 325.367936
27.670700, 327.187521
28.222239, 328.967815
28.765595, 330.711715
29.300268, 332.421873
29.825800, 334.100714
30.341770, 335.750462
30.847793, 337.373155
31.343514, 338.970666
31.828606, 340.544717
32.302771, 342.096893
32.765730, 343.628655
33.217230, 345.141352
33.657036, 346.636230
34.084933, 348.114443
34.500723, 349.577059
34.904225, 351.025070
35.295272, 352.459399
35.673713, 353.880902
36.039409, 355.290379
36.392235, 356.688575
36.732078, 358.076189
37.058836, 359.453871
37.372419, 0.822232
37.672745, 2.181848
37.959745, 3.533256
38.233359, 4.876963
38.493534, 6.213449
38.740229, 7.543164
38.973411, 8.866536
39.193052, 10.183969
39.399138, 11.495846
39.591658, 12.802532
39.770610, 14.104374
39.936001, 15.401701
40.087843, 16.694831
40.226158, 17.984064
40.350970, 19.269689
40.462316, 20.551986
40.560235, 21.831221
40.644774, 23.107650
40.715987, 24.381524
40.773934, 25.653083
40.818680, 26.922559
40.850297, 28.190179
40.868863, 29.456165
40.874462, 30.720730
40.867183, 31.984086
40.847122, 33.246439
40.814379, 34.507991
40.769060, 35.768941
40.711278, 37.029486
40.641148, 38.289820
40.558794, 39.550136
40.464342, 40.810626
40.357926, 42.071478
40.239682, 43.332885
40.109755, 44.595034
39.968290, 45.858116
39.815442, 47.122323
39.651366, 48.387846
39.476225, 49.654879
39.290186, 50.923618
39.093421, 52.194261
38.886104, 53.467009
38.668417, 54.742065
38.440544, 56.019638
38.202676, 57.299940
37.955005, 58.583186
37.697730, 59.869599
37.431053, 61.159405
37.155182, 62.452837
36.870327, 63.750134
36.576703, 65.051542
36.274530, 66.357315
35.964031, 67.667715
35.645434, 68.983012
35.318971, 70.303486
34.984876, 71.629426
34.643391, 72.961131
34.294758, 74.298914
33.939227, 75.643097
33.577048, 76.994016
33.208479, 78.352019
32.833778, 79.717470
32.453211, 81.090748
32.067045, 82.472246
31.675553, 83.862375
31.279012, 85.261565
30.877702, 86.670264
30.471908, 88.088938
30.061920, 89.518075
29.648032, 90.958188
29.230542, 92.409808
28.809752, 93.873493
28.385971, 95.349828
27.959510, 96.839420
27.530687, 98.342908
27.099824, 99.860959
26.667248, 101.394270
26.233292, 102.943567
25.798294, 104.509614
25.362598, 106.093202
24.926553, 107.695162
24.490516, 109.316356
24.054848, 110.957686
23.619918, 112.620087
23.186100, 114.304533
22.753776, 116.012032
22.323335, 117.743629
21.895174, 119.500405
21.469695, 121.283473
21.047311, 123.093975
20.628439, 124.933086
20.213506, 126.801998
19.802947, 128.701928
19.397203, 130.634101
18.996725, 132.599748
18.601968, 134.600096
18.213398, 136.636354
17.831485, 138.709703
17.456705, 140.821281
17.089538, 142.972163
16.730470, 145.163341
16.379988, 147.395706
16.038579, 149.670017
15.706729, 151.986881
15.384920, 154.346716
15.073626, 156.749727
14.773314, 159.195868
14.484432, 161.684813
14.207415, 164.215922
13.942673, 166.788210
13.690589, 169.400320
13.451513, 172.050494
13.225759, 174.736561
13.013595, 177.455922
12.815243, 180.205546
12.630869, 182.981981
12.460584, 185.781368
12.304432, 188.599472
12.162393, 191.431725
12.034380, 194.273272
11.920233, 197.119038
11.819723, 199.963792
11.732552, 202.802226
11.658353, 205.629024
11.596696, 208.438947
11.547091, 211.226901
11.508995, 213.988005
11.481814, 216.717655
11.464914, 219.411569
11.457628, 222.065826
11.459259, 224.676898
11.469094, 227.241664
11.486403, 229.757412
11.510452, 232.221841
11.540509, 234.633041
11.575845, 236.989480
11.615742, 239.289973
11.659501, 241.533655
11.706438, 243.719949
11.755896, 245.848533
11.807239, 247.919304
11.859860, 249.932346
11.913184, 251.887901
11.966661, 253.786335
12.019777, 255.628111
12.072046, 257.413766
12.123017, 259.143885
12.172269, 260.819081
12.219414, 262.439976
12.264097, 264.007186
12.305992, 265.521307
12.344808, 266.982901
12.380281, 268.392486
12.412183, 269.750528
12.440311, 271.057432
12.464497, 272.313538
12.484599, 273.519113
12.500509, 274.674349
12.512146, 275.779359
12.519461, 276.834174
12.522433, 277.838744
12.521072, 278.792934
12.515421, 279.696526
12.505550, 280.549221
12.491562, 281.350638
12.473594, 282.100318
12.451812, 282.797730
12.426417, 283.442274
12.397646, 284.033285
12.365767, 284.570047
12.331087, 285.051797
12.293948, 285.477739
12.254728, 285.847056
12.213847, 286.158930
12.171760, 286.412555
12.128963, 286.607162
12.085994, 286.742044
12.043426, 286.816578
12.001877, 286.830263
11.962000, 286.782748
11.924488, 286.673869
11.890071, 286.503689
11.859513, 286.272538
11.833609, 285.981051
11.813181, 285.630211
11.799075, 285.221386
11.792155, 284.756364
11.793296, 284.237382
11.803378, 283.667150
11.823276, 283.048858
11.853855, 282.386183
11.895959, 281.683272
11.950400, 280.944717
12.017953, 280.175517
12.099343, 279.381021
12.195241, 278.566857
12.306251, 277.738859
12.432907, 276.902974
12.575670, 276.065173
12.734919, 275.231357
12.910951, 274.407262
13.103983, 273.598381
13.314150, 272.809879
13.541506, 272.046539
13.786034, 271.312703
14.047644, 270.612242
14.326181, 269.948530
14.621432, 269.324439
14.933130, 268.742342
15.260962, 268.204131
15.604577, 267.711234
15.963589, 267.264655
16.337582, 266.865002
16.726122, 266.512531
17.128754, 266.207180
17.545010, 265.948615
17.974416, 265.736266
18.416487, 265.569361
18.870739, 265.446966
19.336686, 265.368012
19.813841, 265.331327
20.301724, 265.335656
20.799857, 265.379689
21.307766, 265.462078
21.824985, 265.581453
22.351054, 265.736436
22.885520, 265.925654
23.427935, 266.147748
23.977861, 266.401381
24.534865, 266.685243
25.098524, 266.998058
25.668418, 267.338589
26.244137, 267.705634
26.825275, 268.098037
27.411435, 268.514682
28.002225, 268.954496
28.597257, 269.416453
29.196150, 269.899566
29.798530, 270.402892
30.404026, 270.925531
31.012272, 271.466620
31.622906, 272.025341
32.235572, 272.600908
32.849918, 273.192576
33.465593, 273.799634
34.082254, 274.421404
34.699559, 275.057243
35.317170, 275.706536
35.934752, 276.368699
36.551974, 277.043177
37.168507, 277.729441
37.784026, 278.426987
38.398208, 279.135336
39.010733, 279.854034
39.621283, 280.582645
40.229545, 281.320757
40.835206, 282.067976
41.437957, 282.823927
42.037491, 283.588255
42.633502, 284.360618
43.225690, 285.140694
43.813754, 285.928173
44.397397, 286.722760
44.976325, 287.524175
45.550245, 288.332151
46.118867, 289.146430
46.681904, 289.966769
47.239070, 290.792936
47.790084, 291.624707
48.334664, 292.461869
48.872534, 293.304219
49.403420, 294.151563
49.927047, 295.003715
50.443148, 295.860496
50.951455, 296.721737
51.451704, 297.587274
51.943634, 298.456950
52.426985, 299.330616
52.901503, 300.208129
53.366935, 301.089350
53.823030, 301.974148
54.269543, 302.862396
54.706229, 303.753972
55.132848, 304.648759
55.549163, 305.546645
55.954940, 306.447522
56.349948, 307.351286
56.733959, 308.257837
57.106750, 309.167079
57.468101, 310.078919
57.817794, 310.993269
58.155616, 311.910041
58.481357, 312.829155
58.794812, 313.750528
59.095778, 314.674085
59.384057, 315.599751
59.659455, 316.527453
59.921780, 317.457122
60.170848, 318.388691
60.406474, 319.322095
60.628481, 320.257270
60.836694, 321.194156
61.030944, 322.132693
61.211065, 323.072824
61.376895, 324.014493
61.528278, 324.957645
61.665061, 325.902228
61.787095, 326.848191
61.894237, 327.795484
61.986349, 328.744058
62.063295, 329.693865
62.124946, 330.644860
62.171177, 331.596996
62.201867, 332.550230
62.216901, 333.504519
62.216169, 334.459818
62.199564, 335.416088
62.166986, 336.373286
62.118338, 337.331373
62.053530, 338.290308
61.972475, 339.250053
61.875093, 340.210567
61.761307, 341.171814
61.631048, 342.133755
61.484249, 343.096351
61.320849, 344.059566
61.140794, 345.023362
60.944034, 345.987701
60.730524, 346.952547
60.500223, 347.917860
60.253098, 348.883605
59.989121, 349.849743
59.708266, 350.816235
59.410516, 351.783043
59.095858, 352.750128
58.764284, 353.717450
58.415792, 354.684969
58.050385, 355.652643
57.668071, 356.620429
57.268865, 357.588286
56.852785, 358.556168
56.419857, 359.524029
55.970110, 0.491822
55.503580, 1.459498
55.020307, 2.427006
54.520339, 3.394292
54.003727, 4.361302
53.470527, 5.327978
52.920803, 6.294258
52.354622, 7.260078
51.772058, 8.225372
51.173189, 9.190068
50.558099, 10.154091
49.926877, 11.117360
49.279619, 12.079790
48.616424, 13.041289
47.937397, 14.001760
47.242649, 14.961098
46.532296, 15.919190
45.806459, 16.875914
45.065265, 17.831139
44.308845, 18.784722
43.537336, 19.736506
42.750880, 20.686324
41.949625, 21.633989
41.133722, 22.579297
40.303331, 23.522027
39.458613, 24.461930
38.599738, 25.398734
37.726878, 26.332136
36.840213, 27.261797
35.939926, 28.187340
35.026207, 29.108342
34.099251, 30.024324
33.159257, 30.934748
32.206434, 31.838999
31.240991, 32.736379
30.263148, 33.626084
29.273127, 34.507192
28.271162, 35.378631
27.257488, 36.239154
26.232352, 37.087298
25.196007, 37.921336
24.148717, 38.739215
23.090756, 39.538474
22.022410, 40.316136
20.943980, 41.068569
19.855783, 41.791294
18.758160, 42.478720
17.651480, 43.123781
16.536146, 43.717413
15.412612, 44.247802
14.281398, 44.699256
13.143121, 45.050486
11.998539, 45.271883
10.848626, 45.321062
9.694702, 45.135230
8.538668, 44.617452
7.383458, 43.610415
6.234000, 41.842569
5.099414, 38.807998
3.998765, 33.473275
2.978142, 23.522120
2.165036, 3.871207
1.867436, 330.462788
2.304229, 299.238641
3.192396, 281.990897
4.262368, 273.211554
5.410217, 268.442287
6.597594, 265.709410
7.808140, 264.118627
9.033808, 263.223899
10.270146, 262.781979
11.514438, 262.650126
12.764885, 262.739467
14.020207, 262.991937
15.279433, 263.368069
16.541785, 263.840127
17.806613, 264.388068
19.073353, 264.997058
20.341496, 265.655883
21.610580, 266.355916
22.880169, 267.090410
24.149851, 267.854015
25.419230, 268.642432
26.687925, 269.452171
27.955562, 270.280368
29.221776, 271.124650
30.486210, 271.983034
31.748508, 272.853852
33.008322, 273.735690
34.265307, 274.627339
35.519118, 275.527762
36.769417, 276.436066
38.015866, 277.351472
39.258128, 278.273303
40.495871, 279.200966
41.728763, 280.133937
42.956475, 281.071754
44.178677, 282.014009
45.395044, 282.960336
46.605252, 283.910410
47.808978, 284.863940
49.005902, 285.820664
50.195703, 286.780344
51.378066, 287.742769
52.552674, 288.707743
53.719216, 289.675093
54.877379, 290.644657
56.026855, 291.616291
57.167338, 292.589860
58.298522, 293.565242
59.420105, 294.542325
60.531788, 295.521005
61.633274, 296.501188
62.724268, 297.482786
63.804477, 298.465717
64.873613, 299.449906
65.931390, 300.435282
66.977522, 301.421782
68.011730, 302.409344
69.033737, 303.397913
70.043267, 304.387434
71.040049, 305.377861
72.023816, 306.369145
72.994302, 307.361245
73.951247, 308.354119
74.894392, 309.347730
75.823483, 310.342042
76.738270, 311.337020
77.638507, 312.332634
78.523949, 313.328853
79.394358, 314.325649
80.249499, 315.322995
81.089140, 316.320865
81.913054, 317.319235
82.721019, 318.318083
83.512816, 319.317386
84.288230, 320.317125
85.047051, 321.317278
85.789073, 322.317828
86.514095, 323.318756
87.221921, 324.320045
87.912358, 325.321679
88.585219, 326.323642
89.240321, 327.325919
89.877486, 328.328495
90.496540, 329.331357
91.097317, 330.334491
91.679651, 331.337885
92.243385, 332.341525
92.788365, 333.345400
93.314443, 334.349499
93.821476, 335.353810
94.309325, 336.358322
94.777857, 337.363025
95.226945, 338.367910
95.656467, 339.372965
96.066305, 340.378181
96.456347, 341.383550
96.826488, 342.389061
97.176625, 343.394706
97.506664, 344.400477
97.816514, 345.406365
98.106091, 346.412361
98.375316, 347.418457
98.624116, 348.424646
98.852421, 349.430920
99.060171, 350.437270
99.247307, 351.443689
99.413780, 352.450170
99.559543, 353.456705
99.684557, 354.463287
99.788788, 355.469909
99.872206, 356.476562
99.934790, 357.483241
99.976522, 358.489937
99.997391, 359.496645
99.997391, 0.503355
99.976522, 1.510063
99.934790, 2.516759
99.872206, 3.523438
99.788788, 4.530091
99.684557, 5.536713
99.559543, 6.543295
99.413780, 7.549830
99.247307, 8.556311
99.060171, 9.562730
98.852421, 10.569080
98.624116, 11.575354
98.375316, 12.581543
98.106091, 13.587639
97.816514, 14.593635
97.506664, 15.599523
97.176625, 16.605294
96.826488, 17.610939
96.456347, 18.616450
96.066305, 19.621819
95.656467, 20.627035
95.226945, 21.632090
94.777857, 22.636975
94.309325, 23.641678
93.821476, 24.646190
93.314443, 25.650501
92.788365, 26.654600
92.243385, 27.658475
91.679651, 28.662115
91.097317, 29.665509
90.496540, 30.668643
89.877486, 31.671505
89.240321, 32.674081
88.585219, 33.676358
87.912358, 34.678321
87.221921, 35.679955
86.514095, 36.681244
85.789073, 37.682172
85.047051, 38.682722
84.288230, 39.682875
83.512816, 40.682614
82.721019, 41.681917
81.913054, 42.680765
81.089140, 43.679135
80.249499, 44.677005
79.394358, 45.674351
78.523949, 46.671147
77.638507, 47.667366
76.738270, 48.662980
75.823483, 49.657958
74.894392, 50.652270
73.951247, 51.645881
72.994302, 52.638755
72.023816, 53.630855
71.040049, 54.622139
70.043267, 55.612566
69.033737, 56.602087
68.011730, 57.590656
66.977522, 58.578218
65.931390, 59.564718
64.873613, 60.550094
63.804477, 61.534283
62.724268, 62.517214
61.633274, 63.498812
60.531788, 64.478995
59.420105, 65.457675
58.298522, 66.434758
57.167338, 67.410140
56.026855, 68.383709
54.877379, 69.355343
53.719216, 70.324907
52.552674, 71.292257
51.378066, 72.257231
50.195703, 73.219656
49.005902, 74.179336
47.808978, 75.136060
46.605252, 76.089590
45.395044, 77.039664
44.178677, 77.985991
42.956475, 78.928246
41.728763, 79.866063
40.495871, 80.799034
39.258128, 81.726697
38.015866, 82.648528
36.769417, 83.563934
35.519118, 84.472238
34.265307, 85.372661
33.008322, 86.264310
31.748508, 87.146148
30.486210, 88.016966
29.221776, 88.875350
27.955562, 89.719632
26.687925, 90.547829
25.419230, 91.357568
24.149851, 92.145985
22.880169, 92.909590
21.610580, 93.644084
20.341496, 94.344117
19.073353, 95.002942
17.806613, 95.611932
16.541785, 96.159873
15.279433, 96.631931
14.020207, 97.008063
12.764885, 97.260533
11.514438, 97.349874
10.270146, 97.218021
9.033808, 96.776101
7.808140, 95.881373
6.597594, 94.290590
5.410217, 91.557713
4.262368, 86.788446
3.192396, 78.009103
2.304229, 60.761359
1.867436, 29.537212
2.165036, 356.128793
2.978142, 336.477880
3.998765, 326.526725
5.099414, 321.192002
6.234000, 318.157431
7.383458, 316.389585
8.538668, 315.382548
9.694702, 314.864770
10.848626, 314.678938
11.998539, 314.728117
13.143121, 314.949514
14.281398, 315.300744
15.412612, 315.752198
16.536146, 316.282587
17.651480, 316.876219
18.758160, 317.521280
19.855783, 318.208706
20.943980, 318.931431
22.022410, 319.683864
23.090756, 320.461526
24.148717, 321.260785
25.196007, 322.078664
26.232352, 322.912702
27.257488, 323.760846
28.271162, 324.621369
29.273127, 325.492808
30.263148, 326.373916
31.240991, 327.263621
32.206434, 328.161001
33.159257, 329.065252
34.099251, 329.975676
35.026207, 330.891658
35.939926, 331.812660
36.840213, 332.738203
37.726878, 333.667864
38.599738, 334.601266
39.458613, 335.538070
40.303331, 336.477973
41.133722, 337.420703
41.949625, 338.366011
42.750880, 339.313676
43.537336, 340.263494
44.308845, 341.215278
45.065265, 342.168861
45.806459, 343.124086
46.532296, 344.080810
47.242649, 345.038902
47.937397, 345.998240
48.616424, 346.958711
49.279619, 347.920210
49.926877, 348.882640
50.558099, 349.845909
51.173189, 350.809932
51.772058, 351.774628
52.354622, 352.739922
52.920803, 353.705742
53.470527, 354.672022
54.003727, 355.638698
54.520339, 356.605708
55.020307, 357.572994
55.503580, 358.540502
55.970110, 359.508178
56.419857, 0.475971
56.852785, 1.443832
57.268865, 2.411714
57.668071, 3.379571
58.050385, 4.347357
58.415792, 5.315031
58.764284, 6.282550
59.095858, 7.249872
59.410516, 8.216957
59.708266, 9.183765
59.989121, 10.150257
60.253098, 11.116395
60.500223, 12.082140
60.730524, 13.047453
60.944034, 14.012299
61.140794, 14.976638
61.320849, 15.940434
61.484249, 16.903649
61.631048, 17.866245
61.761307, 18.828186
61.875093, 19.789433
61.972475, 20.749947
62.053530, 21.709692
62.118338, 22.668627
62.166986, 23.626714
62.199564, 24.583912
62.216169, 25.540182
62.216901, 26.495481
62.201867, 27.449770
62.171177, 28.403004
62.124946, 29.355140
62.063295, 30.306135
61.986349, 31.255942
61.894237, 32.204516
61.787095, 33.151809
61.665061, 34.097772
61.528278, 35.042355
61.376895, 35.985507
61.211065, 36.927176
61.030944, 37.867307
60.836694, 38.805844
60.628481, 39.742730
60.406474, 40.677905
60.170848, 41.611309
59.921780, 42.542878
59.659455, 43.472547
59.384057, 44.400249
59.095778, 45.325915
58.794812, 46.249472
58.481357, 47.170845
58.155616, 48.089959
57.817794, 49.006731
57.468101, 49.921081
57.106750, 50.832921
56.733959, 51.742163
56.349948, 52.648714
55.954940, 53.552478
55.549163, 54.453355
55.132848, 55.351241
54.706229, 56.246028
54.269543, 57.137604
53.823030, 58.025852
53.366935, 58.910650
52.901503, 59.791871
52.426985, 60.669384
51.943634, 61.543050
51.451704, 62.412726
50.951455, 63.278263
50.443148, 64.139504
49.927047, 64.996285
49.403420, 65.848437
48.872534, 66.695781
48.334664, 67.538131
47.790084, 68.375293
47.239070, 69.207064
46.681904, 70.033231
46.118867, 70.853570
45.550245, 71.667849
44.976325, 72.475825
44.397397, 73.277240
43.813754, 74.071827
43.225690, 74.859306
42.633502, 75.639382
42.037491, 76.411745
41.437957, 77.176073
40.835206, 77.932024
40.229545, 78.679243
39.621283, 79.417355
39.010733, 80.145966
38.398208, 80.864664
37.784026, 81.573013
37.168507, 82.270559
36.551974, 82.956823
35.934752, 83.631301
35.317170, 84.293464
34.699559, 84.942757
34.082254, 85.578596
33.465593, 86.200366
32.849918, 86.807424
32.235572, 87.399092
31.622906, 87.974659
31.012272, 88.533380
30.404026, 89.074469
29.798530, 89.597108
29.196150, 90.100434
28.597257, 90.583547
28.002225, 91.045504
27.411435, 91.485318
26.825275, 91.901963
26.244137, 92.294366
25.668418, 92.661411
25.098524, 93.001942
24.534865, 93.314757
23.977861, 93.598619
23.427935, 93.852252
22.885520, 94.074346
22.351054, 94.263564
21.824985, 94.418547
21.307766, 94.537922
20.799857, 94.620311
20.301724, 94.664344
19.813841, 94.668673
19.336686, 94.631988
18.870739, 94.553034
18.416487, 94.430639
17.974416, 94.263734
17.545010, 94.051385
17.128754, 93.792820
16.726122, 93.487469
16.337582, 93.134998
15.963589, 92.735345
15.604577, 92.288766
15.260962, 91.795869
14.933130, 91.257658
14.621432, 90.675561
14.326181, 90.051470
14.047644, 89.387758
13.786034, 88.687297
13.541506, 87.953461
13.314150, 87.190121
13.103983, 86.401619
12.910951, 85.592738
12.734919, 84.768643
12.575670, 83.934827
12.432907, 83.097026
12.306251, 82.261141
12.195241, 81.433143
12.099343, 80.618979
12.017953, 79.824483
11.950400, 79.055283
11.895959, 78.316728
11.853855, 77.613817
11.823276, 76.951142
11.803378, 76.332850
11.793296, 75.762618
11.792155, 75.243636
11.799075, 74.778614
11.813181, 74.369789
11.833609, 74.018949
11.859513, 73.727462
11.890071, 73.496311
11.924488, 73.326131
11.962000, 73.217252
12.001877, 73.169737
12.043426, 73.183422
12.085994, 73.257956
12.128963, 73.392838
12.171760, 73.587445
12.213847, 73.841070
12.254728, 74.152944
12.293948, 74.522261
12.331087, 74.948203
12.365767, 75.429953
12.397646, 75.966715
12.426417, 76.557726
12.451812, 77.202270
12.473594, 77.899682
12.491562, 78.649362
12.505550, 79.450779
12.515421, 80.303474
12.521072, 81.207066
12.522433, 82.161256
12.519461, 83.165826
12.512146, 84.220641
12.500509, 85.325651
12.484599, 86.480887
12.464497, 87.686462
12.440311, 88.942568
12.412183, 90.249472
12.380281, 91.607514
12.344808, 93.017099
12.305992, 94.478693
12.264097, 95.992814
12.219414, 97.560024
12.172269, 99.180919
12.123017, 100.856115
12.072046, 102.586234
12.019777, 104.371889
11.966661, 106.213665
11.913184, 108.112099
11.859860, 110.067654
11.807239, 112.080696
11.755896, 114.151467
11.706438, 116.280051
11.659501, 118.466345
11.615742, 120.710027
11.575845, 123.010520
11.540509, 125.366959
11.510452, 127.778159
11.486403, 130.242588
11.469094, 132.758336
11.459259, 135.323102
11.457628, 137.934174
11.464914, 140.588431
11.481814, 143.282345
11.508995, 146.011995
11.547091, 148.773099
11.596696, 151.561053
11.658353, 154.370976
11.732552, 157.197774
11.819723, 160.036208
11.920233, 162.880962
12.034380, 165.726728
12.162393, 168.568275
12.304432, 171.400528
12.460584, 174.218632
12.630869, 177.018019
12.815243, 179.794454
13.013595, 182.544078
13.225759, 185.263439
13.451513, 187.949506
13.690589, 190.599680
13.942673, 193.211790
14.207415, 195.784078
14.484432, 198.315187
14.773314, 200.804132
15.073626, 203.250273
15.384920, 205.653284
15.706729, 208.013119
16.038579, 210.329983
16.379988, 212.604294
16.730470, 214.836659
17.089538, 217.027837
17.456705, 219.178719
17.831485, 221.290297
18.213398, 223.363646
18.601968, 225.399904
18.996725, 227.400252
19.397203, 229.365899
19.802947, 231.298072
20.213506, 233.198002
20.628439, 235.066914
21.047311, 236.906025
21.469695, 238.716527
21.895174, 240.499595
22.323335, 242.256371
22.753776, 243.987968
23.186100, 245.695467
23.619918, 247.379913
24.054848, 249.042314
24.490516, 250.683644
24.926553, 252.304838
25.362598, 253.906798
25.798294, 255.490386
26.233292, 257.056433
26.667248, 258.605730
27.099824, 260.139041
27.530687, 261.657092
27.959510, 263.160580
28.385971, 264.650172
28.809752, 266.126507
29.230542, 267.590192
29.648032, 269.041812
30.061920, 270.481925
30.471908, 271.911062
30.877702, 273.329736
31.279012, 274.738435
31.675553, 276.137625
32.067045, 277.527754
32.453211, 278.909252
32.833778, 280.282530
33.208479, 281.647981
33.577048, 283.005984
33.939227, 284.356903
34.294758, 285.701086
34.643391, 287.038869
34.984876, 288.370574
35.318971, 289.696514
35.645434, 291.016988
35.964031, 292.332285
36.274530, 293.642685
36.576703, 294.948458
36.870327, 296.249866
37.155182, 297.547163
37.431053, 298.840595
37.697730, 300.130401
37.955005, 301.416814
38.202676, 302.700060
38.440544, 303.980362
38.668417, 305.257935
38.886104, 306.532991
39.093421, 307.805739
39.290186, 309.076382
39.476225, 310.345121
39.651366, 311.612154
39.815442, 312.877677
39.968290, 314.141884
40.109755, 315.404966
40.239682, 316.667115
40.357926, 317.928522
40.464342, 319.189374
40.558794, 320.449864
40.641148, 321.710180
40.711278, 322.970514
40.769060, 324.231059
40.814379, 325.492009
40.847122, 326.753561
40.867183, 328.015914
40.874462, 329.279270
40.868863, 330.543835
40.850297, 331.809821
40.818680, 333.077441
40.773934, 334.346917
40.715987, 335.618476
40.644774, 336.892350
40.560235, 338.168779
40.462316, 339.448014
40.350970, 340.730311
40.226158, 342.015936
40.087843, 343.305169
39.936001, 344.598299
39.770610, 345.895626
39.591658, 347.197468
39.399138, 348.504154
39.193052, 349.816031
38.973411, 351.133464
38.740229, 352.456836
38.493534, 353.786551
38.233359, 355.123037
37.959745, 356.466744
37.672745, 357.818152
37.372419, 359.177768
37.058836, 0.546129
36.732078, 1.923811
36.392235, 3.311425
36.039409, 4.709621
35.673713, 6.119098
35.295272, 7.540601
34.904225, 8.974930
34.500723, 10.422941
34.084933, 11.885557
33.657036, 13.363770
33.217230, 14.858648
32.765730, 16.371345
32.302771, 17.903107
31.828606, 19.455283
31.343514, 21.029334
30.847793, 22.626845
30.341770, 24.249538
29.825800, 25.899286
29.300268, 27.578127
28.765595, 29.288285
28.222239, 31.032185
27.670700, 32.812479
27.111523, 34.632064
26.545306, 36.494111
25.972705, 38.402093
25.394440, 40.359813
24.811304, 42.371437
24.224169, 44.441531
23.634002, 46.575092
23.041870, 48.777583
22.448958, 51.054974
21.856580, 53.413765
21.266201, 55.861013
20.679447, 58.404348
20.098134, 61.051964
19.524284, 63.812593
18.960149, 66.695440
18.408236, 69.710067
17.871327, 72.866214
17.352501, 76.173535
16.855146, 79.641228
16.382965, 83.277544
15.939970, 87.089158
15.530455, 91.080403
15.158943, 95.252391
14.830109, 99.602070
14.548667, 104.121315
14.319220, 108.796178
14.146088, 113.606470
14.033116, 118.525821
13.983481, 123.522361
13.999523, 128.560018
14.082624, 133.600371
14.233143, 138.604815
14.450429, 143.536760
14.732900, 148.363542
15.078175, 153.057833
15.483244, 157.598414
15.944649, 161.970337
16.458658, 166.164569
17.021421, 170.177289
17.629095, 174.008991
18.277940, 177.663544
18.964387, 181.147291
19.685079, 184.468268
20.436893, 187.635552
21.216951, 190.658744
22.022610, 193.547587
22.851459, 196.311679
23.701297, 198.960286
24.570125, 201.502215
25.456117, 203.945743
26.357612, 206.298584
27.273095, 208.567881
28.201177, 210.760214
29.140586, 212.881627
30.090151, 214.937654
31.048792, 216.933356
32.015508, 218.873354
32.989369, 220.761866
33.969509, 222.602741
34.955116, 224.399490
35.945427, 226.155318
36.939725, 227.873152
37.937330, 229.555668
38.937598, 231.205310
39.939914, 232.824320
40.943692, 234.414747
41.948373, 235.978475
42.953416, 237.517231
43.958303, 239.032603
44.962535, 240.526053
45.965627, 241.998928
46.967109, 243.452470
47.966528, 244.887825
48.963440, 246.306053
49.957413, 247.708137
50.948028, 249.094984
51.934872, 250.467438
52.917543, 251.826283
53.895648, 253.172245
54.868801, 254.506003
55.836623, 255.828187
56.798743, 257.139384
57.754794, 258.440145
58.704419, 259.730982
59.647264, 261.012374
##END=
