##TITLE= Parameter file, TopSpin 4.3.0
##JCAMPDX= 5.0
##DATATYPE= Parameter Values
##ORIGIN= Bruker BioSpin GmbH
##OWNER= nmrsu
$$ 2024-02-10 16:52:59.761 +0000  nmrsu@4CE1161FJM
$$ C:/Bruker/TopSpin4.3.0/exp/stan/nmr/lists/wave/user/multisupp_aux_d8
$$ process C:\Bruker\TopSpin4.3.0\prog\mod\xwinshape.exe
##MINX= 8.33444800
##MAXX= 99.99652400
##MINY= 0.01610800
##MAXY= 359.98389200
##$SHAPE_ADDPHASE= 0
##$SHAPE_AMP= 99.99652396
##$SHAPE_BWFAC= 0
##$SHAPE_BWFAC50= 0
##$SHAPE_CALCBW= yes
##$SHAPE_CALCINTEG= yes
##$SHAPE_EXMODE= <Excitation>
##$SHAPE_EXPAND= <>
##$SHAPE_EXPANDCF= (0..143)
0 0 0 0 0 0 0 0 0 0 0 0 0 0 0 0 0 0 0 0 0 0 0 0 0 0 0 0 0 0 0 0 0 0 0 0
0 0 0 0 0 0 0 0 0 0 0 0 0 0 0 0 0 0 0 0 0 0 0 0 0 0 0 0 0 0 0 0 0 0 0 0
0 0 0 0 0 0 0 0 0 0 0 0 0 0 0 0 0 0 0 0 0 0 0 0 0 0 0 0 0 0 0 0 0 0 0 0
0 0 0 0 0 0 0 0 0 0 0 0 0 0 0 0 0 0 0 0 0 0 0 0 0 0 0 0 0 0 0 0 0 0 0 0
##$SHAPE_EXPFAC= 0
##$SHAPE_FRACEND= 0
##$SHAPE_FRACORG= 0
##$SHAPE_FRACSTART= 0
##$SHAPE_INTEGFAC= 0
##$SHAPE_KEEPRES= yes
##$SHAPE_LENGTH= 25000.000373
##$SHAPE_MAN= <M>
##$SHAPE_MODE= 4
##$SHAPE_MODFREQ= 0
##$SHAPE_MODPHASE= 0
##$SHAPE_MODSCALE= 0
##$SHAPE_MODSW= 0
##$SHAPE_MODSWDIR= -1
##$SHAPE_NPOINTS= 1250
##$SHAPE_OFFS= <1 4>
##$SHAPE_OFFSCOEFF= (0..95)
54.594757 0 100 -61.946014 0 100 -216.91342 0 100 -285.58022 0 100 0 0
0 0 0 0 0 0 0 0 0 0 0 0 0 0 0 0 0 0 0 0 0 0 0 0 0 0 0 0 0 0 0 0 0 0 0 0
0 0 0 0 0 0 0 0 0 0 0 0 0 0 0 0 0 0 0 0 0 0 0 0 0 0 0 0 0 0 0 0 0 0 0 0
0 0 0 0 0 0 0 0 0 0
##$SHAPE_PARAMETER= <>
##$SHAPE_REPHFAC= 0
##$SHAPE_RES= 0
##$SHAPE_SCALEFAC= 1.00003476
##$SHAPE_SCALETYPE= 0
##$SHAPE_SPOAL= 0
##$SHAPE_SPOFFS= 0
##$SHAPE_SPOPH= 0
##$SHAPE_TOTROT= 90
##$SHAPE_TYPE= <Excitation>
##$SHAPE_USER_DEF= <>
##$SHAPE_VERSION= 2.1
##$SHL_ADDPHASE= (0..15)
0 0 0 0 0 0 0 0 0 0 0 0 0 0 0 0
##$SHL_ALIGNOFFSET= (0..15)
0 0 0 0 0 0 0 0 0 0 0 0 0 0 0 0
##$SHL_AMP= (0..15)
100 0 0 0 0 0 0 0 0 0 0 0 0 0 0 0
##$SHL_AMPFAC= (0..15)
0 0 0 0 0 0 0 0 0 0 0 0 0 0 0 0
##$SHL_BETA= (0..15)
0 0 0 0 0 0 0 0 0 0 0 0 0 0 0 0
##$SHL_BWFAC= (0..15)
1.116 0 0 0 0 0 0 0 0 0 0 0 0 0 0 0
##$SHL_CALCBW= (0..15)
yes yes yes yes yes yes yes yes yes yes yes yes yes yes yes yes
##$SHL_CALCINTEG= (0..15)
yes yes yes yes yes yes yes yes yes yes yes yes yes yes yes yes
##$SHL_CENTERAMP= (0..15)
0 0 0 0 0 0 0 0 0 0 0 0 0 0 0 0
##$SHL_CYCNUM= (0..15)
0 0 0 0 0 0 0 0 0 0 0 0 0 0 0 0
##$SHL_DIPOLCPL= (0..15)
0 0 0 0 0 0 0 0 0 0 0 0 0 0 0 0
##$SHL_ENDAMP= (0..15)
0 0 0 0 0 0 0 0 0 0 0 0 0 0 0 0
##$SHL_EXMODE= (0..15)
<Excitation> <> <> <> <> <> <> <> <> <> <> <> <> <> <> <>
##$SHL_EXPAND= (0..15)
<> <> <> <> <> <> <> <> <> <> <> <> <> <> <> <>
##$SHL_EXPANDCF0= (0..143)
0 0 0 0 0 0 0 0 0 0 0 0 0 0 0 0 0 0 0 0 0 0 0 0 0 0 0 0 0 0 0 0 0 0 0 0
0 0 0 0 0 0 0 0 0 0 0 0 0 0 0 0 0 0 0 0 0 0 0 0 0 0 0 0 0 0 0 0 0 0 0 0
0 0 0 0 0 0 0 0 0 0 0 0 0 0 0 0 0 0 0 0 0 0 0 0 0 0 0 0 0 0 0 0 0 0 0 0
0 0 0 0 0 0 0 0 0 0 0 0 0 0 0 0 0 0 0 0 0 0 0 0 0 0 0 0 0 0 0 0 0 0 0 0
##$SHL_EXPANDCF1= (0..143)
0 0 0 0 0 0 0 0 0 0 0 0 0 0 0 0 0 0 0 0 0 0 0 0 0 0 0 0 0 0 0 0 0 0 0 0
0 0 0 0 0 0 0 0 0 0 0 0 0 0 0 0 0 0 0 0 0 0 0 0 0 0 0 0 0 0 0 0 0 0 0 0
0 0 0 0 0 0 0 0 0 0 0 0 0 0 0 0 0 0 0 0 0 0 0 0 0 0 0 0 0 0 0 0 0 0 0 0
0 0 0 0 0 0 0 0 0 0 0 0 0 0 0 0 0 0 0 0 0 0 0 0 0 0 0 0 0 0 0 0 0 0 0 0
##$SHL_EXPANDCF10= (0..143)
0 0 0 0 0 0 0 0 0 0 0 0 0 0 0 0 0 0 0 0 0 0 0 0 0 0 0 0 0 0 0 0 0 0 0 0
0 0 0 0 0 0 0 0 0 0 0 0 0 0 0 0 0 0 0 0 0 0 0 0 0 0 0 0 0 0 0 0 0 0 0 0
0 0 0 0 0 0 0 0 0 0 0 0 0 0 0 0 0 0 0 0 0 0 0 0 0 0 0 0 0 0 0 0 0 0 0 0
0 0 0 0 0 0 0 0 0 0 0 0 0 0 0 0 0 0 0 0 0 0 0 0 0 0 0 0 0 0 0 0 0 0 0 0
##$SHL_EXPANDCF11= (0..143)
0 0 0 0 0 0 0 0 0 0 0 0 0 0 0 0 0 0 0 0 0 0 0 0 0 0 0 0 0 0 0 0 0 0 0 0
0 0 0 0 0 0 0 0 0 0 0 0 0 0 0 0 0 0 0 0 0 0 0 0 0 0 0 0 0 0 0 0 0 0 0 0
0 0 0 0 0 0 0 0 0 0 0 0 0 0 0 0 0 0 0 0 0 0 0 0 0 0 0 0 0 0 0 0 0 0 0 0
0 0 0 0 0 0 0 0 0 0 0 0 0 0 0 0 0 0 0 0 0 0 0 0 0 0 0 0 0 0 0 0 0 0 0 0
##$SHL_EXPANDCF12= (0..143)
0 0 0 0 0 0 0 0 0 0 0 0 0 0 0 0 0 0 0 0 0 0 0 0 0 0 0 0 0 0 0 0 0 0 0 0
0 0 0 0 0 0 0 0 0 0 0 0 0 0 0 0 0 0 0 0 0 0 0 0 0 0 0 0 0 0 0 0 0 0 0 0
0 0 0 0 0 0 0 0 0 0 0 0 0 0 0 0 0 0 0 0 0 0 0 0 0 0 0 0 0 0 0 0 0 0 0 0
0 0 0 0 0 0 0 0 0 0 0 0 0 0 0 0 0 0 0 0 0 0 0 0 0 0 0 0 0 0 0 0 0 0 0 0
##$SHL_EXPANDCF13= (0..143)
0 0 0 0 0 0 0 0 0 0 0 0 0 0 0 0 0 0 0 0 0 0 0 0 0 0 0 0 0 0 0 0 0 0 0 0
0 0 0 0 0 0 0 0 0 0 0 0 0 0 0 0 0 0 0 0 0 0 0 0 0 0 0 0 0 0 0 0 0 0 0 0
0 0 0 0 0 0 0 0 0 0 0 0 0 0 0 0 0 0 0 0 0 0 0 0 0 0 0 0 0 0 0 0 0 0 0 0
0 0 0 0 0 0 0 0 0 0 0 0 0 0 0 0 0 0 0 0 0 0 0 0 0 0 0 0 0 0 0 0 0 0 0 0
##$SHL_EXPANDCF14= (0..143)
0 0 0 0 0 0 0 0 0 0 0 0 0 0 0 0 0 0 0 0 0 0 0 0 0 0 0 0 0 0 0 0 0 0 0 0
0 0 0 0 0 0 0 0 0 0 0 0 0 0 0 0 0 0 0 0 0 0 0 0 0 0 0 0 0 0 0 0 0 0 0 0
0 0 0 0 0 0 0 0 0 0 0 0 0 0 0 0 0 0 0 0 0 0 0 0 0 0 0 0 0 0 0 0 0 0 0 0
0 0 0 0 0 0 0 0 0 0 0 0 0 0 0 0 0 0 0 0 0 0 0 0 0 0 0 0 0 0 0 0 0 0 0 0
##$SHL_EXPANDCF15= (0..143)
0 0 0 0 0 0 0 0 0 0 0 0 0 0 0 0 0 0 0 0 0 0 0 0 0 0 0 0 0 0 0 0 0 0 0 0
0 0 0 0 0 0 0 0 0 0 0 0 0 0 0 0 0 0 0 0 0 0 0 0 0 0 0 0 0 0 0 0 0 0 0 0
0 0 0 0 0 0 0 0 0 0 0 0 0 0 0 0 0 0 0 0 0 0 0 0 0 0 0 0 0 0 0 0 0 0 0 0
0 0 0 0 0 0 0 0 0 0 0 0 0 0 0 0 0 0 0 0 0 0 0 0 0 0 0 0 0 0 0 0 0 0 0 0
##$SHL_EXPANDCF2= (0..143)
0 0 0 0 0 0 0 0 0 0 0 0 0 0 0 0 0 0 0 0 0 0 0 0 0 0 0 0 0 0 0 0 0 0 0 0
0 0 0 0 0 0 0 0 0 0 0 0 0 0 0 0 0 0 0 0 0 0 0 0 0 0 0 0 0 0 0 0 0 0 0 0
0 0 0 0 0 0 0 0 0 0 0 0 0 0 0 0 0 0 0 0 0 0 0 0 0 0 0 0 0 0 0 0 0 0 0 0
0 0 0 0 0 0 0 0 0 0 0 0 0 0 0 0 0 0 0 0 0 0 0 0 0 0 0 0 0 0 0 0 0 0 0 0
##$SHL_EXPANDCF3= (0..143)
0 0 0 0 0 0 0 0 0 0 0 0 0 0 0 0 0 0 0 0 0 0 0 0 0 0 0 0 0 0 0 0 0 0 0 0
0 0 0 0 0 0 0 0 0 0 0 0 0 0 0 0 0 0 0 0 0 0 0 0 0 0 0 0 0 0 0 0 0 0 0 0
0 0 0 0 0 0 0 0 0 0 0 0 0 0 0 0 0 0 0 0 0 0 0 0 0 0 0 0 0 0 0 0 0 0 0 0
0 0 0 0 0 0 0 0 0 0 0 0 0 0 0 0 0 0 0 0 0 0 0 0 0 0 0 0 0 0 0 0 0 0 0 0
##$SHL_EXPANDCF4= (0..143)
0 0 0 0 0 0 0 0 0 0 0 0 0 0 0 0 0 0 0 0 0 0 0 0 0 0 0 0 0 0 0 0 0 0 0 0
0 0 0 0 0 0 0 0 0 0 0 0 0 0 0 0 0 0 0 0 0 0 0 0 0 0 0 0 0 0 0 0 0 0 0 0
0 0 0 0 0 0 0 0 0 0 0 0 0 0 0 0 0 0 0 0 0 0 0 0 0 0 0 0 0 0 0 0 0 0 0 0
0 0 0 0 0 0 0 0 0 0 0 0 0 0 0 0 0 0 0 0 0 0 0 0 0 0 0 0 0 0 0 0 0 0 0 0
##$SHL_EXPANDCF5= (0..143)
0 0 0 0 0 0 0 0 0 0 0 0 0 0 0 0 0 0 0 0 0 0 0 0 0 0 0 0 0 0 0 0 0 0 0 0
0 0 0 0 0 0 0 0 0 0 0 0 0 0 0 0 0 0 0 0 0 0 0 0 0 0 0 0 0 0 0 0 0 0 0 0
0 0 0 0 0 0 0 0 0 0 0 0 0 0 0 0 0 0 0 0 0 0 0 0 0 0 0 0 0 0 0 0 0 0 0 0
0 0 0 0 0 0 0 0 0 0 0 0 0 0 0 0 0 0 0 0 0 0 0 0 0 0 0 0 0 0 0 0 0 0 0 0
##$SHL_EXPANDCF6= (0..143)
0 0 0 0 0 0 0 0 0 0 0 0 0 0 0 0 0 0 0 0 0 0 0 0 0 0 0 0 0 0 0 0 0 0 0 0
0 0 0 0 0 0 0 0 0 0 0 0 0 0 0 0 0 0 0 0 0 0 0 0 0 0 0 0 0 0 0 0 0 0 0 0
0 0 0 0 0 0 0 0 0 0 0 0 0 0 0 0 0 0 0 0 0 0 0 0 0 0 0 0 0 0 0 0 0 0 0 0
0 0 0 0 0 0 0 0 0 0 0 0 0 0 0 0 0 0 0 0 0 0 0 0 0 0 0 0 0 0 0 0 0 0 0 0
##$SHL_EXPANDCF7= (0..143)
0 0 0 0 0 0 0 0 0 0 0 0 0 0 0 0 0 0 0 0 0 0 0 0 0 0 0 0 0 0 0 0 0 0 0 0
0 0 0 0 0 0 0 0 0 0 0 0 0 0 0 0 0 0 0 0 0 0 0 0 0 0 0 0 0 0 0 0 0 0 0 0
0 0 0 0 0 0 0 0 0 0 0 0 0 0 0 0 0 0 0 0 0 0 0 0 0 0 0 0 0 0 0 0 0 0 0 0
0 0 0 0 0 0 0 0 0 0 0 0 0 0 0 0 0 0 0 0 0 0 0 0 0 0 0 0 0 0 0 0 0 0 0 0
##$SHL_EXPANDCF8= (0..143)
0 0 0 0 0 0 0 0 0 0 0 0 0 0 0 0 0 0 0 0 0 0 0 0 0 0 0 0 0 0 0 0 0 0 0 0
0 0 0 0 0 0 0 0 0 0 0 0 0 0 0 0 0 0 0 0 0 0 0 0 0 0 0 0 0 0 0 0 0 0 0 0
0 0 0 0 0 0 0 0 0 0 0 0 0 0 0 0 0 0 0 0 0 0 0 0 0 0 0 0 0 0 0 0 0 0 0 0
0 0 0 0 0 0 0 0 0 0 0 0 0 0 0 0 0 0 0 0 0 0 0 0 0 0 0 0 0 0 0 0 0 0 0 0
##$SHL_EXPANDCF9= (0..143)
0 0 0 0 0 0 0 0 0 0 0 0 0 0 0 0 0 0 0 0 0 0 0 0 0 0 0 0 0 0 0 0 0 0 0 0
0 0 0 0 0 0 0 0 0 0 0 0 0 0 0 0 0 0 0 0 0 0 0 0 0 0 0 0 0 0 0 0 0 0 0 0
0 0 0 0 0 0 0 0 0 0 0 0 0 0 0 0 0 0 0 0 0 0 0 0 0 0 0 0 0 0 0 0 0 0 0 0
0 0 0 0 0 0 0 0 0 0 0 0 0 0 0 0 0 0 0 0 0 0 0 0 0 0 0 0 0 0 0 0 0 0 0 0
##$SHL_EXPFAC= (0..15)
0 0 0 0 0 0 0 0 0 0 0 0 0 0 0 0
##$SHL_FRACEND= (0..15)
0 0 0 0 0 0 0 0 0 0 0 0 0 0 0 0
##$SHL_FRACORG= (0..15)
0 0 0 0 0 0 0 0 0 0 0 0 0 0 0 0
##$SHL_FRACSTART= (0..15)
0 0 0 0 0 0 0 0 0 0 0 0 0 0 0 0
##$SHL_FULLHALF= (0..15)
0 0 0 0 0 0 0 0 0 0 0 0 0 0 0 0
##$SHL_FUNCAMP= (0..15)
100 0 0 0 0 0 0 0 0 0 0 0 0 0 0 0
##$SHL_FUNCTION= (0..15)
<Rectangle> <> <> <> <> <> <> <> <> <> <> <> <> <> <> <>
##$SHL_GCO= (0..15)
<> <> <> <> <> <> <> <> <> <> <> <> <> <> <> <>
##$SHL_GCOCOEFFS0= (0..59)
0 0 0 0 0 0 0 0 0 0 0 0 0 0 0 0 0 0 0 0 0 0 0 0 0 0 0 0 0 0 0 0 0 0 0 0
0 0 0 0 0 0 0 0 0 0 0 0 0 0 0 0 0 0 0 0 0 0 0 0
##$SHL_GCOCOEFFS1= (0..59)
0 0 0 0 0 0 0 0 0 0 0 0 0 0 0 0 0 0 0 0 0 0 0 0 0 0 0 0 0 0 0 0 0 0 0 0
0 0 0 0 0 0 0 0 0 0 0 0 0 0 0 0 0 0 0 0 0 0 0 0
##$SHL_GCOCOEFFS10= (0..59)
0 0 0 0 0 0 0 0 0 0 0 0 0 0 0 0 0 0 0 0 0 0 0 0 0 0 0 0 0 0 0 0 0 0 0 0
0 0 0 0 0 0 0 0 0 0 0 0 0 0 0 0 0 0 0 0 0 0 0 0
##$SHL_GCOCOEFFS11= (0..59)
0 0 0 0 0 0 0 0 0 0 0 0 0 0 0 0 0 0 0 0 0 0 0 0 0 0 0 0 0 0 0 0 0 0 0 0
0 0 0 0 0 0 0 0 0 0 0 0 0 0 0 0 0 0 0 0 0 0 0 0
##$SHL_GCOCOEFFS12= (0..59)
0 0 0 0 0 0 0 0 0 0 0 0 0 0 0 0 0 0 0 0 0 0 0 0 0 0 0 0 0 0 0 0 0 0 0 0
0 0 0 0 0 0 0 0 0 0 0 0 0 0 0 0 0 0 0 0 0 0 0 0
##$SHL_GCOCOEFFS13= (0..59)
0 0 0 0 0 0 0 0 0 0 0 0 0 0 0 0 0 0 0 0 0 0 0 0 0 0 0 0 0 0 0 0 0 0 0 0
0 0 0 0 0 0 0 0 0 0 0 0 0 0 0 0 0 0 0 0 0 0 0 0
##$SHL_GCOCOEFFS14= (0..59)
0 0 0 0 0 0 0 0 0 0 0 0 0 0 0 0 0 0 0 0 0 0 0 0 0 0 0 0 0 0 0 0 0 0 0 0
0 0 0 0 0 0 0 0 0 0 0 0 0 0 0 0 0 0 0 0 0 0 0 0
##$SHL_GCOCOEFFS15= (0..59)
0 0 0 0 0 0 0 0 0 0 0 0 0 0 0 0 0 0 0 0 0 0 0 0 0 0 0 0 0 0 0 0 0 0 0 0
0 0 0 0 0 0 0 0 0 0 0 0 0 0 0 0 0 0 0 0 0 0 0 0
##$SHL_GCOCOEFFS2= (0..59)
0 0 0 0 0 0 0 0 0 0 0 0 0 0 0 0 0 0 0 0 0 0 0 0 0 0 0 0 0 0 0 0 0 0 0 0
0 0 0 0 0 0 0 0 0 0 0 0 0 0 0 0 0 0 0 0 0 0 0 0
##$SHL_GCOCOEFFS3= (0..59)
0 0 0 0 0 0 0 0 0 0 0 0 0 0 0 0 0 0 0 0 0 0 0 0 0 0 0 0 0 0 0 0 0 0 0 0
0 0 0 0 0 0 0 0 0 0 0 0 0 0 0 0 0 0 0 0 0 0 0 0
##$SHL_GCOCOEFFS4= (0..59)
0 0 0 0 0 0 0 0 0 0 0 0 0 0 0 0 0 0 0 0 0 0 0 0 0 0 0 0 0 0 0 0 0 0 0 0
0 0 0 0 0 0 0 0 0 0 0 0 0 0 0 0 0 0 0 0 0 0 0 0
##$SHL_GCOCOEFFS5= (0..59)
0 0 0 0 0 0 0 0 0 0 0 0 0 0 0 0 0 0 0 0 0 0 0 0 0 0 0 0 0 0 0 0 0 0 0 0
0 0 0 0 0 0 0 0 0 0 0 0 0 0 0 0 0 0 0 0 0 0 0 0
##$SHL_GCOCOEFFS6= (0..59)
0 0 0 0 0 0 0 0 0 0 0 0 0 0 0 0 0 0 0 0 0 0 0 0 0 0 0 0 0 0 0 0 0 0 0 0
0 0 0 0 0 0 0 0 0 0 0 0 0 0 0 0 0 0 0 0 0 0 0 0
##$SHL_GCOCOEFFS7= (0..59)
0 0 0 0 0 0 0 0 0 0 0 0 0 0 0 0 0 0 0 0 0 0 0 0 0 0 0 0 0 0 0 0 0 0 0 0
0 0 0 0 0 0 0 0 0 0 0 0 0 0 0 0 0 0 0 0 0 0 0 0
##$SHL_GCOCOEFFS8= (0..59)
0 0 0 0 0 0 0 0 0 0 0 0 0 0 0 0 0 0 0 0 0 0 0 0 0 0 0 0 0 0 0 0 0 0 0 0
0 0 0 0 0 0 0 0 0 0 0 0 0 0 0 0 0 0 0 0 0 0 0 0
##$SHL_GCOCOEFFS9= (0..59)
0 0 0 0 0 0 0 0 0 0 0 0 0 0 0 0 0 0 0 0 0 0 0 0 0 0 0 0 0 0 0 0 0 0 0 0
0 0 0 0 0 0 0 0 0 0 0 0 0 0 0 0 0 0 0 0 0 0 0 0
##$SHL_INTEGFAC= (0..15)
1 0 0 0 0 0 0 0 0 0 0 0 0 0 0 0
##$SHL_LB= (0..15)
0 0 0 0 0 0 0 0 0 0 0 0 0 0 0 0
##$SHL_LEFTLIMIT= (0..15)
0 0 0 0 0 0 0 0 0 0 0 0 0 0 0 0
##$SHL_LENGTH= (0..15)
25000.000373 0 0 0 0 0 0 0 0 0 0 0 0 0 0 0
##$SHL_MAN= (0..15)
<> <> <> <> <> <> <> <> <> <> <> <> <> <> <> <>
##$SHL_MEANAMP= (0..15)
0 0 0 0 0 0 0 0 0 0 0 0 0 0 0 0
##$SHL_MODAMP= (0..15)
0 0 0 0 0 0 0 0 0 0 0 0 0 0 0 0
##$SHL_MODE= (0..15)
0 0 0 0 0 0 0 0 0 0 0 0 0 0 0 0
##$SHL_MODFREQ= (0..15)
0 0 0 0 0 0 0 0 0 0 0 0 0 0 0 0
##$SHL_MODPHASE= (0..15)
0 0 0 0 0 0 0 0 0 0 0 0 0 0 0 0
##$SHL_MODSCALE= (0..15)
0 0 0 0 0 0 0 0 0 0 0 0 0 0 0 0
##$SHL_MODSW= (0..15)
0 0 0 0 0 0 0 0 0 0 0 0 0 0 0 0
##$SHL_MODSWDIR= (0..15)
-1 -1 -1 -1 -1 -1 -1 -1 -1 -1 -1 -1 -1 -1 -1 -1
##$SHL_MU= (0..15)
0 0 0 0 0 0 0 0 0 0 0 0 0 0 0 0
##$SHL_NPOINTS= (0..15)
1250 0 0 0 0 0 0 0 0 0 0 0 0 0 0 0
##$SHL_OFFS= (0..15)
<> <> <> <> <> <> <> <> <> <> <> <> <> <> <> <>
##$SHL_OFFSCOEFF0= (0..95)
0 0 0 0 0 0 0 0 0 0 0 0 0 0 0 0 0 0 0 0 0 0 0 0 0 0 0 0 0 0 0 0 0 0 0 0
0 0 0 0 0 0 0 0 0 0 0 0 0 0 0 0 0 0 0 0 0 0 0 0 0 0 0 0 0 0 0 0 0 0 0 0
0 0 0 0 0 0 0 0 0 0 0 0 0 0 0 0 0 0 0 0 0 0 0 0
##$SHL_OFFSCOEFF1= (0..95)
0 0 0 0 0 0 0 0 0 0 0 0 0 0 0 0 0 0 0 0 0 0 0 0 0 0 0 0 0 0 0 0 0 0 0 0
0 0 0 0 0 0 0 0 0 0 0 0 0 0 0 0 0 0 0 0 0 0 0 0 0 0 0 0 0 0 0 0 0 0 0 0
0 0 0 0 0 0 0 0 0 0 0 0 0 0 0 0 0 0 0 0 0 0 0 0
##$SHL_OFFSCOEFF10= (0..95)
0 0 0 0 0 0 0 0 0 0 0 0 0 0 0 0 0 0 0 0 0 0 0 0 0 0 0 0 0 0 0 0 0 0 0 0
0 0 0 0 0 0 0 0 0 0 0 0 0 0 0 0 0 0 0 0 0 0 0 0 0 0 0 0 0 0 0 0 0 0 0 0
0 0 0 0 0 0 0 0 0 0 0 0 0 0 0 0 0 0 0 0 0 0 0 0
##$SHL_OFFSCOEFF11= (0..95)
0 0 0 0 0 0 0 0 0 0 0 0 0 0 0 0 0 0 0 0 0 0 0 0 0 0 0 0 0 0 0 0 0 0 0 0
0 0 0 0 0 0 0 0 0 0 0 0 0 0 0 0 0 0 0 0 0 0 0 0 0 0 0 0 0 0 0 0 0 0 0 0
0 0 0 0 0 0 0 0 0 0 0 0 0 0 0 0 0 0 0 0 0 0 0 0
##$SHL_OFFSCOEFF12= (0..95)
0 0 0 0 0 0 0 0 0 0 0 0 0 0 0 0 0 0 0 0 0 0 0 0 0 0 0 0 0 0 0 0 0 0 0 0
0 0 0 0 0 0 0 0 0 0 0 0 0 0 0 0 0 0 0 0 0 0 0 0 0 0 0 0 0 0 0 0 0 0 0 0
0 0 0 0 0 0 0 0 0 0 0 0 0 0 0 0 0 0 0 0 0 0 0 0
##$SHL_OFFSCOEFF13= (0..95)
0 0 0 0 0 0 0 0 0 0 0 0 0 0 0 0 0 0 0 0 0 0 0 0 0 0 0 0 0 0 0 0 0 0 0 0
0 0 0 0 0 0 0 0 0 0 0 0 0 0 0 0 0 0 0 0 0 0 0 0 0 0 0 0 0 0 0 0 0 0 0 0
0 0 0 0 0 0 0 0 0 0 0 0 0 0 0 0 0 0 0 0 0 0 0 0
##$SHL_OFFSCOEFF14= (0..95)
0 0 0 0 0 0 0 0 0 0 0 0 0 0 0 0 0 0 0 0 0 0 0 0 0 0 0 0 0 0 0 0 0 0 0 0
0 0 0 0 0 0 0 0 0 0 0 0 0 0 0 0 0 0 0 0 0 0 0 0 0 0 0 0 0 0 0 0 0 0 0 0
0 0 0 0 0 0 0 0 0 0 0 0 0 0 0 0 0 0 0 0 0 0 0 0
##$SHL_OFFSCOEFF15= (0..95)
0 0 0 0 0 0 0 0 0 0 0 0 0 0 0 0 0 0 0 0 0 0 0 0 0 0 0 0 0 0 0 0 0 0 0 0
0 0 0 0 0 0 0 0 0 0 0 0 0 0 0 0 0 0 0 0 0 0 0 0 0 0 0 0 0 0 0 0 0 0 0 0
0 0 0 0 0 0 0 0 0 0 0 0 0 0 0 0 0 0 0 0 0 0 0 0
##$SHL_OFFSCOEFF2= (0..95)
0 0 0 0 0 0 0 0 0 0 0 0 0 0 0 0 0 0 0 0 0 0 0 0 0 0 0 0 0 0 0 0 0 0 0 0
0 0 0 0 0 0 0 0 0 0 0 0 0 0 0 0 0 0 0 0 0 0 0 0 0 0 0 0 0 0 0 0 0 0 0 0
0 0 0 0 0 0 0 0 0 0 0 0 0 0 0 0 0 0 0 0 0 0 0 0
##$SHL_OFFSCOEFF3= (0..95)
0 0 0 0 0 0 0 0 0 0 0 0 0 0 0 0 0 0 0 0 0 0 0 0 0 0 0 0 0 0 0 0 0 0 0 0
0 0 0 0 0 0 0 0 0 0 0 0 0 0 0 0 0 0 0 0 0 0 0 0 0 0 0 0 0 0 0 0 0 0 0 0
0 0 0 0 0 0 0 0 0 0 0 0 0 0 0 0 0 0 0 0 0 0 0 0
##$SHL_OFFSCOEFF4= (0..95)
0 0 0 0 0 0 0 0 0 0 0 0 0 0 0 0 0 0 0 0 0 0 0 0 0 0 0 0 0 0 0 0 0 0 0 0
0 0 0 0 0 0 0 0 0 0 0 0 0 0 0 0 0 0 0 0 0 0 0 0 0 0 0 0 0 0 0 0 0 0 0 0
0 0 0 0 0 0 0 0 0 0 0 0 0 0 0 0 0 0 0 0 0 0 0 0
##$SHL_OFFSCOEFF5= (0..95)
0 0 0 0 0 0 0 0 0 0 0 0 0 0 0 0 0 0 0 0 0 0 0 0 0 0 0 0 0 0 0 0 0 0 0 0
0 0 0 0 0 0 0 0 0 0 0 0 0 0 0 0 0 0 0 0 0 0 0 0 0 0 0 0 0 0 0 0 0 0 0 0
0 0 0 0 0 0 0 0 0 0 0 0 0 0 0 0 0 0 0 0 0 0 0 0
##$SHL_OFFSCOEFF6= (0..95)
0 0 0 0 0 0 0 0 0 0 0 0 0 0 0 0 0 0 0 0 0 0 0 0 0 0 0 0 0 0 0 0 0 0 0 0
0 0 0 0 0 0 0 0 0 0 0 0 0 0 0 0 0 0 0 0 0 0 0 0 0 0 0 0 0 0 0 0 0 0 0 0
0 0 0 0 0 0 0 0 0 0 0 0 0 0 0 0 0 0 0 0 0 0 0 0
##$SHL_OFFSCOEFF7= (0..95)
0 0 0 0 0 0 0 0 0 0 0 0 0 0 0 0 0 0 0 0 0 0 0 0 0 0 0 0 0 0 0 0 0 0 0 0
0 0 0 0 0 0 0 0 0 0 0 0 0 0 0 0 0 0 0 0 0 0 0 0 0 0 0 0 0 0 0 0 0 0 0 0
0 0 0 0 0 0 0 0 0 0 0 0 0 0 0 0 0 0 0 0 0 0 0 0
##$SHL_OFFSCOEFF8= (0..95)
0 0 0 0 0 0 0 0 0 0 0 0 0 0 0 0 0 0 0 0 0 0 0 0 0 0 0 0 0 0 0 0 0 0 0 0
0 0 0 0 0 0 0 0 0 0 0 0 0 0 0 0 0 0 0 0 0 0 0 0 0 0 0 0 0 0 0 0 0 0 0 0
0 0 0 0 0 0 0 0 0 0 0 0 0 0 0 0 0 0 0 0 0 0 0 0
##$SHL_OFFSCOEFF9= (0..95)
0 0 0 0 0 0 0 0 0 0 0 0 0 0 0 0 0 0 0 0 0 0 0 0 0 0 0 0 0 0 0 0 0 0 0 0
0 0 0 0 0 0 0 0 0 0 0 0 0 0 0 0 0 0 0 0 0 0 0 0 0 0 0 0 0 0 0 0 0 0 0 0
0 0 0 0 0 0 0 0 0 0 0 0 0 0 0 0 0 0 0 0 0 0 0 0
##$SHL_PHASE= (0..15)
0 0 0 0 0 0 0 0 0 0 0 0 0 0 0 0
##$SHL_PHASEFAC= (0..15)
0 0 0 0 0 0 0 0 0 0 0 0 0 0 0 0
##$SHL_POWERINDEX= (0..15)
0 0 0 0 0 0 0 0 0 0 0 0 0 0 0 0
##$SHL_QUADCOEFF= (0..15)
0 0 0 0 0 0 0 0 0 0 0 0 0 0 0 0
##$SHL_RIGHTLIMIT= (0..15)
0 0 0 0 0 0 0 0 0 0 0 0 0 0 0 0
##$SHL_SCALEFACTOR= (0..15)
1 1 1 1 1 1 1 1 1 1 1 1 1 1 1 1
##$SHL_SF= (0..15)
<> <> <> <> <> <> <> <> <> <> <> <> <> <> <> <>
##$SHL_SFCOEFFS0= (0..200)
0 0 0 0 0 0 0 0 0 0 0 0 0 0 0 0 0 0 0 0 0 0 0 0 0 0 0 0 0 0 0 0 0 0 0 0
0 0 0 0 0 0 0 0 0 0 0 0 0 0 0 0 0 0 0 0 0 0 0 0 0 0 0 0 0 0 0 0 0 0 0 0
0 0 0 0 0 0 0 0 0 0 0 0 0 0 0 0 0 0 0 0 0 0 0 0 0 0 0 0 0 0 0 0 0 0 0 0
0 0 0 0 0 0 0 0 0 0 0 0 0 0 0 0 0 0 0 0 0 0 0 0 0 0 0 0 0 0 0 0 0 0 0 0
0 0 0 0 0 0 0 0 0 0 0 0 0 0 0 0 0 0 0 0 0 0 0 0 0 0 0 0 0 0 0 0 0 0 0 0
0 0 0 0 0 0 0 0 0 0 0 0 0 0 0 0 0 0 0 0 0
##$SHL_SFCOEFFS1= (0..200)
0 0 0 0 0 0 0 0 0 0 0 0 0 0 0 0 0 0 0 0 0 0 0 0 0 0 0 0 0 0 0 0 0 0 0 0
0 0 0 0 0 0 0 0 0 0 0 0 0 0 0 0 0 0 0 0 0 0 0 0 0 0 0 0 0 0 0 0 0 0 0 0
0 0 0 0 0 0 0 0 0 0 0 0 0 0 0 0 0 0 0 0 0 0 0 0 0 0 0 0 0 0 0 0 0 0 0 0
0 0 0 0 0 0 0 0 0 0 0 0 0 0 0 0 0 0 0 0 0 0 0 0 0 0 0 0 0 0 0 0 0 0 0 0
0 0 0 0 0 0 0 0 0 0 0 0 0 0 0 0 0 0 0 0 0 0 0 0 0 0 0 0 0 0 0 0 0 0 0 0
0 0 0 0 0 0 0 0 0 0 0 0 0 0 0 0 0 0 0 0 0
##$SHL_SFCOEFFS10= (0..200)
0 0 0 0 0 0 0 0 0 0 0 0 0 0 0 0 0 0 0 0 0 0 0 0 0 0 0 0 0 0 0 0 0 0 0 0
0 0 0 0 0 0 0 0 0 0 0 0 0 0 0 0 0 0 0 0 0 0 0 0 0 0 0 0 0 0 0 0 0 0 0 0
0 0 0 0 0 0 0 0 0 0 0 0 0 0 0 0 0 0 0 0 0 0 0 0 0 0 0 0 0 0 0 0 0 0 0 0
0 0 0 0 0 0 0 0 0 0 0 0 0 0 0 0 0 0 0 0 0 0 0 0 0 0 0 0 0 0 0 0 0 0 0 0
0 0 0 0 0 0 0 0 0 0 0 0 0 0 0 0 0 0 0 0 0 0 0 0 0 0 0 0 0 0 0 0 0 0 0 0
0 0 0 0 0 0 0 0 0 0 0 0 0 0 0 0 0 0 0 0 0
##$SHL_SFCOEFFS11= (0..200)
0 0 0 0 0 0 0 0 0 0 0 0 0 0 0 0 0 0 0 0 0 0 0 0 0 0 0 0 0 0 0 0 0 0 0 0
0 0 0 0 0 0 0 0 0 0 0 0 0 0 0 0 0 0 0 0 0 0 0 0 0 0 0 0 0 0 0 0 0 0 0 0
0 0 0 0 0 0 0 0 0 0 0 0 0 0 0 0 0 0 0 0 0 0 0 0 0 0 0 0 0 0 0 0 0 0 0 0
0 0 0 0 0 0 0 0 0 0 0 0 0 0 0 0 0 0 0 0 0 0 0 0 0 0 0 0 0 0 0 0 0 0 0 0
0 0 0 0 0 0 0 0 0 0 0 0 0 0 0 0 0 0 0 0 0 0 0 0 0 0 0 0 0 0 0 0 0 0 0 0
0 0 0 0 0 0 0 0 0 0 0 0 0 0 0 0 0 0 0 0 0
##$SHL_SFCOEFFS12= (0..200)
0 0 0 0 0 0 0 0 0 0 0 0 0 0 0 0 0 0 0 0 0 0 0 0 0 0 0 0 0 0 0 0 0 0 0 0
0 0 0 0 0 0 0 0 0 0 0 0 0 0 0 0 0 0 0 0 0 0 0 0 0 0 0 0 0 0 0 0 0 0 0 0
0 0 0 0 0 0 0 0 0 0 0 0 0 0 0 0 0 0 0 0 0 0 0 0 0 0 0 0 0 0 0 0 0 0 0 0
0 0 0 0 0 0 0 0 0 0 0 0 0 0 0 0 0 0 0 0 0 0 0 0 0 0 0 0 0 0 0 0 0 0 0 0
0 0 0 0 0 0 0 0 0 0 0 0 0 0 0 0 0 0 0 0 0 0 0 0 0 0 0 0 0 0 0 0 0 0 0 0
0 0 0 0 0 0 0 0 0 0 0 0 0 0 0 0 0 0 0 0 0
##$SHL_SFCOEFFS13= (0..200)
0 0 0 0 0 0 0 0 0 0 0 0 0 0 0 0 0 0 0 0 0 0 0 0 0 0 0 0 0 0 0 0 0 0 0 0
0 0 0 0 0 0 0 0 0 0 0 0 0 0 0 0 0 0 0 0 0 0 0 0 0 0 0 0 0 0 0 0 0 0 0 0
0 0 0 0 0 0 0 0 0 0 0 0 0 0 0 0 0 0 0 0 0 0 0 0 0 0 0 0 0 0 0 0 0 0 0 0
0 0 0 0 0 0 0 0 0 0 0 0 0 0 0 0 0 0 0 0 0 0 0 0 0 0 0 0 0 0 0 0 0 0 0 0
0 0 0 0 0 0 0 0 0 0 0 0 0 0 0 0 0 0 0 0 0 0 0 0 0 0 0 0 0 0 0 0 0 0 0 0
0 0 0 0 0 0 0 0 0 0 0 0 0 0 0 0 0 0 0 0 0
##$SHL_SFCOEFFS14= (0..200)
0 0 0 0 0 0 0 0 0 0 0 0 0 0 0 0 0 0 0 0 0 0 0 0 0 0 0 0 0 0 0 0 0 0 0 0
0 0 0 0 0 0 0 0 0 0 0 0 0 0 0 0 0 0 0 0 0 0 0 0 0 0 0 0 0 0 0 0 0 0 0 0
0 0 0 0 0 0 0 0 0 0 0 0 0 0 0 0 0 0 0 0 0 0 0 0 0 0 0 0 0 0 0 0 0 0 0 0
0 0 0 0 0 0 0 0 0 0 0 0 0 0 0 0 0 0 0 0 0 0 0 0 0 0 0 0 0 0 0 0 0 0 0 0
0 0 0 0 0 0 0 0 0 0 0 0 0 0 0 0 0 0 0 0 0 0 0 0 0 0 0 0 0 0 0 0 0 0 0 0
0 0 0 0 0 0 0 0 0 0 0 0 0 0 0 0 0 0 0 0 0
##$SHL_SFCOEFFS15= (0..200)
0 0 0 0 0 0 0 0 0 0 0 0 0 0 0 0 0 0 0 0 0 0 0 0 0 0 0 0 0 0 0 0 0 0 0 0
0 0 0 0 0 0 0 0 0 0 0 0 0 0 0 0 0 0 0 0 0 0 0 0 0 0 0 0 0 0 0 0 0 0 0 0
0 0 0 0 0 0 0 0 0 0 0 0 0 0 0 0 0 0 0 0 0 0 0 0 0 0 0 0 0 0 0 0 0 0 0 0
0 0 0 0 0 0 0 0 0 0 0 0 0 0 0 0 0 0 0 0 0 0 0 0 0 0 0 0 0 0 0 0 0 0 0 0
0 0 0 0 0 0 0 0 0 0 0 0 0 0 0 0 0 0 0 0 0 0 0 0 0 0 0 0 0 0 0 0 0 0 0 0
0 0 0 0 0 0 0 0 0 0 0 0 0 0 0 0 0 0 0 0 0
##$SHL_SFCOEFFS2= (0..200)
0 0 0 0 0 0 0 0 0 0 0 0 0 0 0 0 0 0 0 0 0 0 0 0 0 0 0 0 0 0 0 0 0 0 0 0
0 0 0 0 0 0 0 0 0 0 0 0 0 0 0 0 0 0 0 0 0 0 0 0 0 0 0 0 0 0 0 0 0 0 0 0
0 0 0 0 0 0 0 0 0 0 0 0 0 0 0 0 0 0 0 0 0 0 0 0 0 0 0 0 0 0 0 0 0 0 0 0
0 0 0 0 0 0 0 0 0 0 0 0 0 0 0 0 0 0 0 0 0 0 0 0 0 0 0 0 0 0 0 0 0 0 0 0
0 0 0 0 0 0 0 0 0 0 0 0 0 0 0 0 0 0 0 0 0 0 0 0 0 0 0 0 0 0 0 0 0 0 0 0
0 0 0 0 0 0 0 0 0 0 0 0 0 0 0 0 0 0 0 0 0
##$SHL_SFCOEFFS3= (0..200)
0 0 0 0 0 0 0 0 0 0 0 0 0 0 0 0 0 0 0 0 0 0 0 0 0 0 0 0 0 0 0 0 0 0 0 0
0 0 0 0 0 0 0 0 0 0 0 0 0 0 0 0 0 0 0 0 0 0 0 0 0 0 0 0 0 0 0 0 0 0 0 0
0 0 0 0 0 0 0 0 0 0 0 0 0 0 0 0 0 0 0 0 0 0 0 0 0 0 0 0 0 0 0 0 0 0 0 0
0 0 0 0 0 0 0 0 0 0 0 0 0 0 0 0 0 0 0 0 0 0 0 0 0 0 0 0 0 0 0 0 0 0 0 0
0 0 0 0 0 0 0 0 0 0 0 0 0 0 0 0 0 0 0 0 0 0 0 0 0 0 0 0 0 0 0 0 0 0 0 0
0 0 0 0 0 0 0 0 0 0 0 0 0 0 0 0 0 0 0 0 0
##$SHL_SFCOEFFS4= (0..200)
0 0 0 0 0 0 0 0 0 0 0 0 0 0 0 0 0 0 0 0 0 0 0 0 0 0 0 0 0 0 0 0 0 0 0 0
0 0 0 0 0 0 0 0 0 0 0 0 0 0 0 0 0 0 0 0 0 0 0 0 0 0 0 0 0 0 0 0 0 0 0 0
0 0 0 0 0 0 0 0 0 0 0 0 0 0 0 0 0 0 0 0 0 0 0 0 0 0 0 0 0 0 0 0 0 0 0 0
0 0 0 0 0 0 0 0 0 0 0 0 0 0 0 0 0 0 0 0 0 0 0 0 0 0 0 0 0 0 0 0 0 0 0 0
0 0 0 0 0 0 0 0 0 0 0 0 0 0 0 0 0 0 0 0 0 0 0 0 0 0 0 0 0 0 0 0 0 0 0 0
0 0 0 0 0 0 0 0 0 0 0 0 0 0 0 0 0 0 0 0 0
##$SHL_SFCOEFFS5= (0..200)
0 0 0 0 0 0 0 0 0 0 0 0 0 0 0 0 0 0 0 0 0 0 0 0 0 0 0 0 0 0 0 0 0 0 0 0
0 0 0 0 0 0 0 0 0 0 0 0 0 0 0 0 0 0 0 0 0 0 0 0 0 0 0 0 0 0 0 0 0 0 0 0
0 0 0 0 0 0 0 0 0 0 0 0 0 0 0 0 0 0 0 0 0 0 0 0 0 0 0 0 0 0 0 0 0 0 0 0
0 0 0 0 0 0 0 0 0 0 0 0 0 0 0 0 0 0 0 0 0 0 0 0 0 0 0 0 0 0 0 0 0 0 0 0
0 0 0 0 0 0 0 0 0 0 0 0 0 0 0 0 0 0 0 0 0 0 0 0 0 0 0 0 0 0 0 0 0 0 0 0
0 0 0 0 0 0 0 0 0 0 0 0 0 0 0 0 0 0 0 0 0
##$SHL_SFCOEFFS6= (0..200)
0 0 0 0 0 0 0 0 0 0 0 0 0 0 0 0 0 0 0 0 0 0 0 0 0 0 0 0 0 0 0 0 0 0 0 0
0 0 0 0 0 0 0 0 0 0 0 0 0 0 0 0 0 0 0 0 0 0 0 0 0 0 0 0 0 0 0 0 0 0 0 0
0 0 0 0 0 0 0 0 0 0 0 0 0 0 0 0 0 0 0 0 0 0 0 0 0 0 0 0 0 0 0 0 0 0 0 0
0 0 0 0 0 0 0 0 0 0 0 0 0 0 0 0 0 0 0 0 0 0 0 0 0 0 0 0 0 0 0 0 0 0 0 0
0 0 0 0 0 0 0 0 0 0 0 0 0 0 0 0 0 0 0 0 0 0 0 0 0 0 0 0 0 0 0 0 0 0 0 0
0 0 0 0 0 0 0 0 0 0 0 0 0 0 0 0 0 0 0 0 0
##$SHL_SFCOEFFS7= (0..200)
0 0 0 0 0 0 0 0 0 0 0 0 0 0 0 0 0 0 0 0 0 0 0 0 0 0 0 0 0 0 0 0 0 0 0 0
0 0 0 0 0 0 0 0 0 0 0 0 0 0 0 0 0 0 0 0 0 0 0 0 0 0 0 0 0 0 0 0 0 0 0 0
0 0 0 0 0 0 0 0 0 0 0 0 0 0 0 0 0 0 0 0 0 0 0 0 0 0 0 0 0 0 0 0 0 0 0 0
0 0 0 0 0 0 0 0 0 0 0 0 0 0 0 0 0 0 0 0 0 0 0 0 0 0 0 0 0 0 0 0 0 0 0 0
0 0 0 0 0 0 0 0 0 0 0 0 0 0 0 0 0 0 0 0 0 0 0 0 0 0 0 0 0 0 0 0 0 0 0 0
0 0 0 0 0 0 0 0 0 0 0 0 0 0 0 0 0 0 0 0 0
##$SHL_SFCOEFFS8= (0..200)
0 0 0 0 0 0 0 0 0 0 0 0 0 0 0 0 0 0 0 0 0 0 0 0 0 0 0 0 0 0 0 0 0 0 0 0
0 0 0 0 0 0 0 0 0 0 0 0 0 0 0 0 0 0 0 0 0 0 0 0 0 0 0 0 0 0 0 0 0 0 0 0
0 0 0 0 0 0 0 0 0 0 0 0 0 0 0 0 0 0 0 0 0 0 0 0 0 0 0 0 0 0 0 0 0 0 0 0
0 0 0 0 0 0 0 0 0 0 0 0 0 0 0 0 0 0 0 0 0 0 0 0 0 0 0 0 0 0 0 0 0 0 0 0
0 0 0 0 0 0 0 0 0 0 0 0 0 0 0 0 0 0 0 0 0 0 0 0 0 0 0 0 0 0 0 0 0 0 0 0
0 0 0 0 0 0 0 0 0 0 0 0 0 0 0 0 0 0 0 0 0
##$SHL_SFCOEFFS9= (0..200)
0 0 0 0 0 0 0 0 0 0 0 0 0 0 0 0 0 0 0 0 0 0 0 0 0 0 0 0 0 0 0 0 0 0 0 0
0 0 0 0 0 0 0 0 0 0 0 0 0 0 0 0 0 0 0 0 0 0 0 0 0 0 0 0 0 0 0 0 0 0 0 0
0 0 0 0 0 0 0 0 0 0 0 0 0 0 0 0 0 0 0 0 0 0 0 0 0 0 0 0 0 0 0 0 0 0 0 0
0 0 0 0 0 0 0 0 0 0 0 0 0 0 0 0 0 0 0 0 0 0 0 0 0 0 0 0 0 0 0 0 0 0 0 0
0 0 0 0 0 0 0 0 0 0 0 0 0 0 0 0 0 0 0 0 0 0 0 0 0 0 0 0 0 0 0 0 0 0 0 0
0 0 0 0 0 0 0 0 0 0 0 0 0 0 0 0 0 0 0 0 0
##$SHL_SMOOTHED= (0..15)
0 0 0 0 0 0 0 0 0 0 0 0 0 0 0 0
##$SHL_SMOOTHING= (0..15)
0 0 0 0 0 0 0 0 0 0 0 0 0 0 0 0
##$SHL_SPOAL= (0..15)
0 0 0 0 0 0 0 0 0 0 0 0 0 0 0 0
##$SHL_SPOFFS= (0..15)
0 0 0 0 0 0 0 0 0 0 0 0 0 0 0 0
##$SHL_SPOPH= (0..15)
0 0 0 0 0 0 0 0 0 0 0 0 0 0 0 0
##$SHL_STARTAMP= (0..15)
0 0 0 0 0 0 0 0 0 0 0 0 0 0 0 0
##$SHL_SW= (0..15)
0 0 0 0 0 0 0 0 0 0 0 0 0 0 0 0
##$SHL_SWDIR= (0..15)
-1 -1 -1 -1 -1 -1 -1 -1 -1 -1 -1 -1 -1 -1 -1 -1
##$SHL_TANKAPPA= (0..15)
0 0 0 0 0 0 0 0 0 0 0 0 0 0 0 0
##$SHL_TOTROT= (0..15)
90 0 0 0 0 0 0 0 0 0 0 0 0 0 0 0
##$SHL_TRUNCLEV= (0..15)
0 0 0 0 0 0 0 0 0 0 0 0 0 0 0 0
##$SHL_TYPE= (0..15)
<Excitation> <> <> <> <> <> <> <> <> <> <> <> <> <> <> <>
##$SHL_WINDOWSIZE= (0..15)
0 0 0 0 0 0 0 0 0 0 0 0 0 0 0 0
##$SHL_ZETA= (0..15)
0 0 0 0 0 0 0 0 0 0 0 0 0 0 0 0
##NPOINTS= 1250
##XYPOINTS= (XY..XY)
51.043950, 134.568654
51.374622, 136.356703
51.708109, 138.119096
52.043395, 139.856069
52.379481, 141.567904
52.715392, 143.254921
53.050176, 144.917472
53.382904, 146.555940
53.712672, 148.170727
54.038602, 149.762258
54.359840, 151.330970
54.675561, 152.877312
54.984964, 154.401740
55.287275, 155.904717
55.581747, 157.386707
55.867659, 158.848173
56.144315, 160.289576
56.411047, 161.711375
56.667212, 163.114020
56.912190, 164.497956
57.145390, 165.863620
57.366243, 167.211436
57.574204, 168.541823
57.768754, 169.855183
57.949396, 171.151912
58.115657, 172.432389
58.267086, 173.696983
58.403255, 174.946049
58.523758, 176.179928
58.628209, 177.398948
58.716246, 178.603424
58.787525, 179.793655
58.841725, 180.969928
58.878544, 182.132515
58.897698, 183.281673
58.898926, 184.417646
58.881984, 185.540663
58.846647, 186.650939
58.792708, 187.748675
58.719980, 188.834057
58.628292, 189.907255
58.517493, 190.968428
58.387446, 192.017718
58.238035, 193.055251
58.069158, 194.081142
57.880731, 195.095488
57.672688, 196.098370
57.444977, 197.089855
57.197562, 198.069995
56.930426, 199.038823
56.643564, 199.996358
56.336989, 200.942600
56.010730, 201.877531
55.664829, 202.801118
55.299345, 203.713306
54.914352, 204.614019
54.509940, 205.503165
54.086210, 206.380626
53.643284, 207.246263
53.181293, 208.099914
52.700388, 208.941389
52.200731, 209.770474
51.682500, 210.586925
51.145890, 211.390466
50.591107, 212.180791
50.018377, 212.957558
49.427937, 213.720385
48.820042, 214.468854
48.194962, 215.202497
47.552982, 215.920804
46.894406, 216.623209
46.219551, 217.309091
45.528754, 217.977767
44.822369, 218.628486
44.100768, 219.260423
43.364343, 219.872671
42.613505, 220.464235
41.848688, 221.034016
41.070345, 221.580809
40.278958, 222.103286
39.475029, 222.599982
38.659091, 223.069280
37.831705, 223.509398
36.993466, 223.918361
36.145001, 224.293984
35.286980, 224.633844
34.420113, 224.935252
33.545160, 225.195218
32.662931, 225.410410
31.774302, 225.577116
30.880211, 225.691190
29.981678, 225.747995
29.079809, 225.742340
28.175812, 225.668410
27.271011, 225.519680
26.366863, 225.288828
25.464983, 224.967638
24.567164, 224.546894
23.675407, 224.016273
22.791959, 223.364241
21.919347, 222.577953
21.060425, 221.643196
20.218425, 220.544362
19.397012, 219.264518
18.600339, 217.785598
17.833108, 216.088791
17.100618, 214.155202
16.408799, 211.966875
15.764209, 209.508270
15.173989, 206.768265
14.645741, 203.742636
14.187303, 200.436873
13.806422, 196.868932
13.510317, 193.071313
13.305160, 189.091715
13.195551, 184.991571
13.184071, 180.842223
13.271016, 176.719133
13.454362, 172.695220
13.729982, 168.834744
14.092058, 165.188935
14.533594, 161.793967
15.046946, 158.671145
15.624278, 155.828718
16.257925, 153.264530
16.940636, 150.968860
17.665719, 148.927013
18.427106, 147.121441
19.219363, 145.533340
20.037663, 144.143779
20.877740, 142.934440
21.735832, 141.888060
22.608625, 140.988668
23.493195, 140.221674
24.386957, 139.573872
25.287618, 139.033375
26.193141, 138.589534
27.101702, 138.232828
28.011668, 137.954761
28.921565, 137.747750
29.830060, 137.605035
30.735940, 137.520575
31.638097, 137.488976
32.535517, 137.505411
33.427262, 137.565553
34.312470, 137.665520
35.190338, 137.801819
36.060118, 137.971307
36.921114, 138.171143
37.772674, 138.398761
38.614184, 138.651834
39.445068, 138.928250
40.264784, 139.226087
41.072819, 139.543592
41.868688, 139.879164
42.651931, 140.231338
43.422116, 140.598769
44.178829, 140.980223
44.921680, 141.374559
45.650298, 141.780729
46.364332, 142.197761
47.063448, 142.624755
47.747331, 143.060875
48.415682, 143.505343
49.068219, 143.957435
49.704673, 144.416473
50.324794, 144.881822
50.928345, 145.352888
51.515104, 145.829111
52.084863, 146.309965
52.637427, 146.794952
53.172618, 147.283600
53.690269, 147.775464
54.190227, 148.270119
54.672352, 148.767161
55.136519, 149.266204
55.582614, 149.766879
56.010537, 150.268832
56.420201, 150.771723
56.811531, 151.275224
57.184466, 151.779018
57.538958, 152.282800
57.874969, 152.786271
58.192478, 153.289144
58.491474, 153.791137
58.771957, 154.291976
59.033944, 154.791391
59.277461, 155.289118
59.502548, 155.784900
59.709258, 156.278480
59.897656, 156.769607
60.067819, 157.258031
60.219837, 157.743507
60.353814, 158.225789
60.469864, 158.704634
60.568116, 159.179801
60.648709, 159.651046
60.711798, 160.118130
60.757547, 160.580811
60.786134, 161.038848
60.797750, 161.491997
60.792599, 161.940017
60.770896, 162.382662
60.732868, 162.819686
60.678757, 163.250844
60.608817, 163.675884
60.523312, 164.094557
60.422520, 164.506609
60.306733, 164.911785
60.176252, 165.309826
60.031394, 165.700472
59.872486, 166.083461
59.699868, 166.458527
59.513891, 166.825403
59.314922, 167.183819
59.103334, 167.533501
58.879518, 167.874176
58.643874, 168.205566
58.396814, 168.527393
58.138763, 168.839376
57.870155, 169.141235
57.591439, 169.432685
57.303073, 169.713445
57.005526, 169.983230
56.699281, 170.241759
56.384829, 170.488750
56.062671, 170.723923
55.733321, 170.947001
55.397301, 171.157710
55.055144, 171.355781
54.707391, 171.540951
54.354592, 171.712962
53.997307, 171.871565
53.636103, 172.016520
53.271553, 172.147599
52.904240, 172.264583
52.534750, 172.367271
52.163677, 172.455475
51.791617, 172.529025
51.419173, 172.587772
51.046949, 172.631587
50.675550, 172.660368
50.305583, 172.674034
49.937656, 172.672538
49.572373, 172.655861
49.210336, 172.624017
48.852143, 172.577058
48.498386, 172.515071
48.149650, 172.438186
47.806510, 172.346574
47.469531, 172.240452
47.139265, 172.120082
46.816249, 171.985778
46.501006, 171.837901
46.194038, 171.676865
45.895829, 171.503136
45.606838, 171.317234
45.327502, 171.119733
45.058231, 170.911258
44.799406, 170.692489
44.551381, 170.464159
44.314473, 170.227049
44.088970, 169.981990
43.875123, 169.729857
43.673145, 169.471571
43.483213, 169.208089
43.305465, 168.940406
43.139997, 168.669548
42.986866, 168.396566
42.846088, 168.122533
42.717635, 167.848540
42.601441, 167.575685
42.497396, 167.305074
42.405350, 167.037811
42.325112, 166.774996
42.256455, 166.517713
42.199109, 166.267033
42.152771, 166.024003
42.117102, 165.789643
42.091729, 165.564941
42.076247, 165.350852
42.070223, 165.148288
42.073194, 164.958124
42.084676, 164.781185
42.104157, 164.618253
42.131109, 164.470059
42.164983, 164.337287
42.205214, 164.220569
42.251224, 164.120487
42.302426, 164.037574
42.358220, 163.972312
42.418001, 163.925135
42.481160, 163.896432
42.547085, 163.886544
42.615162, 163.895770
42.684778, 163.924367
42.755325, 163.972554
42.826198, 164.040511
42.896796, 164.128386
42.966529, 164.236294
43.034812, 164.364320
43.101072, 164.512524
43.164747, 164.680942
43.225286, 164.869587
43.282150, 165.078454
43.334816, 165.307521
43.382772, 165.556752
43.425525, 165.826100
43.462594, 166.115507
43.493517, 166.424908
43.517846, 166.754233
43.535152, 167.103406
43.545022, 167.472353
43.547062, 167.860997
43.540896, 168.269265
43.526163, 168.697086
43.502526, 169.144394
43.469662, 169.611130
43.427268, 170.097241
43.375060, 170.602686
43.312775, 171.127433
43.240166, 171.671462
43.157008, 172.234764
43.063092, 172.817347
42.958233, 173.419232
42.842261, 174.040459
42.715029, 174.681083
42.576409, 175.341180
42.426292, 176.020844
42.264590, 176.720190
42.091235, 177.439358
41.906178, 178.178509
41.709392, 178.937828
41.500871, 179.717528
41.280629, 180.517849
41.048702, 181.339059
40.805147, 182.181455
40.550042, 183.045367
40.283489, 183.931158
40.005610, 184.839224
39.716552, 185.769999
39.416486, 186.723953
39.105603, 187.701597
38.784124, 188.703483
38.452290, 189.730205
38.110371, 190.782403
37.758661, 191.860764
37.397485, 192.966024
37.027193, 194.098968
36.648164, 195.260436
36.260809, 196.451321
35.865569, 197.672571
35.462919, 198.925194
35.053366, 200.210254
34.637452, 201.528876
34.215757, 202.882245
33.788898, 204.271606
33.357531, 205.698264
32.922354, 207.163582
32.484109, 208.668979
32.043579, 210.215925
31.601597, 211.805939
31.159043, 213.440580
30.716844, 215.121440
30.275982, 216.850130
29.837487, 218.628271
29.402447, 220.457475
28.972000, 222.339326
28.547339, 224.275355
28.129713, 226.267015
27.720421, 228.315648
27.320813, 230.422450
26.932289, 232.588430
26.556288, 234.814364
26.194292, 237.100751
25.847809, 239.447757
25.518372, 241.855166
25.207524, 244.322325
24.916805, 246.848096
24.647741, 249.430804
24.401825, 252.068202
24.180503, 254.757437
23.985149, 257.495037
23.817051, 260.276906
23.677387, 263.098343
23.567210, 265.954080
23.487425, 268.838334
23.438777, 271.744889
23.421831, 274.667190
23.436967, 277.598450
23.484372, 280.531773
23.564035, 283.460275
23.675748, 286.377212
23.819114, 289.276096
23.993555, 292.150804
24.198322, 294.995665
24.432512, 297.805539
24.695087, 300.575864
24.984889, 303.302694
25.300659, 305.982708
25.641059, 308.613208
26.004686, 311.192098
26.390092, 313.717850
26.795800, 316.189467
27.220316, 318.606431
27.662142, 320.968653
28.119789, 323.276420
28.591782, 325.530344
29.076673, 327.731306
29.573039, 329.880416
30.079494, 331.978966
30.594691, 334.028389
31.117318, 336.030226
31.646109, 337.986095
32.179838, 339.897666
32.717322, 341.766635
33.257419, 343.594707
33.799030, 345.383582
34.341097, 347.134939
34.882599, 348.850427
35.422555, 350.531658
35.960021, 352.180200
36.494089, 353.797571
37.023882, 355.385240
37.548559, 356.944620
38.067309, 358.477069
38.579350, 359.983892
39.083929, 1.466337
39.580322, 2.925597
40.067829, 4.362815
40.545775, 5.779079
41.013509, 7.175430
41.470406, 8.552858
41.915858, 9.912309
42.349281, 11.254683
42.770112, 12.580838
43.177807, 13.891594
43.571840, 15.187729
43.951704, 16.469988
44.316911, 17.739080
44.666988, 18.995682
45.001480, 20.240441
45.319950, 21.473975
45.621973, 22.696876
45.907144, 23.909708
46.175071, 25.113014
46.425377, 26.307314
46.657700, 27.493108
46.871693, 28.670875
47.067022, 29.841079
47.243369, 31.004164
47.400429, 32.160562
47.537909, 33.310690
47.655533, 34.454951
47.753036, 35.593739
47.830168, 36.727436
47.886690, 37.856414
47.922378, 38.981039
47.937022, 40.101668
47.930422, 41.218654
47.902395, 42.332342
47.852767, 43.443078
47.781381, 44.551200
47.688089, 45.657049
47.572758, 46.760964
47.435269, 47.863283
47.275513, 48.964348
47.093397, 50.064506
46.888839, 51.164105
46.661771, 52.263502
46.412138, 53.363061
46.139896, 54.463154
45.845017, 55.564167
45.527486, 56.666495
45.187300, 57.770553
44.824469, 58.876769
44.439018, 59.985593
44.030986, 61.097499
43.600424, 62.212984
43.147398, 63.332575
42.671989, 64.456833
42.174292, 65.586356
41.654415, 66.721782
41.112485, 67.863800
40.548641, 69.013149
39.963039, 70.170633
39.355853, 71.337119
38.727272, 72.513558
38.077504, 73.700984
37.406775, 74.900537
36.715333, 76.113467
36.003443, 77.341160
35.271396, 78.585148
34.519505, 79.847140
33.748109, 81.129043
32.957577, 82.432997
32.148306, 83.761408
31.320731, 85.116999
30.475324, 86.502857
29.612601, 87.922501
28.733128, 89.379962
27.837531, 90.879871
26.926499, 92.427583
26.000804, 94.029316
25.061310, 95.692328
24.108996, 97.425136
23.144974, 99.237792
22.170528, 101.142225
21.187146, 103.152676
20.196577, 105.286246
19.200896, 107.563586
18.202595, 110.009771
17.204705, 112.655403
16.210951, 115.537963
15.225972, 118.703450
14.255606, 122.208262
13.307276, 126.121117
12.390481, 130.524553
11.517421, 135.514888
10.703691, 141.198540
9.968934, 147.681059
9.337089, 155.044035
8.835650, 163.306487
8.493141, 172.376090
8.334448, 182.013474
8.375031, 191.846319
8.616689, 201.450464
9.047478, 210.461722
9.645756, 218.652387
10.385798, 225.940353
11.242373, 232.351143
12.193266, 237.969357
13.220090, 242.901240
14.308128, 247.252692
15.445786, 251.119030
16.623956, 254.581687
17.835465, 257.708361
19.074613, 260.554564
20.336819, 263.165563
21.618356, 265.578240
22.916150, 267.822708
24.227625, 269.923649
25.550595, 271.901395
26.883175, 273.772782
28.223722, 275.551832
29.570779, 277.250294
30.923042, 278.878066
32.279328, 280.443531
33.638557, 281.953834
34.999725, 283.415090
36.361900, 284.832561
37.724204, 286.210799
39.085804, 287.553754
40.445911, 288.864875
41.803765, 290.147181
43.158639, 291.403326
44.509827, 292.635654
45.856649, 293.846241
47.198439, 295.036931
48.534553, 296.209369
49.864359, 297.365026
51.187240, 298.505220
52.502591, 299.631140
53.809817, 300.743854
55.108337, 301.844333
56.397577, 302.933451
57.676973, 304.012008
58.945971, 305.080729
60.204024, 306.140277
61.450594, 307.191257
62.685150, 308.234227
63.907171, 309.269695
65.116142, 310.298130
66.311556, 311.319967
67.492913, 312.335604
68.659721, 313.345410
69.811495, 314.349729
70.947759, 315.348877
72.068044, 316.343151
73.171886, 317.332824
74.258833, 318.318154
75.328436, 319.299379
76.380259, 320.276724
77.413869, 321.250398
78.428843, 322.220597
79.424768, 323.187507
80.401237, 324.151300
81.357851, 325.112140
82.294220, 326.070181
83.209963, 327.025568
84.104707, 327.978439
84.978089, 328.928924
85.829753, 329.877145
86.659353, 330.823221
87.466553, 331.767262
88.251024, 332.709374
89.012448, 333.649658
89.750517, 334.588209
90.464930, 335.525120
91.155399, 336.460477
91.821643, 337.394367
92.463391, 338.326868
93.080385, 339.258058
93.672374, 340.188013
94.239117, 341.116802
94.780386, 342.044496
95.295961, 342.971162
95.785634, 343.896863
96.249205, 344.821662
96.686488, 345.745621
97.097304, 346.668798
97.481489, 347.591249
97.838885, 348.513032
98.169349, 349.434201
98.472747, 350.354809
98.748955, 351.274909
98.997862, 352.194551
99.219367, 353.113786
99.413381, 354.032664
99.579824, 354.951234
99.718631, 355.869544
99.829743, 356.787642
99.913117, 357.705576
99.968718, 358.623392
99.996524, 359.541139
99.996524, 0.458861
99.968718, 1.376608
99.913117, 2.294424
99.829743, 3.212358
99.718631, 4.130456
99.579824, 5.048766
99.413381, 5.967336
99.219367, 6.886214
98.997862, 7.805449
98.748955, 8.725091
98.472747, 9.645191
98.169349, 10.565799
97.838885, 11.486968
97.481489, 12.408751
97.097304, 13.331202
96.686488, 14.254379
96.249205, 15.178338
95.785634, 16.103137
95.295961, 17.028838
94.780386, 17.955504
94.239117, 18.883198
93.672374, 19.811987
93.080385, 20.741942
92.463391, 21.673132
91.821643, 22.605633
91.155399, 23.539523
90.464930, 24.474880
89.750517, 25.411791
89.012448, 26.350342
88.251024, 27.290626
87.466553, 28.232738
86.659353, 29.176779
85.829753, 30.122855
84.978089, 31.071076
84.104707, 32.021561
83.209963, 32.974432
82.294220, 33.929819
81.357851, 34.887860
80.401237, 35.848700
79.424768, 36.812493
78.428843, 37.779403
77.413869, 38.749602
76.380259, 39.723276
75.328436, 40.700621
74.258833, 41.681846
73.171886, 42.667176
72.068044, 43.656849
70.947759, 44.651123
69.811495, 45.650271
68.659721, 46.654590
67.492913, 47.664396
66.311556, 48.680033
65.116142, 49.701870
63.907171, 50.730305
62.685150, 51.765773
61.450594, 52.808743
60.204024, 53.859723
58.945971, 54.919271
57.676973, 55.987992
56.397577, 57.066549
55.108337, 58.155667
53.809817, 59.256146
52.502591, 60.368860
51.187240, 61.494780
49.864359, 62.634974
48.534553, 63.790631
47.198439, 64.963069
45.856649, 66.153759
44.509827, 67.364346
43.158639, 68.596674
41.803765, 69.852819
40.445911, 71.135125
39.085804, 72.446246
37.724204, 73.789201
36.361900, 75.167439
34.999725, 76.584910
33.638557, 78.046166
32.279328, 79.556469
30.923042, 81.121934
29.570779, 82.749706
28.223722, 84.448168
26.883175, 86.227218
25.550595, 88.098605
24.227625, 90.076351
22.916150, 92.177292
21.618356, 94.421760
20.336819, 96.834437
19.074613, 99.445436
17.835465, 102.291639
16.623956, 105.418313
15.445786, 108.880970
14.308128, 112.747308
13.220090, 117.098760
12.193266, 122.030643
11.242373, 127.648857
10.385798, 134.059647
9.645756, 141.347613
9.047478, 149.538278
8.616689, 158.549536
8.375031, 168.153681
8.334448, 177.986526
8.493141, 187.623910
8.835650, 196.693513
9.337089, 204.955965
9.968934, 212.318941
10.703691, 218.801460
11.517421, 224.485112
12.390481, 229.475447
13.307276, 233.878883
14.255606, 237.791738
15.225972, 241.296550
16.210951, 244.462037
17.204705, 247.344597
18.202595, 249.990229
19.200896, 252.436414
20.196577, 254.713754
21.187146, 256.847324
22.170528, 258.857775
23.144974, 260.762208
24.108996, 262.574864
25.061310, 264.307672
26.000804, 265.970684
26.926499, 267.572417
27.837531, 269.120129
28.733128, 270.620038
29.612601, 272.077499
30.475324, 273.497143
31.320731, 274.883001
32.148306, 276.238592
32.957577, 277.567003
33.748109, 278.870957
34.519505, 280.152860
35.271396, 281.414852
36.003443, 282.658840
36.715333, 283.886533
37.406775, 285.099463
38.077504, 286.299016
38.727272, 287.486442
39.355853, 288.662881
39.963039, 289.829367
40.548641, 290.986851
41.112485, 292.136200
41.654415, 293.278218
42.174292, 294.413644
42.671989, 295.543167
43.147398, 296.667425
43.600424, 297.787016
44.030986, 298.902501
44.439018, 300.014407
44.824469, 301.123231
45.187300, 302.229447
45.527486, 303.333505
45.845017, 304.435833
46.139896, 305.536846
46.412138, 306.636939
46.661771, 307.736498
46.888839, 308.835895
47.093397, 309.935494
47.275513, 311.035652
47.435269, 312.136717
47.572758, 313.239036
47.688089, 314.342951
47.781381, 315.448800
47.852767, 316.556922
47.902395, 317.667658
47.930422, 318.781346
47.937022, 319.898332
47.922378, 321.018961
47.886690, 322.143586
47.830168, 323.272564
47.753036, 324.406261
47.655533, 325.545049
47.537909, 326.689310
47.400429, 327.839438
47.243369, 328.995836
47.067022, 330.158921
46.871693, 331.329125
46.657700, 332.506892
46.425377, 333.692686
46.175071, 334.886986
45.907144, 336.090292
45.621973, 337.303124
45.319950, 338.526025
45.001480, 339.759559
44.666988, 341.004318
44.316911, 342.260920
43.951704, 343.530012
43.571840, 344.812271
43.177807, 346.108406
42.770112, 347.419162
42.349281, 348.745317
41.915858, 350.087691
41.470406, 351.447142
41.013509, 352.824570
40.545775, 354.220921
40.067829, 355.637185
39.580322, 357.074403
39.083929, 358.533663
38.579350, 0.016108
38.067309, 1.522931
37.548559, 3.055380
37.023882, 4.614760
36.494089, 6.202429
35.960021, 7.819800
35.422555, 9.468342
34.882599, 11.149573
34.341097, 12.865061
33.799030, 14.616418
33.257419, 16.405293
32.717322, 18.233365
32.179838, 20.102334
31.646109, 22.013905
31.117318, 23.969774
30.594691, 25.971611
30.079494, 28.021034
29.573039, 30.119584
29.076673, 32.268694
28.591782, 34.469656
28.119789, 36.723580
27.662142, 39.031347
27.220316, 41.393569
26.795800, 43.810533
26.390092, 46.282150
26.004686, 48.807902
25.641059, 51.386792
25.300659, 54.017292
24.984889, 56.697306
24.695087, 59.424136
24.432512, 62.194461
24.198322, 65.004335
23.993555, 67.849196
23.819114, 70.723904
23.675748, 73.622788
23.564035, 76.539725
23.484372, 79.468227
23.436967, 82.401550
23.421831, 85.332810
23.438777, 88.255111
23.487425, 91.161666
23.567210, 94.045920
23.677387, 96.901657
23.817051, 99.723094
23.985149, 102.504963
24.180503, 105.242563
24.401825, 107.931798
24.647741, 110.569196
24.916805, 113.151904
25.207524, 115.677675
25.518372, 118.144834
25.847809, 120.552243
26.194292, 122.899249
26.556288, 125.185636
26.932289, 127.411570
27.320813, 129.577550
27.720421, 131.684352
28.129713, 133.732985
28.547339, 135.724645
28.972000, 137.660674
29.402447, 139.542525
29.837487, 141.371729
30.275982, 143.149870
30.716844, 144.878560
31.159043, 146.559420
31.601597, 148.194061
32.043579, 149.784075
32.484109, 151.331021
32.922354, 152.836418
33.357531, 154.301736
33.788898, 155.728394
34.215757, 157.117755
34.637452, 158.471124
35.053366, 159.789746
35.462919, 161.074806
35.865569, 162.327429
36.260809, 163.548679
36.648164, 164.739564
37.027193, 165.901032
37.397485, 167.033976
37.758661, 168.139236
38.110371, 169.217597
38.452290, 170.269795
38.784124, 171.296517
39.105603, 172.298403
39.416486, 173.276047
39.716552, 174.230001
40.005610, 175.160776
40.283489, 176.068842
40.550042, 176.954633
40.805147, 177.818545
41.048702, 178.660941
41.280629, 179.482151
41.500871, 180.282472
41.709392, 181.062172
41.906178, 181.821491
42.091235, 182.560642
42.264590, 183.279810
42.426292, 183.979156
42.576409, 184.658820
42.715029, 185.318917
42.842261, 185.959541
42.958233, 186.580768
43.063092, 187.182653
43.157008, 187.765236
43.240166, 188.328538
43.312775, 188.872567
43.375060, 189.397314
43.427268, 189.902759
43.469662, 190.388870
43.502526, 190.855606
43.526163, 191.302914
43.540896, 191.730735
43.547062, 192.139003
43.545022, 192.527647
43.535152, 192.896594
43.517846, 193.245767
43.493517, 193.575092
43.462594, 193.884493
43.425525, 194.173900
43.382772, 194.443248
43.334816, 194.692479
43.282150, 194.921546
43.225286, 195.130413
43.164747, 195.319058
43.101072, 195.487476
43.034812, 195.635680
42.966529, 195.763706
42.896796, 195.871614
42.826198, 195.959489
42.755325, 196.027446
42.684778, 196.075633
42.615162, 196.104230
42.547085, 196.113456
42.481160, 196.103568
42.418001, 196.074865
42.358220, 196.027688
42.302426, 195.962426
42.251224, 195.879513
42.205214, 195.779431
42.164983, 195.662713
42.131109, 195.529941
42.104157, 195.381747
42.084676, 195.218815
42.073194, 195.041876
42.070223, 194.851712
42.076247, 194.649148
42.091729, 194.435059
42.117102, 194.210357
42.152771, 193.975997
42.199109, 193.732967
42.256455, 193.482287
42.325112, 193.225004
42.405350, 192.962189
42.497396, 192.694926
42.601441, 192.424315
42.717635, 192.151460
42.846088, 191.877467
42.986866, 191.603434
43.139997, 191.330452
43.305465, 191.059594
43.483213, 190.791911
43.673145, 190.528429
43.875123, 190.270143
44.088970, 190.018010
44.314473, 189.772951
44.551381, 189.535841
44.799406, 189.307511
45.058231, 189.088742
45.327502, 188.880267
45.606838, 188.682766
45.895829, 188.496864
46.194038, 188.323135
46.501006, 188.162099
46.816249, 188.014222
47.139265, 187.879918
47.469531, 187.759548
47.806510, 187.653426
48.149650, 187.561814
48.498386, 187.484929
48.852143, 187.422942
49.210336, 187.375983
49.572373, 187.344139
49.937656, 187.327462
50.305583, 187.325966
50.675550, 187.339632
51.046949, 187.368413
51.419173, 187.412228
51.791617, 187.470975
52.163677, 187.544525
52.534750, 187.632729
52.904240, 187.735417
53.271553, 187.852401
53.636103, 187.983480
53.997307, 188.128435
54.354592, 188.287038
54.707391, 188.459049
55.055144, 188.644219
55.397301, 188.842290
55.733321, 189.052999
56.062671, 189.276077
56.384829, 189.511250
56.699281, 189.758241
57.005526, 190.016770
57.303073, 190.286555
57.591439, 190.567315
57.870155, 190.858765
58.138763, 191.160624
58.396814, 191.472607
58.643874, 191.794434
58.879518, 192.125824
59.103334, 192.466499
59.314922, 192.816181
59.513891, 193.174597
59.699868, 193.541473
59.872486, 193.916539
60.031394, 194.299528
60.176252, 194.690174
60.306733, 195.088215
60.422520, 195.493391
60.523312, 195.905443
60.608817, 196.324116
60.678757, 196.749156
60.732868, 197.180314
60.770896, 197.617338
60.792599, 198.059983
60.797750, 198.508003
60.786134, 198.961152
60.757547, 199.419189
60.711798, 199.881870
60.648709, 200.348954
60.568116, 200.820199
60.469864, 201.295366
60.353814, 201.774211
60.219837, 202.256493
60.067819, 202.741969
59.897656, 203.230393
59.709258, 203.721520
59.502548, 204.215100
59.277461, 204.710882
59.033944, 205.208609
58.771957, 205.708024
58.491474, 206.208863
58.192478, 206.710856
57.874969, 207.213729
57.538958, 207.717200
57.184466, 208.220982
56.811531, 208.724776
56.420201, 209.228277
56.010537, 209.731168
55.582614, 210.233121
55.136519, 210.733796
54.672352, 211.232839
54.190227, 211.729881
53.690269, 212.224536
53.172618, 212.716400
52.637427, 213.205048
52.084863, 213.690035
51.515104, 214.170889
50.928345, 214.647112
50.324794, 215.118178
49.704673, 215.583527
49.068219, 216.042565
48.415682, 216.494657
47.747331, 216.939125
47.063448, 217.375245
46.364332, 217.802239
45.650298, 218.219271
44.921680, 218.625441
44.178829, 219.019777
43.422116, 219.401231
42.651931, 219.768662
41.868688, 220.120836
41.072819, 220.456408
40.264784, 220.773913
39.445068, 221.071750
38.614184, 221.348166
37.772674, 221.601239
36.921114, 221.828857
36.060118, 222.028693
35.190338, 222.198181
34.312470, 222.334480
33.427262, 222.434447
32.535517, 222.494589
31.638097, 222.511024
30.735940, 222.479425
29.830060, 222.394965
28.921565, 222.252250
28.011668, 222.045239
27.101702, 221.767172
26.193141, 221.410466
25.287618, 220.966625
24.386957, 220.426128
23.493195, 219.778326
22.608625, 219.011332
21.735832, 218.111940
20.877740, 217.065560
20.037663, 215.856221
19.219363, 214.466660
18.427106, 212.878559
17.665719, 211.072987
16.940636, 209.031140
16.257925, 206.735470
15.624278, 204.171282
15.046946, 201.328855
14.533594, 198.206033
14.092058, 194.811065
13.729982, 191.165256
13.454362, 187.304780
13.271016, 183.280867
13.184071, 179.157777
13.195551, 175.008429
13.305160, 170.908285
13.510317, 166.928687
13.806422, 163.131068
14.187303, 159.563127
14.645741, 156.257364
15.173989, 153.231735
15.764209, 150.491730
16.408799, 148.033125
17.100618, 145.844798
17.833108, 143.911209
18.600339, 142.214402
19.397012, 140.735482
20.218425, 139.455638
21.060425, 138.356804
21.919347, 137.422047
22.791959, 136.635759
23.675407, 135.983727
24.567164, 135.453106
25.464983, 135.032362
26.366863, 134.711172
27.271011, 134.480320
28.175812, 134.331590
29.079809, 134.257660
29.981678, 134.252005
30.880211, 134.308810
31.774302, 134.422884
32.662931, 134.589590
33.545160, 134.804782
34.420113, 135.064748
35.286980, 135.366156
36.145001, 135.706016
36.993466, 136.081639
37.831705, 136.490602
38.659091, 136.930720
39.475029, 137.400018
40.278958, 137.896714
41.070345, 138.419191
41.848688, 138.965984
42.613505, 139.535765
43.364343, 140.127329
44.100768, 140.739577
44.822369, 141.371514
45.528754, 142.022233
46.219551, 142.690909
46.894406, 143.376791
47.552982, 144.079196
48.194962, 144.797503
48.820042, 145.531146
49.427937, 146.279615
50.018377, 147.042442
50.591107, 147.819209
51.145890, 148.609534
51.682500, 149.413075
52.200731, 150.229526
52.700388, 151.058611
53.181293, 151.900086
53.643284, 152.753737
54.086210, 153.619374
54.509940, 154.496835
54.914352, 155.385981
55.299345, 156.286694
55.664829, 157.198882
56.010730, 158.122469
56.336989, 159.057400
56.643564, 160.003642
56.930426, 160.961177
57.197562, 161.930005
57.444977, 162.910145
57.672688, 163.901630
57.880731, 164.904512
58.069158, 165.918858
58.238035, 166.944749
58.387446, 167.982282
58.517493, 169.031572
58.628292, 170.092745
58.719980, 171.165943
58.792708, 172.251325
58.846647, 173.349061
58.881984, 174.459337
58.898926, 175.582354
58.897698, 176.718327
58.878544, 177.867485
58.841725, 179.030072
58.787525, 180.206345
58.716246, 181.396576
58.628209, 182.601052
58.523758, 183.820072
58.403255, 185.053951
58.267086, 186.303017
58.115657, 187.567611
57.949396, 188.848088
57.768754, 190.144817
57.574204, 191.458177
57.366243, 192.788564
57.145390, 194.136380
56.912190, 195.502044
56.667212, 196.885980
56.411047, 198.288625
56.144315, 199.710424
55.867659, 201.151827
55.581747, 202.613293
55.287275, 204.095283
54.984964, 205.598260
54.675561, 207.122688
54.359840, 208.669030
54.038602, 210.237742
53.712672, 211.829273
53.382904, 213.444060
53.050176, 215.082528
52.715392, 216.745079
52.379481, 218.432096
52.043395, 220.143931
51.708109, 221.880904
51.374622, 223.643297
51.043950, 225.431346
##END=
