##TITLE= Parameter file, TopSpin 4.3.0
##JCAMPDX= 5.0
##DATATYPE= Parameter Values
##ORIGIN= Bruker BioSpin GmbH
##OWNER= nmrsu
$$ 2024-02-09 14:08:03.941 +0000  nmrsu@4CE1161FJM
$$ C:/Bruker/TopSpin4.3.0/exp/stan/nmr/lists/wave/user/multisupp_aux_d8
$$ process C:\Bruker\TopSpin4.3.0\prog\mod\xwinshape.exe
##MINX= 0.05507100
##MAXX= 99.99865700
##MINY= 0.28925800
##MAXY= 359.71074200
##$SHAPE_ADDPHASE= 0
##$SHAPE_AMP= 99.99865655
##$SHAPE_BWFAC= 0
##$SHAPE_BWFAC50= 0
##$SHAPE_CALCBW= yes
##$SHAPE_CALCINTEG= yes
##$SHAPE_EXMODE= <Excitation>
##$SHAPE_EXPAND= <>
##$SHAPE_EXPANDCF= (0..143)
0 0 0 0 0 0 0 0 0 0 0 0 0 0 0 0 0 0 0 0 0 0 0 0 0 0 0 0 0 0 0 0 0 0 0 0
0 0 0 0 0 0 0 0 0 0 0 0 0 0 0 0 0 0 0 0 0 0 0 0 0 0 0 0 0 0 0 0 0 0 0 0
0 0 0 0 0 0 0 0 0 0 0 0 0 0 0 0 0 0 0 0 0 0 0 0 0 0 0 0 0 0 0 0 0 0 0 0
0 0 0 0 0 0 0 0 0 0 0 0 0 0 0 0 0 0 0 0 0 0 0 0 0 0 0 0 0 0 0 0 0 0 0 0
##$SHAPE_EXPFAC= 0
##$SHAPE_FRACEND= 0
##$SHAPE_FRACORG= 0
##$SHAPE_FRACSTART= 0
##$SHAPE_INTEGFAC= 0
##$SHAPE_KEEPRES= yes
##$SHAPE_LENGTH= 25000.000373
##$SHAPE_MAN= <M>
##$SHAPE_MODE= 2
##$SHAPE_MODFREQ= 0
##$SHAPE_MODPHASE= 0
##$SHAPE_MODSCALE= 0
##$SHAPE_MODSW= 0
##$SHAPE_MODSWDIR= -1
##$SHAPE_NPOINTS= 1250
##$SHAPE_OFFS= <1 2>
##$SHAPE_OFFSCOEFF= (0..95)
54.738251 0 100 -215.43726 0 100 0 0 0 0 0 0 0 0 0 0 0 0 0 0 0 0 0 0 0
0 0 0 0 0 0 0 0 0 0 0 0 0 0 0 0 0 0 0 0 0 0 0 0 0 0 0 0 0 0 0 0 0 0 0 0
0 0 0 0 0 0 0 0 0 0 0 0 0 0 0 0 0 0 0 0 0 0 0 0 0 0 0 0 0 0 0 0 0 0 0
##$SHAPE_PARAMETER= <>
##$SHAPE_REPHFAC= 0
##$SHAPE_RES= 0
##$SHAPE_SCALEFAC= 1.00001343
##$SHAPE_SCALETYPE= 0
##$SHAPE_SPOAL= 0
##$SHAPE_SPOFFS= 0
##$SHAPE_SPOPH= 0
##$SHAPE_TOTROT= 90
##$SHAPE_TYPE= <Excitation>
##$SHAPE_USER_DEF= <>
##$SHAPE_VERSION= 2.1
##$SHL_ADDPHASE= (0..15)
0 0 0 0 0 0 0 0 0 0 0 0 0 0 0 0
##$SHL_ALIGNOFFSET= (0..15)
0 0 0 0 0 0 0 0 0 0 0 0 0 0 0 0
##$SHL_AMP= (0..15)
100 0 0 0 0 0 0 0 0 0 0 0 0 0 0 0
##$SHL_AMPFAC= (0..15)
0 0 0 0 0 0 0 0 0 0 0 0 0 0 0 0
##$SHL_BETA= (0..15)
0 0 0 0 0 0 0 0 0 0 0 0 0 0 0 0
##$SHL_BWFAC= (0..15)
1.116 0 0 0 0 0 0 0 0 0 0 0 0 0 0 0
##$SHL_CALCBW= (0..15)
yes yes yes yes yes yes yes yes yes yes yes yes yes yes yes yes
##$SHL_CALCINTEG= (0..15)
yes yes yes yes yes yes yes yes yes yes yes yes yes yes yes yes
##$SHL_CENTERAMP= (0..15)
0 0 0 0 0 0 0 0 0 0 0 0 0 0 0 0
##$SHL_CYCNUM= (0..15)
0 0 0 0 0 0 0 0 0 0 0 0 0 0 0 0
##$SHL_DIPOLCPL= (0..15)
0 0 0 0 0 0 0 0 0 0 0 0 0 0 0 0
##$SHL_ENDAMP= (0..15)
0 0 0 0 0 0 0 0 0 0 0 0 0 0 0 0
##$SHL_EXMODE= (0..15)
<Excitation> <> <> <> <> <> <> <> <> <> <> <> <> <> <> <>
##$SHL_EXPAND= (0..15)
<> <> <> <> <> <> <> <> <> <> <> <> <> <> <> <>
##$SHL_EXPANDCF0= (0..143)
0 0 0 0 0 0 0 0 0 0 0 0 0 0 0 0 0 0 0 0 0 0 0 0 0 0 0 0 0 0 0 0 0 0 0 0
0 0 0 0 0 0 0 0 0 0 0 0 0 0 0 0 0 0 0 0 0 0 0 0 0 0 0 0 0 0 0 0 0 0 0 0
0 0 0 0 0 0 0 0 0 0 0 0 0 0 0 0 0 0 0 0 0 0 0 0 0 0 0 0 0 0 0 0 0 0 0 0
0 0 0 0 0 0 0 0 0 0 0 0 0 0 0 0 0 0 0 0 0 0 0 0 0 0 0 0 0 0 0 0 0 0 0 0
##$SHL_EXPANDCF1= (0..143)
0 0 0 0 0 0 0 0 0 0 0 0 0 0 0 0 0 0 0 0 0 0 0 0 0 0 0 0 0 0 0 0 0 0 0 0
0 0 0 0 0 0 0 0 0 0 0 0 0 0 0 0 0 0 0 0 0 0 0 0 0 0 0 0 0 0 0 0 0 0 0 0
0 0 0 0 0 0 0 0 0 0 0 0 0 0 0 0 0 0 0 0 0 0 0 0 0 0 0 0 0 0 0 0 0 0 0 0
0 0 0 0 0 0 0 0 0 0 0 0 0 0 0 0 0 0 0 0 0 0 0 0 0 0 0 0 0 0 0 0 0 0 0 0
##$SHL_EXPANDCF10= (0..143)
0 0 0 0 0 0 0 0 0 0 0 0 0 0 0 0 0 0 0 0 0 0 0 0 0 0 0 0 0 0 0 0 0 0 0 0
0 0 0 0 0 0 0 0 0 0 0 0 0 0 0 0 0 0 0 0 0 0 0 0 0 0 0 0 0 0 0 0 0 0 0 0
0 0 0 0 0 0 0 0 0 0 0 0 0 0 0 0 0 0 0 0 0 0 0 0 0 0 0 0 0 0 0 0 0 0 0 0
0 0 0 0 0 0 0 0 0 0 0 0 0 0 0 0 0 0 0 0 0 0 0 0 0 0 0 0 0 0 0 0 0 0 0 0
##$SHL_EXPANDCF11= (0..143)
0 0 0 0 0 0 0 0 0 0 0 0 0 0 0 0 0 0 0 0 0 0 0 0 0 0 0 0 0 0 0 0 0 0 0 0
0 0 0 0 0 0 0 0 0 0 0 0 0 0 0 0 0 0 0 0 0 0 0 0 0 0 0 0 0 0 0 0 0 0 0 0
0 0 0 0 0 0 0 0 0 0 0 0 0 0 0 0 0 0 0 0 0 0 0 0 0 0 0 0 0 0 0 0 0 0 0 0
0 0 0 0 0 0 0 0 0 0 0 0 0 0 0 0 0 0 0 0 0 0 0 0 0 0 0 0 0 0 0 0 0 0 0 0
##$SHL_EXPANDCF12= (0..143)
0 0 0 0 0 0 0 0 0 0 0 0 0 0 0 0 0 0 0 0 0 0 0 0 0 0 0 0 0 0 0 0 0 0 0 0
0 0 0 0 0 0 0 0 0 0 0 0 0 0 0 0 0 0 0 0 0 0 0 0 0 0 0 0 0 0 0 0 0 0 0 0
0 0 0 0 0 0 0 0 0 0 0 0 0 0 0 0 0 0 0 0 0 0 0 0 0 0 0 0 0 0 0 0 0 0 0 0
0 0 0 0 0 0 0 0 0 0 0 0 0 0 0 0 0 0 0 0 0 0 0 0 0 0 0 0 0 0 0 0 0 0 0 0
##$SHL_EXPANDCF13= (0..143)
0 0 0 0 0 0 0 0 0 0 0 0 0 0 0 0 0 0 0 0 0 0 0 0 0 0 0 0 0 0 0 0 0 0 0 0
0 0 0 0 0 0 0 0 0 0 0 0 0 0 0 0 0 0 0 0 0 0 0 0 0 0 0 0 0 0 0 0 0 0 0 0
0 0 0 0 0 0 0 0 0 0 0 0 0 0 0 0 0 0 0 0 0 0 0 0 0 0 0 0 0 0 0 0 0 0 0 0
0 0 0 0 0 0 0 0 0 0 0 0 0 0 0 0 0 0 0 0 0 0 0 0 0 0 0 0 0 0 0 0 0 0 0 0
##$SHL_EXPANDCF14= (0..143)
0 0 0 0 0 0 0 0 0 0 0 0 0 0 0 0 0 0 0 0 0 0 0 0 0 0 0 0 0 0 0 0 0 0 0 0
0 0 0 0 0 0 0 0 0 0 0 0 0 0 0 0 0 0 0 0 0 0 0 0 0 0 0 0 0 0 0 0 0 0 0 0
0 0 0 0 0 0 0 0 0 0 0 0 0 0 0 0 0 0 0 0 0 0 0 0 0 0 0 0 0 0 0 0 0 0 0 0
0 0 0 0 0 0 0 0 0 0 0 0 0 0 0 0 0 0 0 0 0 0 0 0 0 0 0 0 0 0 0 0 0 0 0 0
##$SHL_EXPANDCF15= (0..143)
0 0 0 0 0 0 0 0 0 0 0 0 0 0 0 0 0 0 0 0 0 0 0 0 0 0 0 0 0 0 0 0 0 0 0 0
0 0 0 0 0 0 0 0 0 0 0 0 0 0 0 0 0 0 0 0 0 0 0 0 0 0 0 0 0 0 0 0 0 0 0 0
0 0 0 0 0 0 0 0 0 0 0 0 0 0 0 0 0 0 0 0 0 0 0 0 0 0 0 0 0 0 0 0 0 0 0 0
0 0 0 0 0 0 0 0 0 0 0 0 0 0 0 0 0 0 0 0 0 0 0 0 0 0 0 0 0 0 0 0 0 0 0 0
##$SHL_EXPANDCF2= (0..143)
0 0 0 0 0 0 0 0 0 0 0 0 0 0 0 0 0 0 0 0 0 0 0 0 0 0 0 0 0 0 0 0 0 0 0 0
0 0 0 0 0 0 0 0 0 0 0 0 0 0 0 0 0 0 0 0 0 0 0 0 0 0 0 0 0 0 0 0 0 0 0 0
0 0 0 0 0 0 0 0 0 0 0 0 0 0 0 0 0 0 0 0 0 0 0 0 0 0 0 0 0 0 0 0 0 0 0 0
0 0 0 0 0 0 0 0 0 0 0 0 0 0 0 0 0 0 0 0 0 0 0 0 0 0 0 0 0 0 0 0 0 0 0 0
##$SHL_EXPANDCF3= (0..143)
0 0 0 0 0 0 0 0 0 0 0 0 0 0 0 0 0 0 0 0 0 0 0 0 0 0 0 0 0 0 0 0 0 0 0 0
0 0 0 0 0 0 0 0 0 0 0 0 0 0 0 0 0 0 0 0 0 0 0 0 0 0 0 0 0 0 0 0 0 0 0 0
0 0 0 0 0 0 0 0 0 0 0 0 0 0 0 0 0 0 0 0 0 0 0 0 0 0 0 0 0 0 0 0 0 0 0 0
0 0 0 0 0 0 0 0 0 0 0 0 0 0 0 0 0 0 0 0 0 0 0 0 0 0 0 0 0 0 0 0 0 0 0 0
##$SHL_EXPANDCF4= (0..143)
0 0 0 0 0 0 0 0 0 0 0 0 0 0 0 0 0 0 0 0 0 0 0 0 0 0 0 0 0 0 0 0 0 0 0 0
0 0 0 0 0 0 0 0 0 0 0 0 0 0 0 0 0 0 0 0 0 0 0 0 0 0 0 0 0 0 0 0 0 0 0 0
0 0 0 0 0 0 0 0 0 0 0 0 0 0 0 0 0 0 0 0 0 0 0 0 0 0 0 0 0 0 0 0 0 0 0 0
0 0 0 0 0 0 0 0 0 0 0 0 0 0 0 0 0 0 0 0 0 0 0 0 0 0 0 0 0 0 0 0 0 0 0 0
##$SHL_EXPANDCF5= (0..143)
0 0 0 0 0 0 0 0 0 0 0 0 0 0 0 0 0 0 0 0 0 0 0 0 0 0 0 0 0 0 0 0 0 0 0 0
0 0 0 0 0 0 0 0 0 0 0 0 0 0 0 0 0 0 0 0 0 0 0 0 0 0 0 0 0 0 0 0 0 0 0 0
0 0 0 0 0 0 0 0 0 0 0 0 0 0 0 0 0 0 0 0 0 0 0 0 0 0 0 0 0 0 0 0 0 0 0 0
0 0 0 0 0 0 0 0 0 0 0 0 0 0 0 0 0 0 0 0 0 0 0 0 0 0 0 0 0 0 0 0 0 0 0 0
##$SHL_EXPANDCF6= (0..143)
0 0 0 0 0 0 0 0 0 0 0 0 0 0 0 0 0 0 0 0 0 0 0 0 0 0 0 0 0 0 0 0 0 0 0 0
0 0 0 0 0 0 0 0 0 0 0 0 0 0 0 0 0 0 0 0 0 0 0 0 0 0 0 0 0 0 0 0 0 0 0 0
0 0 0 0 0 0 0 0 0 0 0 0 0 0 0 0 0 0 0 0 0 0 0 0 0 0 0 0 0 0 0 0 0 0 0 0
0 0 0 0 0 0 0 0 0 0 0 0 0 0 0 0 0 0 0 0 0 0 0 0 0 0 0 0 0 0 0 0 0 0 0 0
##$SHL_EXPANDCF7= (0..143)
0 0 0 0 0 0 0 0 0 0 0 0 0 0 0 0 0 0 0 0 0 0 0 0 0 0 0 0 0 0 0 0 0 0 0 0
0 0 0 0 0 0 0 0 0 0 0 0 0 0 0 0 0 0 0 0 0 0 0 0 0 0 0 0 0 0 0 0 0 0 0 0
0 0 0 0 0 0 0 0 0 0 0 0 0 0 0 0 0 0 0 0 0 0 0 0 0 0 0 0 0 0 0 0 0 0 0 0
0 0 0 0 0 0 0 0 0 0 0 0 0 0 0 0 0 0 0 0 0 0 0 0 0 0 0 0 0 0 0 0 0 0 0 0
##$SHL_EXPANDCF8= (0..143)
0 0 0 0 0 0 0 0 0 0 0 0 0 0 0 0 0 0 0 0 0 0 0 0 0 0 0 0 0 0 0 0 0 0 0 0
0 0 0 0 0 0 0 0 0 0 0 0 0 0 0 0 0 0 0 0 0 0 0 0 0 0 0 0 0 0 0 0 0 0 0 0
0 0 0 0 0 0 0 0 0 0 0 0 0 0 0 0 0 0 0 0 0 0 0 0 0 0 0 0 0 0 0 0 0 0 0 0
0 0 0 0 0 0 0 0 0 0 0 0 0 0 0 0 0 0 0 0 0 0 0 0 0 0 0 0 0 0 0 0 0 0 0 0
##$SHL_EXPANDCF9= (0..143)
0 0 0 0 0 0 0 0 0 0 0 0 0 0 0 0 0 0 0 0 0 0 0 0 0 0 0 0 0 0 0 0 0 0 0 0
0 0 0 0 0 0 0 0 0 0 0 0 0 0 0 0 0 0 0 0 0 0 0 0 0 0 0 0 0 0 0 0 0 0 0 0
0 0 0 0 0 0 0 0 0 0 0 0 0 0 0 0 0 0 0 0 0 0 0 0 0 0 0 0 0 0 0 0 0 0 0 0
0 0 0 0 0 0 0 0 0 0 0 0 0 0 0 0 0 0 0 0 0 0 0 0 0 0 0 0 0 0 0 0 0 0 0 0
##$SHL_EXPFAC= (0..15)
0 0 0 0 0 0 0 0 0 0 0 0 0 0 0 0
##$SHL_FRACEND= (0..15)
0 0 0 0 0 0 0 0 0 0 0 0 0 0 0 0
##$SHL_FRACORG= (0..15)
0 0 0 0 0 0 0 0 0 0 0 0 0 0 0 0
##$SHL_FRACSTART= (0..15)
0 0 0 0 0 0 0 0 0 0 0 0 0 0 0 0
##$SHL_FULLHALF= (0..15)
0 0 0 0 0 0 0 0 0 0 0 0 0 0 0 0
##$SHL_FUNCAMP= (0..15)
100 0 0 0 0 0 0 0 0 0 0 0 0 0 0 0
##$SHL_FUNCTION= (0..15)
<Rectangle> <> <> <> <> <> <> <> <> <> <> <> <> <> <> <>
##$SHL_GCO= (0..15)
<> <> <> <> <> <> <> <> <> <> <> <> <> <> <> <>
##$SHL_GCOCOEFFS0= (0..59)
0 0 0 0 0 0 0 0 0 0 0 0 0 0 0 0 0 0 0 0 0 0 0 0 0 0 0 0 0 0 0 0 0 0 0 0
0 0 0 0 0 0 0 0 0 0 0 0 0 0 0 0 0 0 0 0 0 0 0 0
##$SHL_GCOCOEFFS1= (0..59)
0 0 0 0 0 0 0 0 0 0 0 0 0 0 0 0 0 0 0 0 0 0 0 0 0 0 0 0 0 0 0 0 0 0 0 0
0 0 0 0 0 0 0 0 0 0 0 0 0 0 0 0 0 0 0 0 0 0 0 0
##$SHL_GCOCOEFFS10= (0..59)
0 0 0 0 0 0 0 0 0 0 0 0 0 0 0 0 0 0 0 0 0 0 0 0 0 0 0 0 0 0 0 0 0 0 0 0
0 0 0 0 0 0 0 0 0 0 0 0 0 0 0 0 0 0 0 0 0 0 0 0
##$SHL_GCOCOEFFS11= (0..59)
0 0 0 0 0 0 0 0 0 0 0 0 0 0 0 0 0 0 0 0 0 0 0 0 0 0 0 0 0 0 0 0 0 0 0 0
0 0 0 0 0 0 0 0 0 0 0 0 0 0 0 0 0 0 0 0 0 0 0 0
##$SHL_GCOCOEFFS12= (0..59)
0 0 0 0 0 0 0 0 0 0 0 0 0 0 0 0 0 0 0 0 0 0 0 0 0 0 0 0 0 0 0 0 0 0 0 0
0 0 0 0 0 0 0 0 0 0 0 0 0 0 0 0 0 0 0 0 0 0 0 0
##$SHL_GCOCOEFFS13= (0..59)
0 0 0 0 0 0 0 0 0 0 0 0 0 0 0 0 0 0 0 0 0 0 0 0 0 0 0 0 0 0 0 0 0 0 0 0
0 0 0 0 0 0 0 0 0 0 0 0 0 0 0 0 0 0 0 0 0 0 0 0
##$SHL_GCOCOEFFS14= (0..59)
0 0 0 0 0 0 0 0 0 0 0 0 0 0 0 0 0 0 0 0 0 0 0 0 0 0 0 0 0 0 0 0 0 0 0 0
0 0 0 0 0 0 0 0 0 0 0 0 0 0 0 0 0 0 0 0 0 0 0 0
##$SHL_GCOCOEFFS15= (0..59)
0 0 0 0 0 0 0 0 0 0 0 0 0 0 0 0 0 0 0 0 0 0 0 0 0 0 0 0 0 0 0 0 0 0 0 0
0 0 0 0 0 0 0 0 0 0 0 0 0 0 0 0 0 0 0 0 0 0 0 0
##$SHL_GCOCOEFFS2= (0..59)
0 0 0 0 0 0 0 0 0 0 0 0 0 0 0 0 0 0 0 0 0 0 0 0 0 0 0 0 0 0 0 0 0 0 0 0
0 0 0 0 0 0 0 0 0 0 0 0 0 0 0 0 0 0 0 0 0 0 0 0
##$SHL_GCOCOEFFS3= (0..59)
0 0 0 0 0 0 0 0 0 0 0 0 0 0 0 0 0 0 0 0 0 0 0 0 0 0 0 0 0 0 0 0 0 0 0 0
0 0 0 0 0 0 0 0 0 0 0 0 0 0 0 0 0 0 0 0 0 0 0 0
##$SHL_GCOCOEFFS4= (0..59)
0 0 0 0 0 0 0 0 0 0 0 0 0 0 0 0 0 0 0 0 0 0 0 0 0 0 0 0 0 0 0 0 0 0 0 0
0 0 0 0 0 0 0 0 0 0 0 0 0 0 0 0 0 0 0 0 0 0 0 0
##$SHL_GCOCOEFFS5= (0..59)
0 0 0 0 0 0 0 0 0 0 0 0 0 0 0 0 0 0 0 0 0 0 0 0 0 0 0 0 0 0 0 0 0 0 0 0
0 0 0 0 0 0 0 0 0 0 0 0 0 0 0 0 0 0 0 0 0 0 0 0
##$SHL_GCOCOEFFS6= (0..59)
0 0 0 0 0 0 0 0 0 0 0 0 0 0 0 0 0 0 0 0 0 0 0 0 0 0 0 0 0 0 0 0 0 0 0 0
0 0 0 0 0 0 0 0 0 0 0 0 0 0 0 0 0 0 0 0 0 0 0 0
##$SHL_GCOCOEFFS7= (0..59)
0 0 0 0 0 0 0 0 0 0 0 0 0 0 0 0 0 0 0 0 0 0 0 0 0 0 0 0 0 0 0 0 0 0 0 0
0 0 0 0 0 0 0 0 0 0 0 0 0 0 0 0 0 0 0 0 0 0 0 0
##$SHL_GCOCOEFFS8= (0..59)
0 0 0 0 0 0 0 0 0 0 0 0 0 0 0 0 0 0 0 0 0 0 0 0 0 0 0 0 0 0 0 0 0 0 0 0
0 0 0 0 0 0 0 0 0 0 0 0 0 0 0 0 0 0 0 0 0 0 0 0
##$SHL_GCOCOEFFS9= (0..59)
0 0 0 0 0 0 0 0 0 0 0 0 0 0 0 0 0 0 0 0 0 0 0 0 0 0 0 0 0 0 0 0 0 0 0 0
0 0 0 0 0 0 0 0 0 0 0 0 0 0 0 0 0 0 0 0 0 0 0 0
##$SHL_INTEGFAC= (0..15)
1 0 0 0 0 0 0 0 0 0 0 0 0 0 0 0
##$SHL_LB= (0..15)
0 0 0 0 0 0 0 0 0 0 0 0 0 0 0 0
##$SHL_LEFTLIMIT= (0..15)
0 0 0 0 0 0 0 0 0 0 0 0 0 0 0 0
##$SHL_LENGTH= (0..15)
25000.000373 0 0 0 0 0 0 0 0 0 0 0 0 0 0 0
##$SHL_MAN= (0..15)
<> <> <> <> <> <> <> <> <> <> <> <> <> <> <> <>
##$SHL_MEANAMP= (0..15)
0 0 0 0 0 0 0 0 0 0 0 0 0 0 0 0
##$SHL_MODAMP= (0..15)
0 0 0 0 0 0 0 0 0 0 0 0 0 0 0 0
##$SHL_MODE= (0..15)
0 0 0 0 0 0 0 0 0 0 0 0 0 0 0 0
##$SHL_MODFREQ= (0..15)
0 0 0 0 0 0 0 0 0 0 0 0 0 0 0 0
##$SHL_MODPHASE= (0..15)
0 0 0 0 0 0 0 0 0 0 0 0 0 0 0 0
##$SHL_MODSCALE= (0..15)
0 0 0 0 0 0 0 0 0 0 0 0 0 0 0 0
##$SHL_MODSW= (0..15)
0 0 0 0 0 0 0 0 0 0 0 0 0 0 0 0
##$SHL_MODSWDIR= (0..15)
-1 -1 -1 -1 -1 -1 -1 -1 -1 -1 -1 -1 -1 -1 -1 -1
##$SHL_MU= (0..15)
0 0 0 0 0 0 0 0 0 0 0 0 0 0 0 0
##$SHL_NPOINTS= (0..15)
1250 0 0 0 0 0 0 0 0 0 0 0 0 0 0 0
##$SHL_OFFS= (0..15)
<> <> <> <> <> <> <> <> <> <> <> <> <> <> <> <>
##$SHL_OFFSCOEFF0= (0..95)
0 0 0 0 0 0 0 0 0 0 0 0 0 0 0 0 0 0 0 0 0 0 0 0 0 0 0 0 0 0 0 0 0 0 0 0
0 0 0 0 0 0 0 0 0 0 0 0 0 0 0 0 0 0 0 0 0 0 0 0 0 0 0 0 0 0 0 0 0 0 0 0
0 0 0 0 0 0 0 0 0 0 0 0 0 0 0 0 0 0 0 0 0 0 0 0
##$SHL_OFFSCOEFF1= (0..95)
0 0 0 0 0 0 0 0 0 0 0 0 0 0 0 0 0 0 0 0 0 0 0 0 0 0 0 0 0 0 0 0 0 0 0 0
0 0 0 0 0 0 0 0 0 0 0 0 0 0 0 0 0 0 0 0 0 0 0 0 0 0 0 0 0 0 0 0 0 0 0 0
0 0 0 0 0 0 0 0 0 0 0 0 0 0 0 0 0 0 0 0 0 0 0 0
##$SHL_OFFSCOEFF10= (0..95)
0 0 0 0 0 0 0 0 0 0 0 0 0 0 0 0 0 0 0 0 0 0 0 0 0 0 0 0 0 0 0 0 0 0 0 0
0 0 0 0 0 0 0 0 0 0 0 0 0 0 0 0 0 0 0 0 0 0 0 0 0 0 0 0 0 0 0 0 0 0 0 0
0 0 0 0 0 0 0 0 0 0 0 0 0 0 0 0 0 0 0 0 0 0 0 0
##$SHL_OFFSCOEFF11= (0..95)
0 0 0 0 0 0 0 0 0 0 0 0 0 0 0 0 0 0 0 0 0 0 0 0 0 0 0 0 0 0 0 0 0 0 0 0
0 0 0 0 0 0 0 0 0 0 0 0 0 0 0 0 0 0 0 0 0 0 0 0 0 0 0 0 0 0 0 0 0 0 0 0
0 0 0 0 0 0 0 0 0 0 0 0 0 0 0 0 0 0 0 0 0 0 0 0
##$SHL_OFFSCOEFF12= (0..95)
0 0 0 0 0 0 0 0 0 0 0 0 0 0 0 0 0 0 0 0 0 0 0 0 0 0 0 0 0 0 0 0 0 0 0 0
0 0 0 0 0 0 0 0 0 0 0 0 0 0 0 0 0 0 0 0 0 0 0 0 0 0 0 0 0 0 0 0 0 0 0 0
0 0 0 0 0 0 0 0 0 0 0 0 0 0 0 0 0 0 0 0 0 0 0 0
##$SHL_OFFSCOEFF13= (0..95)
0 0 0 0 0 0 0 0 0 0 0 0 0 0 0 0 0 0 0 0 0 0 0 0 0 0 0 0 0 0 0 0 0 0 0 0
0 0 0 0 0 0 0 0 0 0 0 0 0 0 0 0 0 0 0 0 0 0 0 0 0 0 0 0 0 0 0 0 0 0 0 0
0 0 0 0 0 0 0 0 0 0 0 0 0 0 0 0 0 0 0 0 0 0 0 0
##$SHL_OFFSCOEFF14= (0..95)
0 0 0 0 0 0 0 0 0 0 0 0 0 0 0 0 0 0 0 0 0 0 0 0 0 0 0 0 0 0 0 0 0 0 0 0
0 0 0 0 0 0 0 0 0 0 0 0 0 0 0 0 0 0 0 0 0 0 0 0 0 0 0 0 0 0 0 0 0 0 0 0
0 0 0 0 0 0 0 0 0 0 0 0 0 0 0 0 0 0 0 0 0 0 0 0
##$SHL_OFFSCOEFF15= (0..95)
0 0 0 0 0 0 0 0 0 0 0 0 0 0 0 0 0 0 0 0 0 0 0 0 0 0 0 0 0 0 0 0 0 0 0 0
0 0 0 0 0 0 0 0 0 0 0 0 0 0 0 0 0 0 0 0 0 0 0 0 0 0 0 0 0 0 0 0 0 0 0 0
0 0 0 0 0 0 0 0 0 0 0 0 0 0 0 0 0 0 0 0 0 0 0 0
##$SHL_OFFSCOEFF2= (0..95)
0 0 0 0 0 0 0 0 0 0 0 0 0 0 0 0 0 0 0 0 0 0 0 0 0 0 0 0 0 0 0 0 0 0 0 0
0 0 0 0 0 0 0 0 0 0 0 0 0 0 0 0 0 0 0 0 0 0 0 0 0 0 0 0 0 0 0 0 0 0 0 0
0 0 0 0 0 0 0 0 0 0 0 0 0 0 0 0 0 0 0 0 0 0 0 0
##$SHL_OFFSCOEFF3= (0..95)
0 0 0 0 0 0 0 0 0 0 0 0 0 0 0 0 0 0 0 0 0 0 0 0 0 0 0 0 0 0 0 0 0 0 0 0
0 0 0 0 0 0 0 0 0 0 0 0 0 0 0 0 0 0 0 0 0 0 0 0 0 0 0 0 0 0 0 0 0 0 0 0
0 0 0 0 0 0 0 0 0 0 0 0 0 0 0 0 0 0 0 0 0 0 0 0
##$SHL_OFFSCOEFF4= (0..95)
0 0 0 0 0 0 0 0 0 0 0 0 0 0 0 0 0 0 0 0 0 0 0 0 0 0 0 0 0 0 0 0 0 0 0 0
0 0 0 0 0 0 0 0 0 0 0 0 0 0 0 0 0 0 0 0 0 0 0 0 0 0 0 0 0 0 0 0 0 0 0 0
0 0 0 0 0 0 0 0 0 0 0 0 0 0 0 0 0 0 0 0 0 0 0 0
##$SHL_OFFSCOEFF5= (0..95)
0 0 0 0 0 0 0 0 0 0 0 0 0 0 0 0 0 0 0 0 0 0 0 0 0 0 0 0 0 0 0 0 0 0 0 0
0 0 0 0 0 0 0 0 0 0 0 0 0 0 0 0 0 0 0 0 0 0 0 0 0 0 0 0 0 0 0 0 0 0 0 0
0 0 0 0 0 0 0 0 0 0 0 0 0 0 0 0 0 0 0 0 0 0 0 0
##$SHL_OFFSCOEFF6= (0..95)
0 0 0 0 0 0 0 0 0 0 0 0 0 0 0 0 0 0 0 0 0 0 0 0 0 0 0 0 0 0 0 0 0 0 0 0
0 0 0 0 0 0 0 0 0 0 0 0 0 0 0 0 0 0 0 0 0 0 0 0 0 0 0 0 0 0 0 0 0 0 0 0
0 0 0 0 0 0 0 0 0 0 0 0 0 0 0 0 0 0 0 0 0 0 0 0
##$SHL_OFFSCOEFF7= (0..95)
0 0 0 0 0 0 0 0 0 0 0 0 0 0 0 0 0 0 0 0 0 0 0 0 0 0 0 0 0 0 0 0 0 0 0 0
0 0 0 0 0 0 0 0 0 0 0 0 0 0 0 0 0 0 0 0 0 0 0 0 0 0 0 0 0 0 0 0 0 0 0 0
0 0 0 0 0 0 0 0 0 0 0 0 0 0 0 0 0 0 0 0 0 0 0 0
##$SHL_OFFSCOEFF8= (0..95)
0 0 0 0 0 0 0 0 0 0 0 0 0 0 0 0 0 0 0 0 0 0 0 0 0 0 0 0 0 0 0 0 0 0 0 0
0 0 0 0 0 0 0 0 0 0 0 0 0 0 0 0 0 0 0 0 0 0 0 0 0 0 0 0 0 0 0 0 0 0 0 0
0 0 0 0 0 0 0 0 0 0 0 0 0 0 0 0 0 0 0 0 0 0 0 0
##$SHL_OFFSCOEFF9= (0..95)
0 0 0 0 0 0 0 0 0 0 0 0 0 0 0 0 0 0 0 0 0 0 0 0 0 0 0 0 0 0 0 0 0 0 0 0
0 0 0 0 0 0 0 0 0 0 0 0 0 0 0 0 0 0 0 0 0 0 0 0 0 0 0 0 0 0 0 0 0 0 0 0
0 0 0 0 0 0 0 0 0 0 0 0 0 0 0 0 0 0 0 0 0 0 0 0
##$SHL_PHASE= (0..15)
0 0 0 0 0 0 0 0 0 0 0 0 0 0 0 0
##$SHL_PHASEFAC= (0..15)
0 0 0 0 0 0 0 0 0 0 0 0 0 0 0 0
##$SHL_POWERINDEX= (0..15)
0 0 0 0 0 0 0 0 0 0 0 0 0 0 0 0
##$SHL_QUADCOEFF= (0..15)
0 0 0 0 0 0 0 0 0 0 0 0 0 0 0 0
##$SHL_RIGHTLIMIT= (0..15)
0 0 0 0 0 0 0 0 0 0 0 0 0 0 0 0
##$SHL_SCALEFACTOR= (0..15)
1 1 1 1 1 1 1 1 1 1 1 1 1 1 1 1
##$SHL_SF= (0..15)
<> <> <> <> <> <> <> <> <> <> <> <> <> <> <> <>
##$SHL_SFCOEFFS0= (0..200)
0 0 0 0 0 0 0 0 0 0 0 0 0 0 0 0 0 0 0 0 0 0 0 0 0 0 0 0 0 0 0 0 0 0 0 0
0 0 0 0 0 0 0 0 0 0 0 0 0 0 0 0 0 0 0 0 0 0 0 0 0 0 0 0 0 0 0 0 0 0 0 0
0 0 0 0 0 0 0 0 0 0 0 0 0 0 0 0 0 0 0 0 0 0 0 0 0 0 0 0 0 0 0 0 0 0 0 0
0 0 0 0 0 0 0 0 0 0 0 0 0 0 0 0 0 0 0 0 0 0 0 0 0 0 0 0 0 0 0 0 0 0 0 0
0 0 0 0 0 0 0 0 0 0 0 0 0 0 0 0 0 0 0 0 0 0 0 0 0 0 0 0 0 0 0 0 0 0 0 0
0 0 0 0 0 0 0 0 0 0 0 0 0 0 0 0 0 0 0 0 0
##$SHL_SFCOEFFS1= (0..200)
0 0 0 0 0 0 0 0 0 0 0 0 0 0 0 0 0 0 0 0 0 0 0 0 0 0 0 0 0 0 0 0 0 0 0 0
0 0 0 0 0 0 0 0 0 0 0 0 0 0 0 0 0 0 0 0 0 0 0 0 0 0 0 0 0 0 0 0 0 0 0 0
0 0 0 0 0 0 0 0 0 0 0 0 0 0 0 0 0 0 0 0 0 0 0 0 0 0 0 0 0 0 0 0 0 0 0 0
0 0 0 0 0 0 0 0 0 0 0 0 0 0 0 0 0 0 0 0 0 0 0 0 0 0 0 0 0 0 0 0 0 0 0 0
0 0 0 0 0 0 0 0 0 0 0 0 0 0 0 0 0 0 0 0 0 0 0 0 0 0 0 0 0 0 0 0 0 0 0 0
0 0 0 0 0 0 0 0 0 0 0 0 0 0 0 0 0 0 0 0 0
##$SHL_SFCOEFFS10= (0..200)
0 0 0 0 0 0 0 0 0 0 0 0 0 0 0 0 0 0 0 0 0 0 0 0 0 0 0 0 0 0 0 0 0 0 0 0
0 0 0 0 0 0 0 0 0 0 0 0 0 0 0 0 0 0 0 0 0 0 0 0 0 0 0 0 0 0 0 0 0 0 0 0
0 0 0 0 0 0 0 0 0 0 0 0 0 0 0 0 0 0 0 0 0 0 0 0 0 0 0 0 0 0 0 0 0 0 0 0
0 0 0 0 0 0 0 0 0 0 0 0 0 0 0 0 0 0 0 0 0 0 0 0 0 0 0 0 0 0 0 0 0 0 0 0
0 0 0 0 0 0 0 0 0 0 0 0 0 0 0 0 0 0 0 0 0 0 0 0 0 0 0 0 0 0 0 0 0 0 0 0
0 0 0 0 0 0 0 0 0 0 0 0 0 0 0 0 0 0 0 0 0
##$SHL_SFCOEFFS11= (0..200)
0 0 0 0 0 0 0 0 0 0 0 0 0 0 0 0 0 0 0 0 0 0 0 0 0 0 0 0 0 0 0 0 0 0 0 0
0 0 0 0 0 0 0 0 0 0 0 0 0 0 0 0 0 0 0 0 0 0 0 0 0 0 0 0 0 0 0 0 0 0 0 0
0 0 0 0 0 0 0 0 0 0 0 0 0 0 0 0 0 0 0 0 0 0 0 0 0 0 0 0 0 0 0 0 0 0 0 0
0 0 0 0 0 0 0 0 0 0 0 0 0 0 0 0 0 0 0 0 0 0 0 0 0 0 0 0 0 0 0 0 0 0 0 0
0 0 0 0 0 0 0 0 0 0 0 0 0 0 0 0 0 0 0 0 0 0 0 0 0 0 0 0 0 0 0 0 0 0 0 0
0 0 0 0 0 0 0 0 0 0 0 0 0 0 0 0 0 0 0 0 0
##$SHL_SFCOEFFS12= (0..200)
0 0 0 0 0 0 0 0 0 0 0 0 0 0 0 0 0 0 0 0 0 0 0 0 0 0 0 0 0 0 0 0 0 0 0 0
0 0 0 0 0 0 0 0 0 0 0 0 0 0 0 0 0 0 0 0 0 0 0 0 0 0 0 0 0 0 0 0 0 0 0 0
0 0 0 0 0 0 0 0 0 0 0 0 0 0 0 0 0 0 0 0 0 0 0 0 0 0 0 0 0 0 0 0 0 0 0 0
0 0 0 0 0 0 0 0 0 0 0 0 0 0 0 0 0 0 0 0 0 0 0 0 0 0 0 0 0 0 0 0 0 0 0 0
0 0 0 0 0 0 0 0 0 0 0 0 0 0 0 0 0 0 0 0 0 0 0 0 0 0 0 0 0 0 0 0 0 0 0 0
0 0 0 0 0 0 0 0 0 0 0 0 0 0 0 0 0 0 0 0 0
##$SHL_SFCOEFFS13= (0..200)
0 0 0 0 0 0 0 0 0 0 0 0 0 0 0 0 0 0 0 0 0 0 0 0 0 0 0 0 0 0 0 0 0 0 0 0
0 0 0 0 0 0 0 0 0 0 0 0 0 0 0 0 0 0 0 0 0 0 0 0 0 0 0 0 0 0 0 0 0 0 0 0
0 0 0 0 0 0 0 0 0 0 0 0 0 0 0 0 0 0 0 0 0 0 0 0 0 0 0 0 0 0 0 0 0 0 0 0
0 0 0 0 0 0 0 0 0 0 0 0 0 0 0 0 0 0 0 0 0 0 0 0 0 0 0 0 0 0 0 0 0 0 0 0
0 0 0 0 0 0 0 0 0 0 0 0 0 0 0 0 0 0 0 0 0 0 0 0 0 0 0 0 0 0 0 0 0 0 0 0
0 0 0 0 0 0 0 0 0 0 0 0 0 0 0 0 0 0 0 0 0
##$SHL_SFCOEFFS14= (0..200)
0 0 0 0 0 0 0 0 0 0 0 0 0 0 0 0 0 0 0 0 0 0 0 0 0 0 0 0 0 0 0 0 0 0 0 0
0 0 0 0 0 0 0 0 0 0 0 0 0 0 0 0 0 0 0 0 0 0 0 0 0 0 0 0 0 0 0 0 0 0 0 0
0 0 0 0 0 0 0 0 0 0 0 0 0 0 0 0 0 0 0 0 0 0 0 0 0 0 0 0 0 0 0 0 0 0 0 0
0 0 0 0 0 0 0 0 0 0 0 0 0 0 0 0 0 0 0 0 0 0 0 0 0 0 0 0 0 0 0 0 0 0 0 0
0 0 0 0 0 0 0 0 0 0 0 0 0 0 0 0 0 0 0 0 0 0 0 0 0 0 0 0 0 0 0 0 0 0 0 0
0 0 0 0 0 0 0 0 0 0 0 0 0 0 0 0 0 0 0 0 0
##$SHL_SFCOEFFS15= (0..200)
0 0 0 0 0 0 0 0 0 0 0 0 0 0 0 0 0 0 0 0 0 0 0 0 0 0 0 0 0 0 0 0 0 0 0 0
0 0 0 0 0 0 0 0 0 0 0 0 0 0 0 0 0 0 0 0 0 0 0 0 0 0 0 0 0 0 0 0 0 0 0 0
0 0 0 0 0 0 0 0 0 0 0 0 0 0 0 0 0 0 0 0 0 0 0 0 0 0 0 0 0 0 0 0 0 0 0 0
0 0 0 0 0 0 0 0 0 0 0 0 0 0 0 0 0 0 0 0 0 0 0 0 0 0 0 0 0 0 0 0 0 0 0 0
0 0 0 0 0 0 0 0 0 0 0 0 0 0 0 0 0 0 0 0 0 0 0 0 0 0 0 0 0 0 0 0 0 0 0 0
0 0 0 0 0 0 0 0 0 0 0 0 0 0 0 0 0 0 0 0 0
##$SHL_SFCOEFFS2= (0..200)
0 0 0 0 0 0 0 0 0 0 0 0 0 0 0 0 0 0 0 0 0 0 0 0 0 0 0 0 0 0 0 0 0 0 0 0
0 0 0 0 0 0 0 0 0 0 0 0 0 0 0 0 0 0 0 0 0 0 0 0 0 0 0 0 0 0 0 0 0 0 0 0
0 0 0 0 0 0 0 0 0 0 0 0 0 0 0 0 0 0 0 0 0 0 0 0 0 0 0 0 0 0 0 0 0 0 0 0
0 0 0 0 0 0 0 0 0 0 0 0 0 0 0 0 0 0 0 0 0 0 0 0 0 0 0 0 0 0 0 0 0 0 0 0
0 0 0 0 0 0 0 0 0 0 0 0 0 0 0 0 0 0 0 0 0 0 0 0 0 0 0 0 0 0 0 0 0 0 0 0
0 0 0 0 0 0 0 0 0 0 0 0 0 0 0 0 0 0 0 0 0
##$SHL_SFCOEFFS3= (0..200)
0 0 0 0 0 0 0 0 0 0 0 0 0 0 0 0 0 0 0 0 0 0 0 0 0 0 0 0 0 0 0 0 0 0 0 0
0 0 0 0 0 0 0 0 0 0 0 0 0 0 0 0 0 0 0 0 0 0 0 0 0 0 0 0 0 0 0 0 0 0 0 0
0 0 0 0 0 0 0 0 0 0 0 0 0 0 0 0 0 0 0 0 0 0 0 0 0 0 0 0 0 0 0 0 0 0 0 0
0 0 0 0 0 0 0 0 0 0 0 0 0 0 0 0 0 0 0 0 0 0 0 0 0 0 0 0 0 0 0 0 0 0 0 0
0 0 0 0 0 0 0 0 0 0 0 0 0 0 0 0 0 0 0 0 0 0 0 0 0 0 0 0 0 0 0 0 0 0 0 0
0 0 0 0 0 0 0 0 0 0 0 0 0 0 0 0 0 0 0 0 0
##$SHL_SFCOEFFS4= (0..200)
0 0 0 0 0 0 0 0 0 0 0 0 0 0 0 0 0 0 0 0 0 0 0 0 0 0 0 0 0 0 0 0 0 0 0 0
0 0 0 0 0 0 0 0 0 0 0 0 0 0 0 0 0 0 0 0 0 0 0 0 0 0 0 0 0 0 0 0 0 0 0 0
0 0 0 0 0 0 0 0 0 0 0 0 0 0 0 0 0 0 0 0 0 0 0 0 0 0 0 0 0 0 0 0 0 0 0 0
0 0 0 0 0 0 0 0 0 0 0 0 0 0 0 0 0 0 0 0 0 0 0 0 0 0 0 0 0 0 0 0 0 0 0 0
0 0 0 0 0 0 0 0 0 0 0 0 0 0 0 0 0 0 0 0 0 0 0 0 0 0 0 0 0 0 0 0 0 0 0 0
0 0 0 0 0 0 0 0 0 0 0 0 0 0 0 0 0 0 0 0 0
##$SHL_SFCOEFFS5= (0..200)
0 0 0 0 0 0 0 0 0 0 0 0 0 0 0 0 0 0 0 0 0 0 0 0 0 0 0 0 0 0 0 0 0 0 0 0
0 0 0 0 0 0 0 0 0 0 0 0 0 0 0 0 0 0 0 0 0 0 0 0 0 0 0 0 0 0 0 0 0 0 0 0
0 0 0 0 0 0 0 0 0 0 0 0 0 0 0 0 0 0 0 0 0 0 0 0 0 0 0 0 0 0 0 0 0 0 0 0
0 0 0 0 0 0 0 0 0 0 0 0 0 0 0 0 0 0 0 0 0 0 0 0 0 0 0 0 0 0 0 0 0 0 0 0
0 0 0 0 0 0 0 0 0 0 0 0 0 0 0 0 0 0 0 0 0 0 0 0 0 0 0 0 0 0 0 0 0 0 0 0
0 0 0 0 0 0 0 0 0 0 0 0 0 0 0 0 0 0 0 0 0
##$SHL_SFCOEFFS6= (0..200)
0 0 0 0 0 0 0 0 0 0 0 0 0 0 0 0 0 0 0 0 0 0 0 0 0 0 0 0 0 0 0 0 0 0 0 0
0 0 0 0 0 0 0 0 0 0 0 0 0 0 0 0 0 0 0 0 0 0 0 0 0 0 0 0 0 0 0 0 0 0 0 0
0 0 0 0 0 0 0 0 0 0 0 0 0 0 0 0 0 0 0 0 0 0 0 0 0 0 0 0 0 0 0 0 0 0 0 0
0 0 0 0 0 0 0 0 0 0 0 0 0 0 0 0 0 0 0 0 0 0 0 0 0 0 0 0 0 0 0 0 0 0 0 0
0 0 0 0 0 0 0 0 0 0 0 0 0 0 0 0 0 0 0 0 0 0 0 0 0 0 0 0 0 0 0 0 0 0 0 0
0 0 0 0 0 0 0 0 0 0 0 0 0 0 0 0 0 0 0 0 0
##$SHL_SFCOEFFS7= (0..200)
0 0 0 0 0 0 0 0 0 0 0 0 0 0 0 0 0 0 0 0 0 0 0 0 0 0 0 0 0 0 0 0 0 0 0 0
0 0 0 0 0 0 0 0 0 0 0 0 0 0 0 0 0 0 0 0 0 0 0 0 0 0 0 0 0 0 0 0 0 0 0 0
0 0 0 0 0 0 0 0 0 0 0 0 0 0 0 0 0 0 0 0 0 0 0 0 0 0 0 0 0 0 0 0 0 0 0 0
0 0 0 0 0 0 0 0 0 0 0 0 0 0 0 0 0 0 0 0 0 0 0 0 0 0 0 0 0 0 0 0 0 0 0 0
0 0 0 0 0 0 0 0 0 0 0 0 0 0 0 0 0 0 0 0 0 0 0 0 0 0 0 0 0 0 0 0 0 0 0 0
0 0 0 0 0 0 0 0 0 0 0 0 0 0 0 0 0 0 0 0 0
##$SHL_SFCOEFFS8= (0..200)
0 0 0 0 0 0 0 0 0 0 0 0 0 0 0 0 0 0 0 0 0 0 0 0 0 0 0 0 0 0 0 0 0 0 0 0
0 0 0 0 0 0 0 0 0 0 0 0 0 0 0 0 0 0 0 0 0 0 0 0 0 0 0 0 0 0 0 0 0 0 0 0
0 0 0 0 0 0 0 0 0 0 0 0 0 0 0 0 0 0 0 0 0 0 0 0 0 0 0 0 0 0 0 0 0 0 0 0
0 0 0 0 0 0 0 0 0 0 0 0 0 0 0 0 0 0 0 0 0 0 0 0 0 0 0 0 0 0 0 0 0 0 0 0
0 0 0 0 0 0 0 0 0 0 0 0 0 0 0 0 0 0 0 0 0 0 0 0 0 0 0 0 0 0 0 0 0 0 0 0
0 0 0 0 0 0 0 0 0 0 0 0 0 0 0 0 0 0 0 0 0
##$SHL_SFCOEFFS9= (0..200)
0 0 0 0 0 0 0 0 0 0 0 0 0 0 0 0 0 0 0 0 0 0 0 0 0 0 0 0 0 0 0 0 0 0 0 0
0 0 0 0 0 0 0 0 0 0 0 0 0 0 0 0 0 0 0 0 0 0 0 0 0 0 0 0 0 0 0 0 0 0 0 0
0 0 0 0 0 0 0 0 0 0 0 0 0 0 0 0 0 0 0 0 0 0 0 0 0 0 0 0 0 0 0 0 0 0 0 0
0 0 0 0 0 0 0 0 0 0 0 0 0 0 0 0 0 0 0 0 0 0 0 0 0 0 0 0 0 0 0 0 0 0 0 0
0 0 0 0 0 0 0 0 0 0 0 0 0 0 0 0 0 0 0 0 0 0 0 0 0 0 0 0 0 0 0 0 0 0 0 0
0 0 0 0 0 0 0 0 0 0 0 0 0 0 0 0 0 0 0 0 0
##$SHL_SMOOTHED= (0..15)
0 0 0 0 0 0 0 0 0 0 0 0 0 0 0 0
##$SHL_SMOOTHING= (0..15)
0 0 0 0 0 0 0 0 0 0 0 0 0 0 0 0
##$SHL_SPOAL= (0..15)
0 0 0 0 0 0 0 0 0 0 0 0 0 0 0 0
##$SHL_SPOFFS= (0..15)
0 0 0 0 0 0 0 0 0 0 0 0 0 0 0 0
##$SHL_SPOPH= (0..15)
0 0 0 0 0 0 0 0 0 0 0 0 0 0 0 0
##$SHL_STARTAMP= (0..15)
0 0 0 0 0 0 0 0 0 0 0 0 0 0 0 0
##$SHL_SW= (0..15)
0 0 0 0 0 0 0 0 0 0 0 0 0 0 0 0
##$SHL_SWDIR= (0..15)
-1 -1 -1 -1 -1 -1 -1 -1 -1 -1 -1 -1 -1 -1 -1 -1
##$SHL_TANKAPPA= (0..15)
0 0 0 0 0 0 0 0 0 0 0 0 0 0 0 0
##$SHL_TOTROT= (0..15)
90 0 0 0 0 0 0 0 0 0 0 0 0 0 0 0
##$SHL_TRUNCLEV= (0..15)
0 0 0 0 0 0 0 0 0 0 0 0 0 0 0 0
##$SHL_TYPE= (0..15)
<Excitation> <> <> <> <> <> <> <> <> <> <> <> <> <> <> <>
##$SHL_WINDOWSIZE= (0..15)
0 0 0 0 0 0 0 0 0 0 0 0 0 0 0 0
##$SHL_ZETA= (0..15)
0 0 0 0 0 0 0 0 0 0 0 0 0 0 0 0
##NPOINTS= 1250
##XYPOINTS= (XY..XY)
38.415686, 178.716483
39.977381, 179.294999
41.527556, 179.873515
43.065764, 180.452032
44.591562, 181.030548
46.104510, 181.609065
47.604172, 182.187581
49.090117, 182.766098
50.561916, 183.344614
52.019144, 183.923131
53.461382, 184.501647
54.888215, 185.080163
56.299231, 185.658680
57.694023, 186.237196
59.072190, 186.815713
60.433334, 187.394229
61.777064, 187.972746
63.102991, 188.551262
64.410735, 189.129779
65.699917, 189.708295
66.970168, 190.286811
68.221119, 190.865328
69.452412, 191.443844
70.663691, 192.022361
71.854607, 192.600877
73.024817, 193.179394
74.173984, 193.757910
75.301777, 194.336426
76.407870, 194.914943
77.491946, 195.493459
78.553691, 196.071976
79.592799, 196.650492
80.608971, 197.229009
81.601915, 197.807525
82.571344, 198.386042
83.516979, 198.964558
84.438547, 199.543074
85.335783, 200.121591
86.208428, 200.700107
87.056231, 201.278624
87.878947, 201.857140
88.676340, 202.435657
89.448179, 203.014173
90.194243, 203.592690
90.914315, 204.171206
91.608189, 204.749722
92.275665, 205.328239
92.916551, 205.906755
93.530661, 206.485272
94.117819, 207.063788
94.677855, 207.642305
95.210608, 208.220821
95.715925, 208.799338
96.193661, 209.377854
96.643676, 209.956370
97.065842, 210.534887
97.460037, 211.113403
97.826148, 211.691920
98.164068, 212.270436
98.473701, 212.848953
98.754958, 213.427469
99.007756, 214.005985
99.232025, 214.584502
99.427697, 215.163018
99.594719, 215.741535
99.733040, 216.320051
99.842622, 216.898568
99.923433, 217.477084
99.975450, 218.055601
99.998657, 218.634117
99.993047, 219.212633
99.958624, 219.791150
99.895396, 220.369666
99.803381, 220.948183
99.682607, 221.526699
99.533107, 222.105216
99.354926, 222.683732
99.148114, 223.262249
98.912731, 223.840765
98.648844, 224.419281
98.356531, 224.997798
98.035875, 225.576314
97.686968, 226.154831
97.309911, 226.733347
96.904813, 227.311864
96.471790, 227.890380
96.010968, 228.468897
95.522478, 229.047413
95.006463, 229.625929
94.463069, 230.204446
93.892455, 230.782962
93.294784, 231.361479
92.670229, 231.939995
92.018970, 232.518512
91.341194, 233.097028
90.637097, 233.675544
89.906881, 234.254061
89.150757, 234.832577
88.368943, 235.411094
87.561664, 235.989610
86.729153, 236.568127
85.871650, 237.146643
84.989402, 237.725160
84.082662, 238.303676
83.151693, 238.882192
82.196762, 239.460709
81.218146, 240.039225
80.216125, 240.617742
79.190988, 241.196258
78.143031, 241.774775
77.072557, 242.353291
75.979872, 242.931808
74.865293, 243.510324
73.729141, 244.088840
72.571742, 244.667357
71.393431, 245.245873
70.194546, 245.824390
68.975434, 246.402906
67.736446, 246.981423
66.477938, 247.559939
65.200274, 248.138455
63.903821, 248.716972
62.588953, 249.295488
61.256050, 249.874005
59.905494, 250.452521
58.537676, 251.031038
57.152990, 251.609554
55.751834, 252.188071
54.334612, 252.766587
52.901733, 253.345103
51.453609, 253.923620
49.990659, 254.502136
48.513302, 255.080653
47.021966, 255.659169
45.517080, 256.237686
43.999078, 256.816202
42.468396, 257.394719
40.925476, 257.973235
39.370764, 258.551751
37.804706, 259.130268
36.227754, 259.708784
34.640362, 260.287301
33.042988, 260.865817
31.436093, 261.444334
29.820138, 262.022850
28.195591, 262.601367
26.562918, 263.179883
24.922591, 263.758399
23.275082, 264.336916
21.620866, 264.915432
19.960420, 265.493949
18.294222, 266.072465
16.622752, 266.650982
14.946492, 267.229498
13.265925, 267.808014
11.581535, 268.386531
9.893808, 268.965047
8.203230, 269.543564
6.510287, 270.122080
4.815469, 270.700597
3.119263, 271.279113
1.422159, 271.857630
0.275356, 92.436146
1.972791, 93.014662
3.669658, 93.593179
5.365467, 94.171695
7.059730, 94.750212
8.751959, 95.328728
10.441665, 95.907245
12.128363, 96.485761
13.811566, 97.064278
15.490789, 97.642794
17.165548, 98.221310
18.835360, 98.799827
20.499745, 99.378343
22.158222, 99.956860
23.810314, 100.535376
25.455545, 101.113893
27.093441, 101.692409
28.723529, 102.270926
30.345340, 102.849442
31.958406, 103.427958
33.562264, 104.006475
35.156449, 104.584991
36.740504, 105.163508
38.313972, 105.742024
39.876399, 106.320541
41.427334, 106.899057
42.966332, 107.477573
44.492949, 108.056090
46.006744, 108.634606
47.507282, 109.213123
48.994129, 109.791639
50.466859, 110.370156
51.925045, 110.948672
53.368269, 111.527189
54.796114, 112.105705
56.208168, 112.684221
57.604025, 113.262738
58.983283, 113.841254
60.345544, 114.419771
61.690415, 114.998287
63.017509, 115.576804
64.326444, 116.155320
65.616842, 116.733837
66.888332, 117.312353
68.140547, 117.890869
69.373126, 118.469386
70.585714, 119.047902
71.777962, 119.626419
72.949526, 120.204935
74.100068, 120.783452
75.229258, 121.361968
76.336769, 121.940485
77.422282, 122.519001
78.485485, 123.097517
79.526071, 123.676034
80.543741, 124.254550
81.538201, 124.833067
82.509164, 125.411583
83.456351, 125.990100
84.379489, 126.568616
85.278311, 127.147132
86.152560, 127.725649
87.001982, 128.304165
87.826333, 128.882682
88.625376, 129.461198
89.398880, 130.039715
90.146622, 130.618231
90.868387, 131.196748
91.563968, 131.775264
92.233162, 132.353780
92.875779, 132.932297
93.491631, 133.510813
94.080543, 134.089330
94.642344, 134.667846
95.176873, 135.246363
95.683974, 135.824879
96.163503, 136.403396
96.615321, 136.981912
97.039298, 137.560428
97.435312, 138.138945
97.803248, 138.717461
98.143000, 139.295978
98.454472, 139.874494
98.737572, 140.453011
98.992219, 141.031527
99.218340, 141.610044
99.415870, 142.188560
99.584752, 142.767076
99.724937, 143.345593
99.836385, 143.924109
99.919063, 144.502626
99.972948, 145.081142
99.998025, 145.659659
99.994286, 146.238175
99.961731, 146.816691
99.900371, 147.395208
99.810224, 147.973724
99.691315, 148.552241
99.543678, 149.130757
99.367356, 149.709274
99.162400, 150.287790
98.928868, 150.866307
98.666829, 151.444823
98.376358, 152.023339
98.057538, 152.601856
97.710461, 153.180372
97.335227, 153.758889
96.931945, 154.337405
96.500731, 154.915922
96.041708, 155.494438
95.555009, 156.072955
95.040775, 156.651471
94.499154, 157.229987
93.930301, 157.808504
93.334380, 158.387020
92.711564, 158.965537
92.062032, 159.544053
91.385971, 160.122570
90.683575, 160.701086
89.955047, 161.279603
89.200598, 161.858119
88.420444, 162.436635
87.614811, 163.015152
86.783930, 163.593668
85.928041, 164.172185
85.047390, 164.750701
84.142232, 165.329218
83.212827, 165.907734
82.259442, 166.486250
81.282354, 167.064767
80.281843, 167.643283
79.258197, 168.221800
78.211712, 168.800316
77.142689, 169.378833
76.051436, 169.957349
74.938268, 170.535866
73.803506, 171.114382
72.647475, 171.692898
71.470511, 172.271415
70.272950, 172.849931
69.055140, 173.428448
67.817431, 174.006964
66.560178, 174.585481
65.283746, 175.163997
63.988501, 175.742514
62.674817, 176.321030
61.343072, 176.899546
59.993650, 177.478063
58.626940, 178.056579
57.243336, 178.635096
55.843236, 179.213612
54.427045, 179.792129
52.995169, 180.370645
51.548022, 180.949162
50.086020, 181.527678
48.609586, 182.106194
47.119144, 182.684711
45.615124, 183.263227
44.097959, 183.841744
42.568087, 184.420260
41.025948, 184.998777
39.471987, 185.577293
37.906651, 186.155809
36.330392, 186.734326
34.743664, 187.312842
33.146924, 187.891359
31.540632, 188.469875
29.925251, 189.048392
28.301247, 189.626908
26.669088, 190.205425
25.029243, 190.783941
23.382186, 191.362457
21.728391, 191.940974
20.068334, 192.519490
18.402495, 193.098007
16.731352, 193.676523
15.055388, 194.255040
13.375086, 194.833556
11.690929, 195.412073
10.003404, 195.990589
8.312996, 196.569105
6.620192, 197.147622
4.925481, 197.726138
3.229350, 198.304655
1.532289, 198.883171
0.165214, 19.461688
1.862669, 20.040204
3.559587, 20.618720
5.255480, 21.197237
6.949858, 21.775753
8.642234, 22.354270
10.332119, 22.932786
12.019027, 23.511303
13.702471, 24.089819
15.381967, 24.668336
17.057030, 25.246852
18.727178, 25.825368
20.391929, 26.403885
22.050804, 26.982401
23.703325, 27.560918
25.349016, 28.139434
26.987401, 28.717951
28.618010, 29.296467
30.240373, 29.874984
31.854021, 30.453500
33.458489, 31.032016
35.053317, 31.610533
36.638043, 32.189049
38.212211, 32.767566
39.775368, 33.346082
41.327063, 33.924599
42.866849, 34.503115
44.394282, 35.081632
45.908922, 35.660148
47.410333, 36.238664
48.898082, 36.817181
50.371741, 37.395697
51.830884, 37.974214
53.275091, 38.552730
54.703946, 39.131247
56.117037, 39.709763
57.513957, 40.288279
58.894304, 40.866796
60.257680, 41.445312
61.603691, 42.023829
62.931950, 42.602345
64.242075, 43.180862
65.533687, 43.759378
66.806415, 44.337895
68.059891, 44.916411
69.293755, 45.494927
70.507651, 46.073444
71.701229, 46.651960
72.874146, 47.230477
74.026062, 47.808993
75.156647, 48.387510
76.265574, 48.966026
77.352525, 49.544543
78.417184, 50.123059
79.459247, 50.701575
80.478413, 51.280092
81.474387, 51.858608
82.446883, 52.437125
83.395621, 53.015641
84.320328, 53.594158
85.220736, 54.172674
86.096586, 54.751191
86.947627, 55.329707
87.773612, 55.908223
88.574304, 56.486740
89.349472, 57.065256
90.098892, 57.643773
90.822350, 58.222289
91.519635, 58.800806
92.190547, 59.379322
92.834894, 59.957838
93.452489, 60.536355
94.043154, 61.114871
94.606719, 61.693388
95.143021, 62.271904
95.651907, 62.850421
96.133229, 63.428937
96.586849, 64.007454
97.012636, 64.585970
97.410468, 65.164486
97.780229, 65.743003
98.121813, 66.321519
98.435122, 66.900036
98.720066, 67.478552
98.976561, 68.057069
99.204536, 68.635585
99.403923, 69.214102
99.574665, 69.792618
99.716713, 70.371134
99.830026, 70.949651
99.914572, 71.528167
99.970326, 72.106684
99.997272, 72.685200
99.995402, 73.263717
99.964717, 73.842233
99.905226, 74.420750
99.816946, 74.999266
99.699902, 75.577782
99.554127, 76.156299
99.379665, 76.734815
99.176565, 77.313332
98.944886, 77.891848
98.684694, 78.470365
98.396065, 79.048881
98.079082, 79.627397
97.733835, 80.205914
97.360426, 80.784430
96.958960, 81.362947
96.529554, 81.941463
96.072332, 82.519980
95.587425, 83.098496
95.074973, 83.677013
94.535123, 84.255529
93.968032, 84.834045
93.373863, 85.412562
92.752787, 85.991078
92.104982, 86.569595
91.430636, 87.148111
90.729943, 87.726628
90.003105, 88.305144
89.250331, 88.883661
88.471838, 89.462177
87.667851, 90.040693
86.838601, 90.619210
85.984327, 91.197726
85.105275, 91.776243
84.201699, 92.354759
83.273859, 92.933276
82.322023, 93.511792
81.346464, 94.090309
80.347464, 94.668825
79.325310, 95.247341
78.280298, 95.825858
77.212728, 96.404374
76.122908, 96.982891
75.011152, 97.561407
73.877781, 98.139924
72.723120, 98.718440
71.547504, 99.296956
70.351269, 99.875473
69.134762, 100.453989
67.898333, 101.032506
66.642338, 101.611022
65.367139, 102.189539
64.073103, 102.768055
62.760604, 103.346572
61.430020, 103.925088
60.081733, 104.503604
58.716133, 105.082121
57.333613, 105.660637
55.934571, 106.239154
54.519411, 106.817670
53.088541, 107.396187
51.642372, 107.974703
50.181321, 108.553220
48.705811, 109.131736
47.216264, 109.710252
45.713112, 110.288769
44.196787, 110.867285
42.667726, 111.445802
41.126369, 112.024318
39.573162, 112.602835
38.008551, 113.181351
36.432987, 113.759868
34.846924, 114.338384
33.250819, 114.916900
31.645133, 115.495417
30.030328, 116.073933
28.406869, 116.652450
26.775225, 117.230966
25.135864, 117.809483
23.489261, 118.387999
21.835888, 118.966515
20.176224, 119.545032
18.510745, 120.123548
16.839932, 120.702065
15.164266, 121.280581
13.484231, 121.859098
11.800309, 122.437614
10.112988, 123.016131
8.422752, 123.594647
6.730089, 124.173163
5.035487, 124.751680
3.339433, 125.330196
1.642418, 125.908713
0.055071, 306.487229
1.752544, 307.065746
3.449512, 307.644262
5.145486, 308.222779
6.839978, 308.801295
8.532498, 309.379811
10.222560, 309.958328
11.909675, 310.536844
13.593359, 311.115361
15.273126, 311.693877
16.948491, 312.272394
18.618973, 312.850910
20.284089, 313.429426
21.943360, 314.007943
23.596307, 314.586459
25.242455, 315.164976
26.881329, 315.743492
28.512457, 316.322009
30.135369, 316.900525
31.749596, 317.479042
33.354675, 318.057558
34.950141, 318.636074
36.535537, 319.214591
38.110404, 319.793107
39.674289, 320.371624
41.226741, 320.950140
42.767313, 321.528657
44.295561, 322.107173
45.811045, 322.685690
47.313328, 323.264206
48.801976, 323.842722
50.276562, 324.421239
51.736659, 324.999755
53.181848, 325.578272
54.611712, 326.156788
56.025838, 326.735305
57.423820, 327.313821
58.805254, 327.892338
60.169743, 328.470854
61.516893, 329.049370
62.846315, 329.627887
64.157628, 330.206403
65.450453, 330.784920
66.724417, 331.363436
67.979154, 331.941953
69.214301, 332.520469
70.429503, 333.098985
71.624410, 333.677502
72.798677, 334.256018
73.951966, 334.834535
75.083945, 335.413051
76.194287, 335.991568
77.282673, 336.570084
78.348789, 337.148601
79.392327, 337.727117
80.412987, 338.305633
81.410475, 338.884150
82.384503, 339.462666
83.334791, 340.041183
84.261065, 340.619699
85.163057, 341.198216
86.040509, 341.776732
86.893167, 342.355249
87.720785, 342.933765
88.523125, 343.512281
89.299956, 344.090798
90.051053, 344.669314
90.776201, 345.247831
91.475191, 345.826347
92.147821, 346.404864
92.793897, 346.983380
93.413232, 347.561897
94.005650, 348.140413
94.570978, 348.718929
95.109055, 349.297446
95.619724, 349.875962
96.102839, 350.454479
96.558260, 351.032995
96.985857, 351.611512
97.385506, 352.190028
97.757092, 352.768544
98.100507, 353.347061
98.415653, 353.925577
98.702440, 354.504094
98.960784, 355.082610
99.190611, 355.661127
99.391854, 356.239643
99.564456, 356.818160
99.708368, 357.396676
99.823547, 357.975192
99.909960, 358.553709
99.967582, 359.132225
99.996398, 359.710742
99.996398, 0.289258
99.967582, 0.867775
99.909960, 1.446291
99.823547, 2.024808
99.708368, 2.603324
99.564456, 3.181840
99.391854, 3.760357
99.190611, 4.338873
98.960784, 4.917390
98.702440, 5.495906
98.415653, 6.074423
98.100507, 6.652939
97.757092, 7.231456
97.385506, 7.809972
96.985857, 8.388488
96.558260, 8.967005
96.102839, 9.545521
95.619724, 10.124038
95.109055, 10.702554
94.570978, 11.281071
94.005650, 11.859587
93.413232, 12.438103
92.793897, 13.016620
92.147821, 13.595136
91.475191, 14.173653
90.776201, 14.752169
90.051053, 15.330686
89.299956, 15.909202
88.523125, 16.487719
87.720785, 17.066235
86.893167, 17.644751
86.040509, 18.223268
85.163057, 18.801784
84.261065, 19.380301
83.334791, 19.958817
82.384503, 20.537334
81.410475, 21.115850
80.412987, 21.694367
79.392327, 22.272883
78.348789, 22.851399
77.282673, 23.429916
76.194287, 24.008432
75.083945, 24.586949
73.951966, 25.165465
72.798677, 25.743982
71.624410, 26.322498
70.429503, 26.901015
69.214301, 27.479531
67.979154, 28.058047
66.724417, 28.636564
65.450453, 29.215080
64.157628, 29.793597
62.846315, 30.372113
61.516893, 30.950630
60.169743, 31.529146
58.805254, 32.107662
57.423820, 32.686179
56.025838, 33.264695
54.611712, 33.843212
53.181848, 34.421728
51.736659, 35.000245
50.276562, 35.578761
48.801976, 36.157278
47.313328, 36.735794
45.811045, 37.314310
44.295561, 37.892827
42.767313, 38.471343
41.226741, 39.049860
39.674289, 39.628376
38.110404, 40.206893
36.535537, 40.785409
34.950141, 41.363926
33.354675, 41.942442
31.749596, 42.520958
30.135369, 43.099475
28.512457, 43.677991
26.881329, 44.256508
25.242455, 44.835024
23.596307, 45.413541
21.943360, 45.992057
20.284089, 46.570574
18.618973, 47.149090
16.948491, 47.727606
15.273126, 48.306123
13.593359, 48.884639
11.909675, 49.463156
10.222560, 50.041672
8.532498, 50.620189
6.839978, 51.198705
5.145486, 51.777221
3.449512, 52.355738
1.752544, 52.934254
0.055071, 53.512771
1.642418, 234.091287
3.339433, 234.669804
5.035487, 235.248320
6.730089, 235.826837
8.422752, 236.405353
10.112988, 236.983869
11.800309, 237.562386
13.484231, 238.140902
15.164266, 238.719419
16.839932, 239.297935
18.510745, 239.876452
20.176224, 240.454968
21.835888, 241.033485
23.489261, 241.612001
25.135864, 242.190517
26.775225, 242.769034
28.406869, 243.347550
30.030328, 243.926067
31.645133, 244.504583
33.250819, 245.083100
34.846924, 245.661616
36.432987, 246.240132
38.008551, 246.818649
39.573162, 247.397165
41.126369, 247.975682
42.667726, 248.554198
44.196787, 249.132715
45.713112, 249.711231
47.216264, 250.289748
48.705811, 250.868264
50.181321, 251.446780
51.642372, 252.025297
53.088541, 252.603813
54.519411, 253.182330
55.934571, 253.760846
57.333613, 254.339363
58.716133, 254.917879
60.081733, 255.496396
61.430020, 256.074912
62.760604, 256.653428
64.073103, 257.231945
65.367139, 257.810461
66.642338, 258.388978
67.898333, 258.967494
69.134762, 259.546011
70.351269, 260.124527
71.547504, 260.703044
72.723120, 261.281560
73.877781, 261.860076
75.011152, 262.438593
76.122908, 263.017109
77.212728, 263.595626
78.280298, 264.174142
79.325310, 264.752659
80.347464, 265.331175
81.346464, 265.909691
82.322023, 266.488208
83.273859, 267.066724
84.201699, 267.645241
85.105275, 268.223757
85.984327, 268.802274
86.838601, 269.380790
87.667851, 269.959307
88.471838, 270.537823
89.250331, 271.116339
90.003105, 271.694856
90.729943, 272.273372
91.430636, 272.851889
92.104982, 273.430405
92.752787, 274.008922
93.373863, 274.587438
93.968032, 275.165955
94.535123, 275.744471
95.074973, 276.322987
95.587425, 276.901504
96.072332, 277.480020
96.529554, 278.058537
96.958960, 278.637053
97.360426, 279.215570
97.733835, 279.794086
98.079082, 280.372603
98.396065, 280.951119
98.684694, 281.529635
98.944886, 282.108152
99.176565, 282.686668
99.379665, 283.265185
99.554127, 283.843701
99.699902, 284.422218
99.816946, 285.000734
99.905226, 285.579250
99.964717, 286.157767
99.995402, 286.736283
99.997272, 287.314800
99.970326, 287.893316
99.914572, 288.471833
99.830026, 289.050349
99.716713, 289.628866
99.574665, 290.207382
99.403923, 290.785898
99.204536, 291.364415
98.976561, 291.942931
98.720066, 292.521448
98.435122, 293.099964
98.121813, 293.678481
97.780229, 294.256997
97.410468, 294.835514
97.012636, 295.414030
96.586849, 295.992546
96.133229, 296.571063
95.651907, 297.149579
95.143021, 297.728096
94.606719, 298.306612
94.043154, 298.885129
93.452489, 299.463645
92.834894, 300.042162
92.190547, 300.620678
91.519635, 301.199194
90.822350, 301.777711
90.098892, 302.356227
89.349472, 302.934744
88.574304, 303.513260
87.773612, 304.091777
86.947627, 304.670293
86.096586, 305.248809
85.220736, 305.827326
84.320328, 306.405842
83.395621, 306.984359
82.446883, 307.562875
81.474387, 308.141392
80.478413, 308.719908
79.459247, 309.298425
78.417184, 309.876941
77.352525, 310.455457
76.265574, 311.033974
75.156647, 311.612490
74.026062, 312.191007
72.874146, 312.769523
71.701229, 313.348040
70.507651, 313.926556
69.293755, 314.505073
68.059891, 315.083589
66.806415, 315.662105
65.533687, 316.240622
64.242075, 316.819138
62.931950, 317.397655
61.603691, 317.976171
60.257680, 318.554688
58.894304, 319.133204
57.513957, 319.711721
56.117037, 320.290237
54.703946, 320.868753
53.275091, 321.447270
51.830884, 322.025786
50.371741, 322.604303
48.898082, 323.182819
47.410333, 323.761336
45.908922, 324.339852
44.394282, 324.918368
42.866849, 325.496885
41.327063, 326.075401
39.775368, 326.653918
38.212211, 327.232434
36.638043, 327.810951
35.053317, 328.389467
33.458489, 328.967984
31.854021, 329.546500
30.240373, 330.125016
28.618010, 330.703533
26.987401, 331.282049
25.349016, 331.860566
23.703325, 332.439082
22.050804, 333.017599
20.391929, 333.596115
18.727178, 334.174632
17.057030, 334.753148
15.381967, 335.331664
13.702471, 335.910181
12.019027, 336.488697
10.332119, 337.067214
8.642234, 337.645730
6.949858, 338.224247
5.255480, 338.802763
3.559587, 339.381280
1.862669, 339.959796
0.165214, 340.538312
1.532289, 161.116829
3.229350, 161.695345
4.925481, 162.273862
6.620192, 162.852378
8.312996, 163.430895
10.003404, 164.009411
11.690929, 164.587927
13.375086, 165.166444
15.055388, 165.744960
16.731352, 166.323477
18.402495, 166.901993
20.068334, 167.480510
21.728391, 168.059026
23.382186, 168.637543
25.029243, 169.216059
26.669088, 169.794575
28.301247, 170.373092
29.925251, 170.951608
31.540632, 171.530125
33.146924, 172.108641
34.743664, 172.687158
36.330392, 173.265674
37.906651, 173.844191
39.471987, 174.422707
41.025948, 175.001223
42.568087, 175.579740
44.097959, 176.158256
45.615124, 176.736773
47.119144, 177.315289
48.609586, 177.893806
50.086020, 178.472322
51.548022, 179.050838
52.995169, 179.629355
54.427045, 180.207871
55.843236, 180.786388
57.243336, 181.364904
58.626940, 181.943421
59.993650, 182.521937
61.343072, 183.100454
62.674817, 183.678970
63.988501, 184.257486
65.283746, 184.836003
66.560178, 185.414519
67.817431, 185.993036
69.055140, 186.571552
70.272950, 187.150069
71.470511, 187.728585
72.647475, 188.307102
73.803506, 188.885618
74.938268, 189.464134
76.051436, 190.042651
77.142689, 190.621167
78.211712, 191.199684
79.258197, 191.778200
80.281843, 192.356717
81.282354, 192.935233
82.259442, 193.513750
83.212827, 194.092266
84.142232, 194.670782
85.047390, 195.249299
85.928041, 195.827815
86.783930, 196.406332
87.614811, 196.984848
88.420444, 197.563365
89.200598, 198.141881
89.955047, 198.720397
90.683575, 199.298914
91.385971, 199.877430
92.062032, 200.455947
92.711564, 201.034463
93.334380, 201.612980
93.930301, 202.191496
94.499154, 202.770013
95.040775, 203.348529
95.555009, 203.927045
96.041708, 204.505562
96.500731, 205.084078
96.931945, 205.662595
97.335227, 206.241111
97.710461, 206.819628
98.057538, 207.398144
98.376358, 207.976661
98.666829, 208.555177
98.928868, 209.133693
99.162400, 209.712210
99.367356, 210.290726
99.543678, 210.869243
99.691315, 211.447759
99.810224, 212.026276
99.900371, 212.604792
99.961731, 213.183309
99.994286, 213.761825
99.998025, 214.340341
99.972948, 214.918858
99.919063, 215.497374
99.836385, 216.075891
99.724937, 216.654407
99.584752, 217.232924
99.415870, 217.811440
99.218340, 218.389956
98.992219, 218.968473
98.737572, 219.546989
98.454472, 220.125506
98.143000, 220.704022
97.803248, 221.282539
97.435312, 221.861055
97.039298, 222.439572
96.615321, 223.018088
96.163503, 223.596604
95.683974, 224.175121
95.176873, 224.753637
94.642344, 225.332154
94.080543, 225.910670
93.491631, 226.489187
92.875779, 227.067703
92.233162, 227.646220
91.563968, 228.224736
90.868387, 228.803252
90.146622, 229.381769
89.398880, 229.960285
88.625376, 230.538802
87.826333, 231.117318
87.001982, 231.695835
86.152560, 232.274351
85.278311, 232.852868
84.379489, 233.431384
83.456351, 234.009900
82.509164, 234.588417
81.538201, 235.166933
80.543741, 235.745450
79.526071, 236.323966
78.485485, 236.902483
77.422282, 237.480999
76.336769, 238.059515
75.229258, 238.638032
74.100068, 239.216548
72.949526, 239.795065
71.777962, 240.373581
70.585714, 240.952098
69.373126, 241.530614
68.140547, 242.109131
66.888332, 242.687647
65.616842, 243.266163
64.326444, 243.844680
63.017509, 244.423196
61.690415, 245.001713
60.345544, 245.580229
58.983283, 246.158746
57.604025, 246.737262
56.208168, 247.315779
54.796114, 247.894295
53.368269, 248.472811
51.925045, 249.051328
50.466859, 249.629844
48.994129, 250.208361
47.507282, 250.786877
46.006744, 251.365394
44.492949, 251.943910
42.966332, 252.522427
41.427334, 253.100943
39.876399, 253.679459
38.313972, 254.257976
36.740504, 254.836492
35.156449, 255.415009
33.562264, 255.993525
31.958406, 256.572042
30.345340, 257.150558
28.723529, 257.729074
27.093441, 258.307591
25.455545, 258.886107
23.810314, 259.464624
22.158222, 260.043140
20.499745, 260.621657
18.835360, 261.200173
17.165548, 261.778690
15.490789, 262.357206
13.811566, 262.935722
12.128363, 263.514239
10.441665, 264.092755
8.751959, 264.671272
7.059730, 265.249788
5.365467, 265.828305
3.669658, 266.406821
1.972791, 266.985338
0.275356, 267.563854
1.422159, 88.142370
3.119263, 88.720887
4.815469, 89.299403
6.510287, 89.877920
8.203230, 90.456436
9.893808, 91.034953
11.581535, 91.613469
13.265925, 92.191986
14.946492, 92.770502
16.622752, 93.349018
18.294222, 93.927535
19.960420, 94.506051
21.620866, 95.084568
23.275082, 95.663084
24.922591, 96.241601
26.562918, 96.820117
28.195591, 97.398633
29.820138, 97.977150
31.436093, 98.555666
33.042988, 99.134183
34.640362, 99.712699
36.227754, 100.291216
37.804706, 100.869732
39.370764, 101.448249
40.925476, 102.026765
42.468396, 102.605281
43.999078, 103.183798
45.517080, 103.762314
47.021966, 104.340831
48.513302, 104.919347
49.990659, 105.497864
51.453609, 106.076380
52.901733, 106.654897
54.334612, 107.233413
55.751834, 107.811929
57.152990, 108.390446
58.537676, 108.968962
59.905494, 109.547479
61.256050, 110.125995
62.588953, 110.704512
63.903821, 111.283028
65.200274, 111.861545
66.477938, 112.440061
67.736446, 113.018577
68.975434, 113.597094
70.194546, 114.175610
71.393431, 114.754127
72.571742, 115.332643
73.729141, 115.911160
74.865293, 116.489676
75.979872, 117.068192
77.072557, 117.646709
78.143031, 118.225225
79.190988, 118.803742
80.216125, 119.382258
81.218146, 119.960775
82.196762, 120.539291
83.151693, 121.117808
84.082662, 121.696324
84.989402, 122.274840
85.871650, 122.853357
86.729153, 123.431873
87.561664, 124.010390
88.368943, 124.588906
89.150757, 125.167423
89.906881, 125.745939
90.637097, 126.324456
91.341194, 126.902972
92.018970, 127.481488
92.670229, 128.060005
93.294784, 128.638521
93.892455, 129.217038
94.463069, 129.795554
95.006463, 130.374071
95.522478, 130.952587
96.010968, 131.531103
96.471790, 132.109620
96.904813, 132.688136
97.309911, 133.266653
97.686968, 133.845169
98.035875, 134.423686
98.356531, 135.002202
98.648844, 135.580719
98.912731, 136.159235
99.148114, 136.737751
99.354926, 137.316268
99.533107, 137.894784
99.682607, 138.473301
99.803381, 139.051817
99.895396, 139.630334
99.958624, 140.208850
99.993047, 140.787367
99.998657, 141.365883
99.975450, 141.944399
99.923433, 142.522916
99.842622, 143.101432
99.733040, 143.679949
99.594719, 144.258465
99.427697, 144.836982
99.232025, 145.415498
99.007756, 145.994015
98.754958, 146.572531
98.473701, 147.151047
98.164068, 147.729564
97.826148, 148.308080
97.460037, 148.886597
97.065842, 149.465113
96.643676, 150.043630
96.193661, 150.622146
95.715925, 151.200662
95.210608, 151.779179
94.677855, 152.357695
94.117819, 152.936212
93.530661, 153.514728
92.916551, 154.093245
92.275665, 154.671761
91.608189, 155.250278
90.914315, 155.828794
90.194243, 156.407310
89.448179, 156.985827
88.676340, 157.564343
87.878947, 158.142860
87.056231, 158.721376
86.208428, 159.299893
85.335783, 159.878409
84.438547, 160.456926
83.516979, 161.035442
82.571344, 161.613958
81.601915, 162.192475
80.608971, 162.770991
79.592799, 163.349508
78.553691, 163.928024
77.491946, 164.506541
76.407870, 165.085057
75.301777, 165.663574
74.173984, 166.242090
73.024817, 166.820606
71.854607, 167.399123
70.663691, 167.977639
69.452412, 168.556156
68.221119, 169.134672
66.970168, 169.713189
65.699917, 170.291705
64.410735, 170.870221
63.102991, 171.448738
61.777064, 172.027254
60.433334, 172.605771
59.072190, 173.184287
57.694023, 173.762804
56.299231, 174.341320
54.888215, 174.919837
53.461382, 175.498353
52.019144, 176.076869
50.561916, 176.655386
49.090117, 177.233902
47.604172, 177.812419
46.104510, 178.390935
44.591562, 178.969452
43.065764, 179.547968
41.527556, 180.126485
39.977381, 180.705001
38.415686, 181.283517
##END=
