##TITLE= Parameter file, TopSpin 4.3.0
##JCAMPDX= 5.0
##DATATYPE= Parameter Values
##ORIGIN= Bruker BioSpin GmbH
##OWNER= nmrsu
$$ 2024-02-06 13:56:33.465 +0000  nmrsu@4CE1161FJM
$$ C:/Bruker/TopSpin4.3.0/exp/stan/nmr/lists/wave/user/multisupp_aux_d8
$$ process C:\Bruker\TopSpin4.3.0\prog\mod\xwinshape.exe
##MINX= 0.32210600
##MAXX= 99.99999200
##MINY= 0.29322500
##MAXY= 359.70677500
##$SHAPE_ADDPHASE= 0
##$SHAPE_AMP= 99.99999178
##$SHAPE_BWFAC= 0
##$SHAPE_BWFAC50= 0
##$SHAPE_CALCBW= yes
##$SHAPE_CALCINTEG= yes
##$SHAPE_EXMODE= <Excitation>
##$SHAPE_EXPAND= <>
##$SHAPE_EXPANDCF= (0..143)
0 0 0 0 0 0 0 0 0 0 0 0 0 0 0 0 0 0 0 0 0 0 0 0 0 0 0 0 0 0 0 0 0 0 0 0
0 0 0 0 0 0 0 0 0 0 0 0 0 0 0 0 0 0 0 0 0 0 0 0 0 0 0 0 0 0 0 0 0 0 0 0
0 0 0 0 0 0 0 0 0 0 0 0 0 0 0 0 0 0 0 0 0 0 0 0 0 0 0 0 0 0 0 0 0 0 0 0
0 0 0 0 0 0 0 0 0 0 0 0 0 0 0 0 0 0 0 0 0 0 0 0 0 0 0 0 0 0 0 0 0 0 0 0
##$SHAPE_EXPFAC= 0
##$SHAPE_FRACEND= 0
##$SHAPE_FRACORG= 0
##$SHAPE_FRACSTART= 0
##$SHAPE_INTEGFAC= 0
##$SHAPE_KEEPRES= yes
##$SHAPE_LENGTH= 25000.000373
##$SHAPE_MAN= <M>
##$SHAPE_MODE= 2
##$SHAPE_MODFREQ= 0
##$SHAPE_MODPHASE= 0
##$SHAPE_MODSCALE= 0
##$SHAPE_MODSW= 0
##$SHAPE_MODSWDIR= -1
##$SHAPE_NPOINTS= 1250
##$SHAPE_OFFS= <1 2>
##$SHAPE_OFFSCOEFF= (0..95)
53.336945 0 100 -216.23961 0 100 0 0 0 0 0 0 0 0 0 0 0 0 0 0 0 0 0 0 0
0 0 0 0 0 0 0 0 0 0 0 0 0 0 0 0 0 0 0 0 0 0 0 0 0 0 0 0 0 0 0 0 0 0 0 0
0 0 0 0 0 0 0 0 0 0 0 0 0 0 0 0 0 0 0 0 0 0 0 0 0 0 0 0 0 0 0 0 0 0 0
##$SHAPE_PARAMETER= <>
##$SHAPE_REPHFAC= 0
##$SHAPE_RES= 0
##$SHAPE_SCALEFAC= 1.00000008
##$SHAPE_SCALETYPE= 0
##$SHAPE_SPOAL= 0
##$SHAPE_SPOFFS= 0
##$SHAPE_SPOPH= 0
##$SHAPE_TOTROT= 90
##$SHAPE_TYPE= <Excitation>
##$SHAPE_USER_DEF= <>
##$SHAPE_VERSION= 2.1
##$SHL_ADDPHASE= (0..15)
0 0 0 0 0 0 0 0 0 0 0 0 0 0 0 0
##$SHL_ALIGNOFFSET= (0..15)
0 0 0 0 0 0 0 0 0 0 0 0 0 0 0 0
##$SHL_AMP= (0..15)
100 0 0 0 0 0 0 0 0 0 0 0 0 0 0 0
##$SHL_AMPFAC= (0..15)
0 0 0 0 0 0 0 0 0 0 0 0 0 0 0 0
##$SHL_BETA= (0..15)
0 0 0 0 0 0 0 0 0 0 0 0 0 0 0 0
##$SHL_BWFAC= (0..15)
1.116 0 0 0 0 0 0 0 0 0 0 0 0 0 0 0
##$SHL_CALCBW= (0..15)
yes yes yes yes yes yes yes yes yes yes yes yes yes yes yes yes
##$SHL_CALCINTEG= (0..15)
yes yes yes yes yes yes yes yes yes yes yes yes yes yes yes yes
##$SHL_CENTERAMP= (0..15)
0 0 0 0 0 0 0 0 0 0 0 0 0 0 0 0
##$SHL_CYCNUM= (0..15)
0 0 0 0 0 0 0 0 0 0 0 0 0 0 0 0
##$SHL_DIPOLCPL= (0..15)
0 0 0 0 0 0 0 0 0 0 0 0 0 0 0 0
##$SHL_ENDAMP= (0..15)
0 0 0 0 0 0 0 0 0 0 0 0 0 0 0 0
##$SHL_EXMODE= (0..15)
<Excitation> <> <> <> <> <> <> <> <> <> <> <> <> <> <> <>
##$SHL_EXPAND= (0..15)
<> <> <> <> <> <> <> <> <> <> <> <> <> <> <> <>
##$SHL_EXPANDCF0= (0..143)
0 0 0 0 0 0 0 0 0 0 0 0 0 0 0 0 0 0 0 0 0 0 0 0 0 0 0 0 0 0 0 0 0 0 0 0
0 0 0 0 0 0 0 0 0 0 0 0 0 0 0 0 0 0 0 0 0 0 0 0 0 0 0 0 0 0 0 0 0 0 0 0
0 0 0 0 0 0 0 0 0 0 0 0 0 0 0 0 0 0 0 0 0 0 0 0 0 0 0 0 0 0 0 0 0 0 0 0
0 0 0 0 0 0 0 0 0 0 0 0 0 0 0 0 0 0 0 0 0 0 0 0 0 0 0 0 0 0 0 0 0 0 0 0
##$SHL_EXPANDCF1= (0..143)
0 0 0 0 0 0 0 0 0 0 0 0 0 0 0 0 0 0 0 0 0 0 0 0 0 0 0 0 0 0 0 0 0 0 0 0
0 0 0 0 0 0 0 0 0 0 0 0 0 0 0 0 0 0 0 0 0 0 0 0 0 0 0 0 0 0 0 0 0 0 0 0
0 0 0 0 0 0 0 0 0 0 0 0 0 0 0 0 0 0 0 0 0 0 0 0 0 0 0 0 0 0 0 0 0 0 0 0
0 0 0 0 0 0 0 0 0 0 0 0 0 0 0 0 0 0 0 0 0 0 0 0 0 0 0 0 0 0 0 0 0 0 0 0
##$SHL_EXPANDCF10= (0..143)
0 0 0 0 0 0 0 0 0 0 0 0 0 0 0 0 0 0 0 0 0 0 0 0 0 0 0 0 0 0 0 0 0 0 0 0
0 0 0 0 0 0 0 0 0 0 0 0 0 0 0 0 0 0 0 0 0 0 0 0 0 0 0 0 0 0 0 0 0 0 0 0
0 0 0 0 0 0 0 0 0 0 0 0 0 0 0 0 0 0 0 0 0 0 0 0 0 0 0 0 0 0 0 0 0 0 0 0
0 0 0 0 0 0 0 0 0 0 0 0 0 0 0 0 0 0 0 0 0 0 0 0 0 0 0 0 0 0 0 0 0 0 0 0
##$SHL_EXPANDCF11= (0..143)
0 0 0 0 0 0 0 0 0 0 0 0 0 0 0 0 0 0 0 0 0 0 0 0 0 0 0 0 0 0 0 0 0 0 0 0
0 0 0 0 0 0 0 0 0 0 0 0 0 0 0 0 0 0 0 0 0 0 0 0 0 0 0 0 0 0 0 0 0 0 0 0
0 0 0 0 0 0 0 0 0 0 0 0 0 0 0 0 0 0 0 0 0 0 0 0 0 0 0 0 0 0 0 0 0 0 0 0
0 0 0 0 0 0 0 0 0 0 0 0 0 0 0 0 0 0 0 0 0 0 0 0 0 0 0 0 0 0 0 0 0 0 0 0
##$SHL_EXPANDCF12= (0..143)
0 0 0 0 0 0 0 0 0 0 0 0 0 0 0 0 0 0 0 0 0 0 0 0 0 0 0 0 0 0 0 0 0 0 0 0
0 0 0 0 0 0 0 0 0 0 0 0 0 0 0 0 0 0 0 0 0 0 0 0 0 0 0 0 0 0 0 0 0 0 0 0
0 0 0 0 0 0 0 0 0 0 0 0 0 0 0 0 0 0 0 0 0 0 0 0 0 0 0 0 0 0 0 0 0 0 0 0
0 0 0 0 0 0 0 0 0 0 0 0 0 0 0 0 0 0 0 0 0 0 0 0 0 0 0 0 0 0 0 0 0 0 0 0
##$SHL_EXPANDCF13= (0..143)
0 0 0 0 0 0 0 0 0 0 0 0 0 0 0 0 0 0 0 0 0 0 0 0 0 0 0 0 0 0 0 0 0 0 0 0
0 0 0 0 0 0 0 0 0 0 0 0 0 0 0 0 0 0 0 0 0 0 0 0 0 0 0 0 0 0 0 0 0 0 0 0
0 0 0 0 0 0 0 0 0 0 0 0 0 0 0 0 0 0 0 0 0 0 0 0 0 0 0 0 0 0 0 0 0 0 0 0
0 0 0 0 0 0 0 0 0 0 0 0 0 0 0 0 0 0 0 0 0 0 0 0 0 0 0 0 0 0 0 0 0 0 0 0
##$SHL_EXPANDCF14= (0..143)
0 0 0 0 0 0 0 0 0 0 0 0 0 0 0 0 0 0 0 0 0 0 0 0 0 0 0 0 0 0 0 0 0 0 0 0
0 0 0 0 0 0 0 0 0 0 0 0 0 0 0 0 0 0 0 0 0 0 0 0 0 0 0 0 0 0 0 0 0 0 0 0
0 0 0 0 0 0 0 0 0 0 0 0 0 0 0 0 0 0 0 0 0 0 0 0 0 0 0 0 0 0 0 0 0 0 0 0
0 0 0 0 0 0 0 0 0 0 0 0 0 0 0 0 0 0 0 0 0 0 0 0 0 0 0 0 0 0 0 0 0 0 0 0
##$SHL_EXPANDCF15= (0..143)
0 0 0 0 0 0 0 0 0 0 0 0 0 0 0 0 0 0 0 0 0 0 0 0 0 0 0 0 0 0 0 0 0 0 0 0
0 0 0 0 0 0 0 0 0 0 0 0 0 0 0 0 0 0 0 0 0 0 0 0 0 0 0 0 0 0 0 0 0 0 0 0
0 0 0 0 0 0 0 0 0 0 0 0 0 0 0 0 0 0 0 0 0 0 0 0 0 0 0 0 0 0 0 0 0 0 0 0
0 0 0 0 0 0 0 0 0 0 0 0 0 0 0 0 0 0 0 0 0 0 0 0 0 0 0 0 0 0 0 0 0 0 0 0
##$SHL_EXPANDCF2= (0..143)
0 0 0 0 0 0 0 0 0 0 0 0 0 0 0 0 0 0 0 0 0 0 0 0 0 0 0 0 0 0 0 0 0 0 0 0
0 0 0 0 0 0 0 0 0 0 0 0 0 0 0 0 0 0 0 0 0 0 0 0 0 0 0 0 0 0 0 0 0 0 0 0
0 0 0 0 0 0 0 0 0 0 0 0 0 0 0 0 0 0 0 0 0 0 0 0 0 0 0 0 0 0 0 0 0 0 0 0
0 0 0 0 0 0 0 0 0 0 0 0 0 0 0 0 0 0 0 0 0 0 0 0 0 0 0 0 0 0 0 0 0 0 0 0
##$SHL_EXPANDCF3= (0..143)
0 0 0 0 0 0 0 0 0 0 0 0 0 0 0 0 0 0 0 0 0 0 0 0 0 0 0 0 0 0 0 0 0 0 0 0
0 0 0 0 0 0 0 0 0 0 0 0 0 0 0 0 0 0 0 0 0 0 0 0 0 0 0 0 0 0 0 0 0 0 0 0
0 0 0 0 0 0 0 0 0 0 0 0 0 0 0 0 0 0 0 0 0 0 0 0 0 0 0 0 0 0 0 0 0 0 0 0
0 0 0 0 0 0 0 0 0 0 0 0 0 0 0 0 0 0 0 0 0 0 0 0 0 0 0 0 0 0 0 0 0 0 0 0
##$SHL_EXPANDCF4= (0..143)
0 0 0 0 0 0 0 0 0 0 0 0 0 0 0 0 0 0 0 0 0 0 0 0 0 0 0 0 0 0 0 0 0 0 0 0
0 0 0 0 0 0 0 0 0 0 0 0 0 0 0 0 0 0 0 0 0 0 0 0 0 0 0 0 0 0 0 0 0 0 0 0
0 0 0 0 0 0 0 0 0 0 0 0 0 0 0 0 0 0 0 0 0 0 0 0 0 0 0 0 0 0 0 0 0 0 0 0
0 0 0 0 0 0 0 0 0 0 0 0 0 0 0 0 0 0 0 0 0 0 0 0 0 0 0 0 0 0 0 0 0 0 0 0
##$SHL_EXPANDCF5= (0..143)
0 0 0 0 0 0 0 0 0 0 0 0 0 0 0 0 0 0 0 0 0 0 0 0 0 0 0 0 0 0 0 0 0 0 0 0
0 0 0 0 0 0 0 0 0 0 0 0 0 0 0 0 0 0 0 0 0 0 0 0 0 0 0 0 0 0 0 0 0 0 0 0
0 0 0 0 0 0 0 0 0 0 0 0 0 0 0 0 0 0 0 0 0 0 0 0 0 0 0 0 0 0 0 0 0 0 0 0
0 0 0 0 0 0 0 0 0 0 0 0 0 0 0 0 0 0 0 0 0 0 0 0 0 0 0 0 0 0 0 0 0 0 0 0
##$SHL_EXPANDCF6= (0..143)
0 0 0 0 0 0 0 0 0 0 0 0 0 0 0 0 0 0 0 0 0 0 0 0 0 0 0 0 0 0 0 0 0 0 0 0
0 0 0 0 0 0 0 0 0 0 0 0 0 0 0 0 0 0 0 0 0 0 0 0 0 0 0 0 0 0 0 0 0 0 0 0
0 0 0 0 0 0 0 0 0 0 0 0 0 0 0 0 0 0 0 0 0 0 0 0 0 0 0 0 0 0 0 0 0 0 0 0
0 0 0 0 0 0 0 0 0 0 0 0 0 0 0 0 0 0 0 0 0 0 0 0 0 0 0 0 0 0 0 0 0 0 0 0
##$SHL_EXPANDCF7= (0..143)
0 0 0 0 0 0 0 0 0 0 0 0 0 0 0 0 0 0 0 0 0 0 0 0 0 0 0 0 0 0 0 0 0 0 0 0
0 0 0 0 0 0 0 0 0 0 0 0 0 0 0 0 0 0 0 0 0 0 0 0 0 0 0 0 0 0 0 0 0 0 0 0
0 0 0 0 0 0 0 0 0 0 0 0 0 0 0 0 0 0 0 0 0 0 0 0 0 0 0 0 0 0 0 0 0 0 0 0
0 0 0 0 0 0 0 0 0 0 0 0 0 0 0 0 0 0 0 0 0 0 0 0 0 0 0 0 0 0 0 0 0 0 0 0
##$SHL_EXPANDCF8= (0..143)
0 0 0 0 0 0 0 0 0 0 0 0 0 0 0 0 0 0 0 0 0 0 0 0 0 0 0 0 0 0 0 0 0 0 0 0
0 0 0 0 0 0 0 0 0 0 0 0 0 0 0 0 0 0 0 0 0 0 0 0 0 0 0 0 0 0 0 0 0 0 0 0
0 0 0 0 0 0 0 0 0 0 0 0 0 0 0 0 0 0 0 0 0 0 0 0 0 0 0 0 0 0 0 0 0 0 0 0
0 0 0 0 0 0 0 0 0 0 0 0 0 0 0 0 0 0 0 0 0 0 0 0 0 0 0 0 0 0 0 0 0 0 0 0
##$SHL_EXPANDCF9= (0..143)
0 0 0 0 0 0 0 0 0 0 0 0 0 0 0 0 0 0 0 0 0 0 0 0 0 0 0 0 0 0 0 0 0 0 0 0
0 0 0 0 0 0 0 0 0 0 0 0 0 0 0 0 0 0 0 0 0 0 0 0 0 0 0 0 0 0 0 0 0 0 0 0
0 0 0 0 0 0 0 0 0 0 0 0 0 0 0 0 0 0 0 0 0 0 0 0 0 0 0 0 0 0 0 0 0 0 0 0
0 0 0 0 0 0 0 0 0 0 0 0 0 0 0 0 0 0 0 0 0 0 0 0 0 0 0 0 0 0 0 0 0 0 0 0
##$SHL_EXPFAC= (0..15)
0 0 0 0 0 0 0 0 0 0 0 0 0 0 0 0
##$SHL_FRACEND= (0..15)
0 0 0 0 0 0 0 0 0 0 0 0 0 0 0 0
##$SHL_FRACORG= (0..15)
0 0 0 0 0 0 0 0 0 0 0 0 0 0 0 0
##$SHL_FRACSTART= (0..15)
0 0 0 0 0 0 0 0 0 0 0 0 0 0 0 0
##$SHL_FULLHALF= (0..15)
0 0 0 0 0 0 0 0 0 0 0 0 0 0 0 0
##$SHL_FUNCAMP= (0..15)
100 0 0 0 0 0 0 0 0 0 0 0 0 0 0 0
##$SHL_FUNCTION= (0..15)
<Rectangle> <> <> <> <> <> <> <> <> <> <> <> <> <> <> <>
##$SHL_GCO= (0..15)
<> <> <> <> <> <> <> <> <> <> <> <> <> <> <> <>
##$SHL_GCOCOEFFS0= (0..59)
0 0 0 0 0 0 0 0 0 0 0 0 0 0 0 0 0 0 0 0 0 0 0 0 0 0 0 0 0 0 0 0 0 0 0 0
0 0 0 0 0 0 0 0 0 0 0 0 0 0 0 0 0 0 0 0 0 0 0 0
##$SHL_GCOCOEFFS1= (0..59)
0 0 0 0 0 0 0 0 0 0 0 0 0 0 0 0 0 0 0 0 0 0 0 0 0 0 0 0 0 0 0 0 0 0 0 0
0 0 0 0 0 0 0 0 0 0 0 0 0 0 0 0 0 0 0 0 0 0 0 0
##$SHL_GCOCOEFFS10= (0..59)
0 0 0 0 0 0 0 0 0 0 0 0 0 0 0 0 0 0 0 0 0 0 0 0 0 0 0 0 0 0 0 0 0 0 0 0
0 0 0 0 0 0 0 0 0 0 0 0 0 0 0 0 0 0 0 0 0 0 0 0
##$SHL_GCOCOEFFS11= (0..59)
0 0 0 0 0 0 0 0 0 0 0 0 0 0 0 0 0 0 0 0 0 0 0 0 0 0 0 0 0 0 0 0 0 0 0 0
0 0 0 0 0 0 0 0 0 0 0 0 0 0 0 0 0 0 0 0 0 0 0 0
##$SHL_GCOCOEFFS12= (0..59)
0 0 0 0 0 0 0 0 0 0 0 0 0 0 0 0 0 0 0 0 0 0 0 0 0 0 0 0 0 0 0 0 0 0 0 0
0 0 0 0 0 0 0 0 0 0 0 0 0 0 0 0 0 0 0 0 0 0 0 0
##$SHL_GCOCOEFFS13= (0..59)
0 0 0 0 0 0 0 0 0 0 0 0 0 0 0 0 0 0 0 0 0 0 0 0 0 0 0 0 0 0 0 0 0 0 0 0
0 0 0 0 0 0 0 0 0 0 0 0 0 0 0 0 0 0 0 0 0 0 0 0
##$SHL_GCOCOEFFS14= (0..59)
0 0 0 0 0 0 0 0 0 0 0 0 0 0 0 0 0 0 0 0 0 0 0 0 0 0 0 0 0 0 0 0 0 0 0 0
0 0 0 0 0 0 0 0 0 0 0 0 0 0 0 0 0 0 0 0 0 0 0 0
##$SHL_GCOCOEFFS15= (0..59)
0 0 0 0 0 0 0 0 0 0 0 0 0 0 0 0 0 0 0 0 0 0 0 0 0 0 0 0 0 0 0 0 0 0 0 0
0 0 0 0 0 0 0 0 0 0 0 0 0 0 0 0 0 0 0 0 0 0 0 0
##$SHL_GCOCOEFFS2= (0..59)
0 0 0 0 0 0 0 0 0 0 0 0 0 0 0 0 0 0 0 0 0 0 0 0 0 0 0 0 0 0 0 0 0 0 0 0
0 0 0 0 0 0 0 0 0 0 0 0 0 0 0 0 0 0 0 0 0 0 0 0
##$SHL_GCOCOEFFS3= (0..59)
0 0 0 0 0 0 0 0 0 0 0 0 0 0 0 0 0 0 0 0 0 0 0 0 0 0 0 0 0 0 0 0 0 0 0 0
0 0 0 0 0 0 0 0 0 0 0 0 0 0 0 0 0 0 0 0 0 0 0 0
##$SHL_GCOCOEFFS4= (0..59)
0 0 0 0 0 0 0 0 0 0 0 0 0 0 0 0 0 0 0 0 0 0 0 0 0 0 0 0 0 0 0 0 0 0 0 0
0 0 0 0 0 0 0 0 0 0 0 0 0 0 0 0 0 0 0 0 0 0 0 0
##$SHL_GCOCOEFFS5= (0..59)
0 0 0 0 0 0 0 0 0 0 0 0 0 0 0 0 0 0 0 0 0 0 0 0 0 0 0 0 0 0 0 0 0 0 0 0
0 0 0 0 0 0 0 0 0 0 0 0 0 0 0 0 0 0 0 0 0 0 0 0
##$SHL_GCOCOEFFS6= (0..59)
0 0 0 0 0 0 0 0 0 0 0 0 0 0 0 0 0 0 0 0 0 0 0 0 0 0 0 0 0 0 0 0 0 0 0 0
0 0 0 0 0 0 0 0 0 0 0 0 0 0 0 0 0 0 0 0 0 0 0 0
##$SHL_GCOCOEFFS7= (0..59)
0 0 0 0 0 0 0 0 0 0 0 0 0 0 0 0 0 0 0 0 0 0 0 0 0 0 0 0 0 0 0 0 0 0 0 0
0 0 0 0 0 0 0 0 0 0 0 0 0 0 0 0 0 0 0 0 0 0 0 0
##$SHL_GCOCOEFFS8= (0..59)
0 0 0 0 0 0 0 0 0 0 0 0 0 0 0 0 0 0 0 0 0 0 0 0 0 0 0 0 0 0 0 0 0 0 0 0
0 0 0 0 0 0 0 0 0 0 0 0 0 0 0 0 0 0 0 0 0 0 0 0
##$SHL_GCOCOEFFS9= (0..59)
0 0 0 0 0 0 0 0 0 0 0 0 0 0 0 0 0 0 0 0 0 0 0 0 0 0 0 0 0 0 0 0 0 0 0 0
0 0 0 0 0 0 0 0 0 0 0 0 0 0 0 0 0 0 0 0 0 0 0 0
##$SHL_INTEGFAC= (0..15)
1 0 0 0 0 0 0 0 0 0 0 0 0 0 0 0
##$SHL_LB= (0..15)
0 0 0 0 0 0 0 0 0 0 0 0 0 0 0 0
##$SHL_LEFTLIMIT= (0..15)
0 0 0 0 0 0 0 0 0 0 0 0 0 0 0 0
##$SHL_LENGTH= (0..15)
25000.000373 0 0 0 0 0 0 0 0 0 0 0 0 0 0 0
##$SHL_MAN= (0..15)
<> <> <> <> <> <> <> <> <> <> <> <> <> <> <> <>
##$SHL_MEANAMP= (0..15)
0 0 0 0 0 0 0 0 0 0 0 0 0 0 0 0
##$SHL_MODAMP= (0..15)
0 0 0 0 0 0 0 0 0 0 0 0 0 0 0 0
##$SHL_MODE= (0..15)
0 0 0 0 0 0 0 0 0 0 0 0 0 0 0 0
##$SHL_MODFREQ= (0..15)
0 0 0 0 0 0 0 0 0 0 0 0 0 0 0 0
##$SHL_MODPHASE= (0..15)
0 0 0 0 0 0 0 0 0 0 0 0 0 0 0 0
##$SHL_MODSCALE= (0..15)
0 0 0 0 0 0 0 0 0 0 0 0 0 0 0 0
##$SHL_MODSW= (0..15)
0 0 0 0 0 0 0 0 0 0 0 0 0 0 0 0
##$SHL_MODSWDIR= (0..15)
-1 -1 -1 -1 -1 -1 -1 -1 -1 -1 -1 -1 -1 -1 -1 -1
##$SHL_MU= (0..15)
0 0 0 0 0 0 0 0 0 0 0 0 0 0 0 0
##$SHL_NPOINTS= (0..15)
1250 0 0 0 0 0 0 0 0 0 0 0 0 0 0 0
##$SHL_OFFS= (0..15)
<> <> <> <> <> <> <> <> <> <> <> <> <> <> <> <>
##$SHL_OFFSCOEFF0= (0..95)
0 0 0 0 0 0 0 0 0 0 0 0 0 0 0 0 0 0 0 0 0 0 0 0 0 0 0 0 0 0 0 0 0 0 0 0
0 0 0 0 0 0 0 0 0 0 0 0 0 0 0 0 0 0 0 0 0 0 0 0 0 0 0 0 0 0 0 0 0 0 0 0
0 0 0 0 0 0 0 0 0 0 0 0 0 0 0 0 0 0 0 0 0 0 0 0
##$SHL_OFFSCOEFF1= (0..95)
0 0 0 0 0 0 0 0 0 0 0 0 0 0 0 0 0 0 0 0 0 0 0 0 0 0 0 0 0 0 0 0 0 0 0 0
0 0 0 0 0 0 0 0 0 0 0 0 0 0 0 0 0 0 0 0 0 0 0 0 0 0 0 0 0 0 0 0 0 0 0 0
0 0 0 0 0 0 0 0 0 0 0 0 0 0 0 0 0 0 0 0 0 0 0 0
##$SHL_OFFSCOEFF10= (0..95)
0 0 0 0 0 0 0 0 0 0 0 0 0 0 0 0 0 0 0 0 0 0 0 0 0 0 0 0 0 0 0 0 0 0 0 0
0 0 0 0 0 0 0 0 0 0 0 0 0 0 0 0 0 0 0 0 0 0 0 0 0 0 0 0 0 0 0 0 0 0 0 0
0 0 0 0 0 0 0 0 0 0 0 0 0 0 0 0 0 0 0 0 0 0 0 0
##$SHL_OFFSCOEFF11= (0..95)
0 0 0 0 0 0 0 0 0 0 0 0 0 0 0 0 0 0 0 0 0 0 0 0 0 0 0 0 0 0 0 0 0 0 0 0
0 0 0 0 0 0 0 0 0 0 0 0 0 0 0 0 0 0 0 0 0 0 0 0 0 0 0 0 0 0 0 0 0 0 0 0
0 0 0 0 0 0 0 0 0 0 0 0 0 0 0 0 0 0 0 0 0 0 0 0
##$SHL_OFFSCOEFF12= (0..95)
0 0 0 0 0 0 0 0 0 0 0 0 0 0 0 0 0 0 0 0 0 0 0 0 0 0 0 0 0 0 0 0 0 0 0 0
0 0 0 0 0 0 0 0 0 0 0 0 0 0 0 0 0 0 0 0 0 0 0 0 0 0 0 0 0 0 0 0 0 0 0 0
0 0 0 0 0 0 0 0 0 0 0 0 0 0 0 0 0 0 0 0 0 0 0 0
##$SHL_OFFSCOEFF13= (0..95)
0 0 0 0 0 0 0 0 0 0 0 0 0 0 0 0 0 0 0 0 0 0 0 0 0 0 0 0 0 0 0 0 0 0 0 0
0 0 0 0 0 0 0 0 0 0 0 0 0 0 0 0 0 0 0 0 0 0 0 0 0 0 0 0 0 0 0 0 0 0 0 0
0 0 0 0 0 0 0 0 0 0 0 0 0 0 0 0 0 0 0 0 0 0 0 0
##$SHL_OFFSCOEFF14= (0..95)
0 0 0 0 0 0 0 0 0 0 0 0 0 0 0 0 0 0 0 0 0 0 0 0 0 0 0 0 0 0 0 0 0 0 0 0
0 0 0 0 0 0 0 0 0 0 0 0 0 0 0 0 0 0 0 0 0 0 0 0 0 0 0 0 0 0 0 0 0 0 0 0
0 0 0 0 0 0 0 0 0 0 0 0 0 0 0 0 0 0 0 0 0 0 0 0
##$SHL_OFFSCOEFF15= (0..95)
0 0 0 0 0 0 0 0 0 0 0 0 0 0 0 0 0 0 0 0 0 0 0 0 0 0 0 0 0 0 0 0 0 0 0 0
0 0 0 0 0 0 0 0 0 0 0 0 0 0 0 0 0 0 0 0 0 0 0 0 0 0 0 0 0 0 0 0 0 0 0 0
0 0 0 0 0 0 0 0 0 0 0 0 0 0 0 0 0 0 0 0 0 0 0 0
##$SHL_OFFSCOEFF2= (0..95)
0 0 0 0 0 0 0 0 0 0 0 0 0 0 0 0 0 0 0 0 0 0 0 0 0 0 0 0 0 0 0 0 0 0 0 0
0 0 0 0 0 0 0 0 0 0 0 0 0 0 0 0 0 0 0 0 0 0 0 0 0 0 0 0 0 0 0 0 0 0 0 0
0 0 0 0 0 0 0 0 0 0 0 0 0 0 0 0 0 0 0 0 0 0 0 0
##$SHL_OFFSCOEFF3= (0..95)
0 0 0 0 0 0 0 0 0 0 0 0 0 0 0 0 0 0 0 0 0 0 0 0 0 0 0 0 0 0 0 0 0 0 0 0
0 0 0 0 0 0 0 0 0 0 0 0 0 0 0 0 0 0 0 0 0 0 0 0 0 0 0 0 0 0 0 0 0 0 0 0
0 0 0 0 0 0 0 0 0 0 0 0 0 0 0 0 0 0 0 0 0 0 0 0
##$SHL_OFFSCOEFF4= (0..95)
0 0 0 0 0 0 0 0 0 0 0 0 0 0 0 0 0 0 0 0 0 0 0 0 0 0 0 0 0 0 0 0 0 0 0 0
0 0 0 0 0 0 0 0 0 0 0 0 0 0 0 0 0 0 0 0 0 0 0 0 0 0 0 0 0 0 0 0 0 0 0 0
0 0 0 0 0 0 0 0 0 0 0 0 0 0 0 0 0 0 0 0 0 0 0 0
##$SHL_OFFSCOEFF5= (0..95)
0 0 0 0 0 0 0 0 0 0 0 0 0 0 0 0 0 0 0 0 0 0 0 0 0 0 0 0 0 0 0 0 0 0 0 0
0 0 0 0 0 0 0 0 0 0 0 0 0 0 0 0 0 0 0 0 0 0 0 0 0 0 0 0 0 0 0 0 0 0 0 0
0 0 0 0 0 0 0 0 0 0 0 0 0 0 0 0 0 0 0 0 0 0 0 0
##$SHL_OFFSCOEFF6= (0..95)
0 0 0 0 0 0 0 0 0 0 0 0 0 0 0 0 0 0 0 0 0 0 0 0 0 0 0 0 0 0 0 0 0 0 0 0
0 0 0 0 0 0 0 0 0 0 0 0 0 0 0 0 0 0 0 0 0 0 0 0 0 0 0 0 0 0 0 0 0 0 0 0
0 0 0 0 0 0 0 0 0 0 0 0 0 0 0 0 0 0 0 0 0 0 0 0
##$SHL_OFFSCOEFF7= (0..95)
0 0 0 0 0 0 0 0 0 0 0 0 0 0 0 0 0 0 0 0 0 0 0 0 0 0 0 0 0 0 0 0 0 0 0 0
0 0 0 0 0 0 0 0 0 0 0 0 0 0 0 0 0 0 0 0 0 0 0 0 0 0 0 0 0 0 0 0 0 0 0 0
0 0 0 0 0 0 0 0 0 0 0 0 0 0 0 0 0 0 0 0 0 0 0 0
##$SHL_OFFSCOEFF8= (0..95)
0 0 0 0 0 0 0 0 0 0 0 0 0 0 0 0 0 0 0 0 0 0 0 0 0 0 0 0 0 0 0 0 0 0 0 0
0 0 0 0 0 0 0 0 0 0 0 0 0 0 0 0 0 0 0 0 0 0 0 0 0 0 0 0 0 0 0 0 0 0 0 0
0 0 0 0 0 0 0 0 0 0 0 0 0 0 0 0 0 0 0 0 0 0 0 0
##$SHL_OFFSCOEFF9= (0..95)
0 0 0 0 0 0 0 0 0 0 0 0 0 0 0 0 0 0 0 0 0 0 0 0 0 0 0 0 0 0 0 0 0 0 0 0
0 0 0 0 0 0 0 0 0 0 0 0 0 0 0 0 0 0 0 0 0 0 0 0 0 0 0 0 0 0 0 0 0 0 0 0
0 0 0 0 0 0 0 0 0 0 0 0 0 0 0 0 0 0 0 0 0 0 0 0
##$SHL_PHASE= (0..15)
0 0 0 0 0 0 0 0 0 0 0 0 0 0 0 0
##$SHL_PHASEFAC= (0..15)
0 0 0 0 0 0 0 0 0 0 0 0 0 0 0 0
##$SHL_POWERINDEX= (0..15)
0 0 0 0 0 0 0 0 0 0 0 0 0 0 0 0
##$SHL_QUADCOEFF= (0..15)
0 0 0 0 0 0 0 0 0 0 0 0 0 0 0 0
##$SHL_RIGHTLIMIT= (0..15)
0 0 0 0 0 0 0 0 0 0 0 0 0 0 0 0
##$SHL_SCALEFACTOR= (0..15)
1 1 1 1 1 1 1 1 1 1 1 1 1 1 1 1
##$SHL_SF= (0..15)
<> <> <> <> <> <> <> <> <> <> <> <> <> <> <> <>
##$SHL_SFCOEFFS0= (0..200)
0 0 0 0 0 0 0 0 0 0 0 0 0 0 0 0 0 0 0 0 0 0 0 0 0 0 0 0 0 0 0 0 0 0 0 0
0 0 0 0 0 0 0 0 0 0 0 0 0 0 0 0 0 0 0 0 0 0 0 0 0 0 0 0 0 0 0 0 0 0 0 0
0 0 0 0 0 0 0 0 0 0 0 0 0 0 0 0 0 0 0 0 0 0 0 0 0 0 0 0 0 0 0 0 0 0 0 0
0 0 0 0 0 0 0 0 0 0 0 0 0 0 0 0 0 0 0 0 0 0 0 0 0 0 0 0 0 0 0 0 0 0 0 0
0 0 0 0 0 0 0 0 0 0 0 0 0 0 0 0 0 0 0 0 0 0 0 0 0 0 0 0 0 0 0 0 0 0 0 0
0 0 0 0 0 0 0 0 0 0 0 0 0 0 0 0 0 0 0 0 0
##$SHL_SFCOEFFS1= (0..200)
0 0 0 0 0 0 0 0 0 0 0 0 0 0 0 0 0 0 0 0 0 0 0 0 0 0 0 0 0 0 0 0 0 0 0 0
0 0 0 0 0 0 0 0 0 0 0 0 0 0 0 0 0 0 0 0 0 0 0 0 0 0 0 0 0 0 0 0 0 0 0 0
0 0 0 0 0 0 0 0 0 0 0 0 0 0 0 0 0 0 0 0 0 0 0 0 0 0 0 0 0 0 0 0 0 0 0 0
0 0 0 0 0 0 0 0 0 0 0 0 0 0 0 0 0 0 0 0 0 0 0 0 0 0 0 0 0 0 0 0 0 0 0 0
0 0 0 0 0 0 0 0 0 0 0 0 0 0 0 0 0 0 0 0 0 0 0 0 0 0 0 0 0 0 0 0 0 0 0 0
0 0 0 0 0 0 0 0 0 0 0 0 0 0 0 0 0 0 0 0 0
##$SHL_SFCOEFFS10= (0..200)
0 0 0 0 0 0 0 0 0 0 0 0 0 0 0 0 0 0 0 0 0 0 0 0 0 0 0 0 0 0 0 0 0 0 0 0
0 0 0 0 0 0 0 0 0 0 0 0 0 0 0 0 0 0 0 0 0 0 0 0 0 0 0 0 0 0 0 0 0 0 0 0
0 0 0 0 0 0 0 0 0 0 0 0 0 0 0 0 0 0 0 0 0 0 0 0 0 0 0 0 0 0 0 0 0 0 0 0
0 0 0 0 0 0 0 0 0 0 0 0 0 0 0 0 0 0 0 0 0 0 0 0 0 0 0 0 0 0 0 0 0 0 0 0
0 0 0 0 0 0 0 0 0 0 0 0 0 0 0 0 0 0 0 0 0 0 0 0 0 0 0 0 0 0 0 0 0 0 0 0
0 0 0 0 0 0 0 0 0 0 0 0 0 0 0 0 0 0 0 0 0
##$SHL_SFCOEFFS11= (0..200)
0 0 0 0 0 0 0 0 0 0 0 0 0 0 0 0 0 0 0 0 0 0 0 0 0 0 0 0 0 0 0 0 0 0 0 0
0 0 0 0 0 0 0 0 0 0 0 0 0 0 0 0 0 0 0 0 0 0 0 0 0 0 0 0 0 0 0 0 0 0 0 0
0 0 0 0 0 0 0 0 0 0 0 0 0 0 0 0 0 0 0 0 0 0 0 0 0 0 0 0 0 0 0 0 0 0 0 0
0 0 0 0 0 0 0 0 0 0 0 0 0 0 0 0 0 0 0 0 0 0 0 0 0 0 0 0 0 0 0 0 0 0 0 0
0 0 0 0 0 0 0 0 0 0 0 0 0 0 0 0 0 0 0 0 0 0 0 0 0 0 0 0 0 0 0 0 0 0 0 0
0 0 0 0 0 0 0 0 0 0 0 0 0 0 0 0 0 0 0 0 0
##$SHL_SFCOEFFS12= (0..200)
0 0 0 0 0 0 0 0 0 0 0 0 0 0 0 0 0 0 0 0 0 0 0 0 0 0 0 0 0 0 0 0 0 0 0 0
0 0 0 0 0 0 0 0 0 0 0 0 0 0 0 0 0 0 0 0 0 0 0 0 0 0 0 0 0 0 0 0 0 0 0 0
0 0 0 0 0 0 0 0 0 0 0 0 0 0 0 0 0 0 0 0 0 0 0 0 0 0 0 0 0 0 0 0 0 0 0 0
0 0 0 0 0 0 0 0 0 0 0 0 0 0 0 0 0 0 0 0 0 0 0 0 0 0 0 0 0 0 0 0 0 0 0 0
0 0 0 0 0 0 0 0 0 0 0 0 0 0 0 0 0 0 0 0 0 0 0 0 0 0 0 0 0 0 0 0 0 0 0 0
0 0 0 0 0 0 0 0 0 0 0 0 0 0 0 0 0 0 0 0 0
##$SHL_SFCOEFFS13= (0..200)
0 0 0 0 0 0 0 0 0 0 0 0 0 0 0 0 0 0 0 0 0 0 0 0 0 0 0 0 0 0 0 0 0 0 0 0
0 0 0 0 0 0 0 0 0 0 0 0 0 0 0 0 0 0 0 0 0 0 0 0 0 0 0 0 0 0 0 0 0 0 0 0
0 0 0 0 0 0 0 0 0 0 0 0 0 0 0 0 0 0 0 0 0 0 0 0 0 0 0 0 0 0 0 0 0 0 0 0
0 0 0 0 0 0 0 0 0 0 0 0 0 0 0 0 0 0 0 0 0 0 0 0 0 0 0 0 0 0 0 0 0 0 0 0
0 0 0 0 0 0 0 0 0 0 0 0 0 0 0 0 0 0 0 0 0 0 0 0 0 0 0 0 0 0 0 0 0 0 0 0
0 0 0 0 0 0 0 0 0 0 0 0 0 0 0 0 0 0 0 0 0
##$SHL_SFCOEFFS14= (0..200)
0 0 0 0 0 0 0 0 0 0 0 0 0 0 0 0 0 0 0 0 0 0 0 0 0 0 0 0 0 0 0 0 0 0 0 0
0 0 0 0 0 0 0 0 0 0 0 0 0 0 0 0 0 0 0 0 0 0 0 0 0 0 0 0 0 0 0 0 0 0 0 0
0 0 0 0 0 0 0 0 0 0 0 0 0 0 0 0 0 0 0 0 0 0 0 0 0 0 0 0 0 0 0 0 0 0 0 0
0 0 0 0 0 0 0 0 0 0 0 0 0 0 0 0 0 0 0 0 0 0 0 0 0 0 0 0 0 0 0 0 0 0 0 0
0 0 0 0 0 0 0 0 0 0 0 0 0 0 0 0 0 0 0 0 0 0 0 0 0 0 0 0 0 0 0 0 0 0 0 0
0 0 0 0 0 0 0 0 0 0 0 0 0 0 0 0 0 0 0 0 0
##$SHL_SFCOEFFS15= (0..200)
0 0 0 0 0 0 0 0 0 0 0 0 0 0 0 0 0 0 0 0 0 0 0 0 0 0 0 0 0 0 0 0 0 0 0 0
0 0 0 0 0 0 0 0 0 0 0 0 0 0 0 0 0 0 0 0 0 0 0 0 0 0 0 0 0 0 0 0 0 0 0 0
0 0 0 0 0 0 0 0 0 0 0 0 0 0 0 0 0 0 0 0 0 0 0 0 0 0 0 0 0 0 0 0 0 0 0 0
0 0 0 0 0 0 0 0 0 0 0 0 0 0 0 0 0 0 0 0 0 0 0 0 0 0 0 0 0 0 0 0 0 0 0 0
0 0 0 0 0 0 0 0 0 0 0 0 0 0 0 0 0 0 0 0 0 0 0 0 0 0 0 0 0 0 0 0 0 0 0 0
0 0 0 0 0 0 0 0 0 0 0 0 0 0 0 0 0 0 0 0 0
##$SHL_SFCOEFFS2= (0..200)
0 0 0 0 0 0 0 0 0 0 0 0 0 0 0 0 0 0 0 0 0 0 0 0 0 0 0 0 0 0 0 0 0 0 0 0
0 0 0 0 0 0 0 0 0 0 0 0 0 0 0 0 0 0 0 0 0 0 0 0 0 0 0 0 0 0 0 0 0 0 0 0
0 0 0 0 0 0 0 0 0 0 0 0 0 0 0 0 0 0 0 0 0 0 0 0 0 0 0 0 0 0 0 0 0 0 0 0
0 0 0 0 0 0 0 0 0 0 0 0 0 0 0 0 0 0 0 0 0 0 0 0 0 0 0 0 0 0 0 0 0 0 0 0
0 0 0 0 0 0 0 0 0 0 0 0 0 0 0 0 0 0 0 0 0 0 0 0 0 0 0 0 0 0 0 0 0 0 0 0
0 0 0 0 0 0 0 0 0 0 0 0 0 0 0 0 0 0 0 0 0
##$SHL_SFCOEFFS3= (0..200)
0 0 0 0 0 0 0 0 0 0 0 0 0 0 0 0 0 0 0 0 0 0 0 0 0 0 0 0 0 0 0 0 0 0 0 0
0 0 0 0 0 0 0 0 0 0 0 0 0 0 0 0 0 0 0 0 0 0 0 0 0 0 0 0 0 0 0 0 0 0 0 0
0 0 0 0 0 0 0 0 0 0 0 0 0 0 0 0 0 0 0 0 0 0 0 0 0 0 0 0 0 0 0 0 0 0 0 0
0 0 0 0 0 0 0 0 0 0 0 0 0 0 0 0 0 0 0 0 0 0 0 0 0 0 0 0 0 0 0 0 0 0 0 0
0 0 0 0 0 0 0 0 0 0 0 0 0 0 0 0 0 0 0 0 0 0 0 0 0 0 0 0 0 0 0 0 0 0 0 0
0 0 0 0 0 0 0 0 0 0 0 0 0 0 0 0 0 0 0 0 0
##$SHL_SFCOEFFS4= (0..200)
0 0 0 0 0 0 0 0 0 0 0 0 0 0 0 0 0 0 0 0 0 0 0 0 0 0 0 0 0 0 0 0 0 0 0 0
0 0 0 0 0 0 0 0 0 0 0 0 0 0 0 0 0 0 0 0 0 0 0 0 0 0 0 0 0 0 0 0 0 0 0 0
0 0 0 0 0 0 0 0 0 0 0 0 0 0 0 0 0 0 0 0 0 0 0 0 0 0 0 0 0 0 0 0 0 0 0 0
0 0 0 0 0 0 0 0 0 0 0 0 0 0 0 0 0 0 0 0 0 0 0 0 0 0 0 0 0 0 0 0 0 0 0 0
0 0 0 0 0 0 0 0 0 0 0 0 0 0 0 0 0 0 0 0 0 0 0 0 0 0 0 0 0 0 0 0 0 0 0 0
0 0 0 0 0 0 0 0 0 0 0 0 0 0 0 0 0 0 0 0 0
##$SHL_SFCOEFFS5= (0..200)
0 0 0 0 0 0 0 0 0 0 0 0 0 0 0 0 0 0 0 0 0 0 0 0 0 0 0 0 0 0 0 0 0 0 0 0
0 0 0 0 0 0 0 0 0 0 0 0 0 0 0 0 0 0 0 0 0 0 0 0 0 0 0 0 0 0 0 0 0 0 0 0
0 0 0 0 0 0 0 0 0 0 0 0 0 0 0 0 0 0 0 0 0 0 0 0 0 0 0 0 0 0 0 0 0 0 0 0
0 0 0 0 0 0 0 0 0 0 0 0 0 0 0 0 0 0 0 0 0 0 0 0 0 0 0 0 0 0 0 0 0 0 0 0
0 0 0 0 0 0 0 0 0 0 0 0 0 0 0 0 0 0 0 0 0 0 0 0 0 0 0 0 0 0 0 0 0 0 0 0
0 0 0 0 0 0 0 0 0 0 0 0 0 0 0 0 0 0 0 0 0
##$SHL_SFCOEFFS6= (0..200)
0 0 0 0 0 0 0 0 0 0 0 0 0 0 0 0 0 0 0 0 0 0 0 0 0 0 0 0 0 0 0 0 0 0 0 0
0 0 0 0 0 0 0 0 0 0 0 0 0 0 0 0 0 0 0 0 0 0 0 0 0 0 0 0 0 0 0 0 0 0 0 0
0 0 0 0 0 0 0 0 0 0 0 0 0 0 0 0 0 0 0 0 0 0 0 0 0 0 0 0 0 0 0 0 0 0 0 0
0 0 0 0 0 0 0 0 0 0 0 0 0 0 0 0 0 0 0 0 0 0 0 0 0 0 0 0 0 0 0 0 0 0 0 0
0 0 0 0 0 0 0 0 0 0 0 0 0 0 0 0 0 0 0 0 0 0 0 0 0 0 0 0 0 0 0 0 0 0 0 0
0 0 0 0 0 0 0 0 0 0 0 0 0 0 0 0 0 0 0 0 0
##$SHL_SFCOEFFS7= (0..200)
0 0 0 0 0 0 0 0 0 0 0 0 0 0 0 0 0 0 0 0 0 0 0 0 0 0 0 0 0 0 0 0 0 0 0 0
0 0 0 0 0 0 0 0 0 0 0 0 0 0 0 0 0 0 0 0 0 0 0 0 0 0 0 0 0 0 0 0 0 0 0 0
0 0 0 0 0 0 0 0 0 0 0 0 0 0 0 0 0 0 0 0 0 0 0 0 0 0 0 0 0 0 0 0 0 0 0 0
0 0 0 0 0 0 0 0 0 0 0 0 0 0 0 0 0 0 0 0 0 0 0 0 0 0 0 0 0 0 0 0 0 0 0 0
0 0 0 0 0 0 0 0 0 0 0 0 0 0 0 0 0 0 0 0 0 0 0 0 0 0 0 0 0 0 0 0 0 0 0 0
0 0 0 0 0 0 0 0 0 0 0 0 0 0 0 0 0 0 0 0 0
##$SHL_SFCOEFFS8= (0..200)
0 0 0 0 0 0 0 0 0 0 0 0 0 0 0 0 0 0 0 0 0 0 0 0 0 0 0 0 0 0 0 0 0 0 0 0
0 0 0 0 0 0 0 0 0 0 0 0 0 0 0 0 0 0 0 0 0 0 0 0 0 0 0 0 0 0 0 0 0 0 0 0
0 0 0 0 0 0 0 0 0 0 0 0 0 0 0 0 0 0 0 0 0 0 0 0 0 0 0 0 0 0 0 0 0 0 0 0
0 0 0 0 0 0 0 0 0 0 0 0 0 0 0 0 0 0 0 0 0 0 0 0 0 0 0 0 0 0 0 0 0 0 0 0
0 0 0 0 0 0 0 0 0 0 0 0 0 0 0 0 0 0 0 0 0 0 0 0 0 0 0 0 0 0 0 0 0 0 0 0
0 0 0 0 0 0 0 0 0 0 0 0 0 0 0 0 0 0 0 0 0
##$SHL_SFCOEFFS9= (0..200)
0 0 0 0 0 0 0 0 0 0 0 0 0 0 0 0 0 0 0 0 0 0 0 0 0 0 0 0 0 0 0 0 0 0 0 0
0 0 0 0 0 0 0 0 0 0 0 0 0 0 0 0 0 0 0 0 0 0 0 0 0 0 0 0 0 0 0 0 0 0 0 0
0 0 0 0 0 0 0 0 0 0 0 0 0 0 0 0 0 0 0 0 0 0 0 0 0 0 0 0 0 0 0 0 0 0 0 0
0 0 0 0 0 0 0 0 0 0 0 0 0 0 0 0 0 0 0 0 0 0 0 0 0 0 0 0 0 0 0 0 0 0 0 0
0 0 0 0 0 0 0 0 0 0 0 0 0 0 0 0 0 0 0 0 0 0 0 0 0 0 0 0 0 0 0 0 0 0 0 0
0 0 0 0 0 0 0 0 0 0 0 0 0 0 0 0 0 0 0 0 0
##$SHL_SMOOTHED= (0..15)
0 0 0 0 0 0 0 0 0 0 0 0 0 0 0 0
##$SHL_SMOOTHING= (0..15)
0 0 0 0 0 0 0 0 0 0 0 0 0 0 0 0
##$SHL_SPOAL= (0..15)
0 0 0 0 0 0 0 0 0 0 0 0 0 0 0 0
##$SHL_SPOFFS= (0..15)
0 0 0 0 0 0 0 0 0 0 0 0 0 0 0 0
##$SHL_SPOPH= (0..15)
0 0 0 0 0 0 0 0 0 0 0 0 0 0 0 0
##$SHL_STARTAMP= (0..15)
0 0 0 0 0 0 0 0 0 0 0 0 0 0 0 0
##$SHL_SW= (0..15)
0 0 0 0 0 0 0 0 0 0 0 0 0 0 0 0
##$SHL_SWDIR= (0..15)
-1 -1 -1 -1 -1 -1 -1 -1 -1 -1 -1 -1 -1 -1 -1 -1
##$SHL_TANKAPPA= (0..15)
0 0 0 0 0 0 0 0 0 0 0 0 0 0 0 0
##$SHL_TOTROT= (0..15)
90 0 0 0 0 0 0 0 0 0 0 0 0 0 0 0
##$SHL_TRUNCLEV= (0..15)
0 0 0 0 0 0 0 0 0 0 0 0 0 0 0 0
##$SHL_TYPE= (0..15)
<Excitation> <> <> <> <> <> <> <> <> <> <> <> <> <> <> <>
##$SHL_WINDOWSIZE= (0..15)
0 0 0 0 0 0 0 0 0 0 0 0 0 0 0 0
##$SHL_ZETA= (0..15)
0 0 0 0 0 0 0 0 0 0 0 0 0 0 0 0
##NPOINTS= 1250
##XYPOINTS= (XY..XY)
40.574753, 173.762223
42.116967, 174.348673
43.647097, 174.935122
45.164706, 175.521572
46.669357, 176.108021
48.160620, 176.694471
49.638066, 177.280921
51.101271, 177.867370
52.549816, 178.453820
53.983284, 179.040270
55.401266, 179.626719
56.803354, 180.213169
58.189145, 180.799618
59.558242, 181.386068
60.910253, 181.972518
62.244790, 182.558967
63.561469, 183.145417
64.859913, 183.731866
66.139750, 184.318316
67.400611, 184.904766
68.642137, 185.491215
69.863969, 186.077665
71.065759, 186.664114
72.247160, 187.250564
73.407834, 187.837014
74.547449, 188.423463
75.665677, 189.009913
76.762197, 189.596362
77.836695, 190.182812
78.888863, 190.769262
79.918398, 191.355711
80.925005, 191.942161
81.908396, 192.528610
82.868288, 193.115060
83.804407, 193.701510
84.716483, 194.287959
85.604254, 194.874409
86.467467, 195.460858
87.305873, 196.047308
88.119232, 196.633758
88.907311, 197.220207
89.669883, 197.806657
90.406730, 198.393106
91.117640, 198.979556
91.802410, 199.566006
92.460842, 200.152455
93.092749, 200.738905
93.697948, 201.325354
94.276267, 201.911804
94.827538, 202.498254
95.351605, 203.084703
95.848316, 203.671153
96.317529, 204.257602
96.759110, 204.844052
97.172932, 205.430502
97.558876, 206.016951
97.916832, 206.603401
98.246696, 207.189850
98.548375, 207.776300
98.821781, 208.362750
99.066836, 208.949199
99.283470, 209.535649
99.471621, 210.122098
99.631234, 210.708548
99.762264, 211.294998
99.864674, 211.881447
99.938434, 212.467897
99.983522, 213.054346
99.999926, 213.640796
99.987641, 214.227246
99.946671, 214.813695
99.877028, 215.400145
99.778731, 215.986594
99.651808, 216.573044
99.496296, 217.159494
99.312240, 217.745943
99.099693, 218.332393
98.858715, 218.918842
98.589375, 219.505292
98.291752, 220.091742
97.965929, 220.678191
97.612001, 221.264641
97.230069, 221.851091
96.820243, 222.437540
96.382641, 223.023990
95.917387, 223.610439
95.424616, 224.196889
94.904468, 224.783339
94.357094, 225.369788
93.782649, 225.956238
93.181300, 226.542687
92.553217, 227.129137
91.898582, 227.715587
91.217583, 228.302036
90.510414, 228.888486
89.777279, 229.474935
89.018387, 230.061385
88.233957, 230.647835
87.424214, 231.234284
86.589390, 231.820734
85.729724, 232.407183
84.845464, 232.993633
83.936862, 233.580083
83.004180, 234.166532
82.047685, 234.752982
81.067651, 235.339431
80.064359, 235.925881
79.038099, 236.512331
77.989163, 237.098780
76.917852, 237.685230
75.824475, 238.271679
74.709345, 238.858129
73.572782, 239.444579
72.415111, 240.031028
71.236665, 240.617478
70.037782, 241.203927
68.818806, 241.790377
67.580087, 242.376827
66.321980, 242.963276
65.044846, 243.549726
63.749051, 244.136175
62.434967, 244.722625
61.102971, 245.309075
59.753446, 245.895524
58.386778, 246.481974
57.003359, 247.068423
55.603587, 247.654873
54.187863, 248.241323
52.756593, 248.827772
51.310188, 249.414222
49.849062, 250.000671
48.373635, 250.587121
46.884331, 251.173571
45.381575, 251.760020
43.865801, 252.346470
42.337441, 252.932919
40.796936, 253.519369
39.244726, 254.105819
37.681258, 254.692268
36.106979, 255.278718
34.522341, 255.865167
32.927800, 256.451617
31.323811, 257.038067
29.710837, 257.624516
28.089338, 258.210966
26.459781, 258.797415
24.822633, 259.383865
23.178364, 259.970315
21.527445, 260.556764
19.870350, 261.143214
18.207555, 261.729663
16.539536, 262.316113
14.866772, 262.902563
13.189743, 263.489012
11.508930, 264.075462
9.824815, 264.661912
8.137881, 265.248361
6.448613, 265.834811
4.757495, 266.421260
3.065012, 267.007710
1.371650, 267.594160
0.322106, 88.180609
2.015770, 88.767059
3.708855, 89.353508
5.400876, 89.939958
7.091348, 90.526408
8.779785, 91.112857
10.465704, 91.699307
12.148620, 92.285756
13.828050, 92.872206
15.503514, 93.458656
17.174530, 94.045105
18.840618, 94.631555
20.501302, 95.218004
22.156103, 95.804454
23.804549, 96.390904
25.446165, 96.977353
27.080481, 97.563803
28.707028, 98.150252
30.325339, 98.736702
31.934950, 99.323152
33.535400, 99.909601
35.126228, 100.496051
36.706980, 101.082500
38.277200, 101.668950
39.836439, 102.255400
41.384249, 102.841849
42.920187, 103.428299
44.443812, 104.014748
45.954686, 104.601198
47.452376, 105.187648
48.936452, 105.774097
50.406489, 106.360547
51.862066, 106.946996
53.302763, 107.533446
54.728169, 108.119896
56.137873, 108.706345
57.531473, 109.292795
58.908567, 109.879244
60.268761, 110.465694
61.611664, 111.052144
62.936892, 111.638593
64.244064, 112.225043
65.532805, 112.811492
66.802746, 113.397942
68.053521, 113.984392
69.284773, 114.570841
70.496148, 115.157291
71.687298, 115.743740
72.857881, 116.330190
74.007563, 116.916640
75.136013, 117.503089
76.242907, 118.089539
77.327928, 118.675988
78.390764, 119.262438
79.431111, 119.848888
80.448670, 120.435337
81.443149, 121.021787
82.414263, 121.608236
83.361734, 122.194686
84.285288, 122.781136
85.184663, 123.367585
86.059598, 123.954035
86.909845, 124.540484
87.735157, 125.126934
88.535300, 125.713384
89.310043, 126.299833
90.059163, 126.886283
90.782447, 127.472733
91.479686, 128.059182
92.150681, 128.645632
92.795239, 129.232081
93.413175, 129.818531
94.004311, 130.404981
94.568479, 130.991430
95.105516, 131.577880
95.615269, 132.164329
96.097590, 132.750779
96.552342, 133.337229
96.979395, 133.923678
97.378625, 134.510128
97.749918, 135.096577
98.093168, 135.683027
98.408276, 136.269477
98.695152, 136.855926
98.953714, 137.442376
99.183886, 138.028825
99.385604, 138.615275
99.558809, 139.201725
99.703452, 139.788174
99.819492, 140.374624
99.906894, 140.961073
99.965633, 141.547523
99.995694, 142.133973
99.997068, 142.720422
99.969753, 143.306872
99.913758, 143.893321
99.829099, 144.479771
99.715800, 145.066221
99.573893, 145.652670
99.403420, 146.239120
99.204429, 146.825569
98.976978, 147.412019
98.721131, 147.998469
98.436963, 148.584918
98.124553, 149.171368
97.783993, 149.757817
97.415380, 150.344267
97.018820, 150.930717
96.594426, 151.517166
96.142320, 152.103616
95.662631, 152.690065
95.155499, 153.276515
94.621067, 153.862965
94.059489, 154.449414
93.470927, 155.035864
92.855549, 155.622313
92.213532, 156.208763
91.545060, 156.795213
90.850325, 157.381662
90.129526, 157.968112
89.382869, 158.554561
88.610570, 159.141011
87.812849, 159.727461
86.989936, 160.313910
86.142066, 160.900360
85.269483, 161.486809
84.372437, 162.073259
83.451186, 162.659709
82.505993, 163.246158
81.537131, 163.832608
80.544876, 164.419057
79.529514, 165.005507
78.491336, 165.591957
77.430639, 166.178406
76.347729, 166.764856
75.242915, 167.351305
74.116515, 167.937755
72.968851, 168.524205
71.800254, 169.110654
70.611058, 169.697104
69.401605, 170.283554
68.172241, 170.870003
66.923319, 171.456453
65.655197, 172.042902
64.368240, 172.629352
63.062816, 173.215802
61.739301, 173.802251
60.398073, 174.388701
59.039517, 174.975150
57.664024, 175.561600
56.271987, 176.148050
54.863807, 176.734499
53.439887, 177.320949
52.000635, 177.907398
50.546466, 178.493848
49.077794, 179.080298
47.595044, 179.666747
46.098638, 180.253197
44.589008, 180.839646
43.066585, 181.426096
41.531807, 182.012546
39.985114, 182.598995
38.426950, 183.185445
36.857761, 183.771894
35.277998, 184.358344
33.688115, 184.944794
32.088567, 185.531243
30.479813, 186.117693
28.862314, 186.704142
27.236536, 187.290592
25.602943, 187.877042
23.962005, 188.463491
22.314193, 189.049941
20.659979, 189.636390
18.999838, 190.222840
17.334246, 190.809290
15.663682, 191.395739
13.988623, 191.982189
12.309551, 192.568638
10.626948, 193.155088
8.941296, 193.741538
7.253079, 194.327987
5.562781, 194.914437
3.870887, 195.500886
2.177883, 196.087336
0.484254, 196.673786
1.209514, 17.260235
2.902935, 17.846685
4.595524, 18.433134
6.286794, 19.019584
7.976260, 19.606034
9.663438, 20.192483
11.347843, 20.778933
13.028993, 21.365382
14.706406, 21.951832
16.379599, 22.538282
18.048093, 23.124731
19.711409, 23.711181
21.369070, 24.297630
23.020601, 24.884080
24.665527, 25.470530
26.303377, 26.056979
27.933681, 26.643429
29.555971, 27.229878
31.169782, 27.816328
32.774650, 28.402778
34.370116, 28.989227
35.955721, 29.575677
37.531011, 30.162126
39.095534, 30.748576
40.648841, 31.335026
42.190486, 31.921475
43.720027, 32.507925
45.237026, 33.094375
46.741046, 33.680824
48.231657, 34.267274
49.708430, 34.853723
51.170943, 35.440173
52.618776, 36.026623
54.051513, 36.613072
55.468743, 37.199522
56.870060, 37.785971
58.255061, 38.372421
59.623349, 38.958871
60.974533, 39.545320
62.308223, 40.131770
63.624038, 40.718219
64.921600, 41.304669
66.200537, 41.891119
67.460481, 42.477568
68.701072, 43.064018
69.921953, 43.650467
71.122774, 44.236917
72.303191, 44.823367
73.462865, 45.409816
74.601463, 45.996266
75.718660, 46.582715
76.814133, 47.169165
77.887569, 47.755615
78.938660, 48.342064
79.967104, 48.928514
80.972607, 49.514963
81.954879, 50.101413
82.913640, 50.687863
83.848614, 51.274312
84.759532, 51.860762
85.646134, 52.447211
86.508165, 53.033661
87.345378, 53.620111
88.157532, 54.206560
88.944395, 54.793010
89.705741, 55.379459
90.441351, 55.965909
91.151014, 56.552359
91.834528, 57.138808
92.491695, 57.725258
93.122327, 58.311707
93.726244, 58.898157
94.303271, 59.484607
94.853244, 60.071056
95.376004, 60.657506
95.871403, 61.243955
96.339297, 61.830405
96.779552, 62.416855
97.192042, 63.003304
97.576649, 63.589754
97.933262, 64.176203
98.261779, 64.762653
98.562106, 65.349103
98.834157, 65.935552
99.077853, 66.522002
99.293125, 67.108451
99.479911, 67.694901
99.638158, 68.281351
99.767819, 68.867800
99.868858, 69.454250
99.941245, 70.040699
99.984961, 70.627149
99.999992, 71.213599
99.986334, 71.800048
99.943991, 72.386498
99.872975, 72.972947
99.773307, 73.559397
99.645016, 74.145847
99.488137, 74.732296
99.302716, 75.318746
99.088806, 75.905196
98.846468, 76.491645
98.575773, 77.078095
98.276798, 77.664544
97.949628, 78.250994
97.594357, 78.837444
97.211088, 79.423893
96.799929, 80.010343
96.361000, 80.596792
95.894427, 81.183242
95.400342, 81.769692
94.878887, 82.356141
94.330213, 82.942591
93.754477, 83.529040
93.151844, 84.115490
92.522486, 84.701940
91.866585, 85.288389
91.184329, 85.874839
90.475912, 86.461288
89.741539, 87.047738
88.981420, 87.634188
88.195774, 88.220637
87.384825, 88.807087
86.548806, 89.393536
85.687957, 89.979986
84.802526, 90.566436
83.892766, 91.152885
82.958937, 91.739335
82.001309, 92.325784
81.020155, 92.912234
80.015758, 93.498684
78.988405, 94.085133
77.938391, 94.671583
76.866018, 95.258032
75.771592, 95.844482
74.655429, 96.430932
73.517848, 97.017381
72.359175, 97.603831
71.179743, 98.190280
69.979890, 98.776730
68.759962, 99.363180
67.520306, 99.949629
66.261280, 100.536079
64.983244, 101.122528
63.686565, 101.708978
62.371616, 102.295428
61.038772, 102.881877
59.688417, 103.468327
58.320939, 104.054776
56.936728, 104.641226
55.536183, 105.227676
54.119706, 105.814125
52.687702, 106.400575
51.240582, 106.987024
49.778763, 107.573474
48.302662, 108.159924
46.812704, 108.746373
45.309315, 109.332823
43.792928, 109.919272
42.263978, 110.505722
40.722902, 111.092172
39.170143, 111.678621
37.606147, 112.265071
36.031362, 112.851520
34.446240, 113.437970
32.851236, 114.024420
31.246807, 114.610869
29.633413, 115.197319
28.011519, 115.783768
26.381588, 116.370218
24.744088, 116.956668
23.099490, 117.543117
21.448265, 118.129567
19.790886, 118.716017
18.127830, 119.302466
16.459573, 119.888916
14.786594, 120.475365
13.109372, 121.061815
11.428390, 121.648265
9.744130, 122.234714
8.057073, 122.821164
6.367706, 123.407613
4.676511, 123.994063
2.983975, 124.580513
1.290582, 125.166962
0.403180, 305.753412
2.096827, 306.339861
3.789872, 306.926311
5.481830, 307.512761
7.172216, 308.099210
8.860544, 308.685660
10.546329, 309.272109
12.229089, 309.858559
13.908341, 310.445009
15.583603, 311.031458
17.254394, 311.617908
18.920234, 312.204357
20.580647, 312.790807
22.235156, 313.377257
23.883285, 313.963706
25.524562, 314.550156
27.158517, 315.136605
28.784681, 315.723055
30.402586, 316.309505
32.011769, 316.895954
33.611768, 317.482404
35.202125, 318.068853
36.782382, 318.655303
38.352087, 319.241753
39.910790, 319.828202
41.458042, 320.414652
42.993400, 321.001101
44.516424, 321.587551
46.026677, 322.174001
47.523725, 322.760450
49.007139, 323.346900
50.476494, 323.933349
51.931368, 324.519799
53.371342, 325.106249
54.796006, 325.692698
56.204949, 326.279148
57.597767, 326.865597
58.974061, 327.452047
60.333437, 328.038497
61.675503, 328.624946
62.999875, 329.211396
64.306173, 329.797845
65.594023, 330.384295
66.863054, 330.970745
68.112903, 331.557194
69.343212, 332.143644
70.553626, 332.730093
71.743799, 333.316543
72.913390, 333.902993
74.062063, 334.489442
75.189489, 335.075892
76.295343, 335.662341
77.379309, 336.248791
78.441076, 336.835241
79.480339, 337.421690
80.496799, 338.008140
81.490167, 338.594589
82.460155, 339.181039
83.406487, 339.767489
84.328890, 340.353938
85.227101, 340.940388
86.100860, 341.526838
86.949919, 342.113287
87.774032, 342.699737
88.572964, 343.286186
89.346485, 343.872636
90.094374, 344.459086
90.816416, 345.045535
91.512403, 345.631985
92.182137, 346.218434
92.825425, 346.804884
93.442082, 347.391334
94.031931, 347.977783
94.594804, 348.564233
95.130539, 349.150682
95.638981, 349.737132
96.119986, 350.323582
96.573416, 350.910031
96.999139, 351.496481
97.397035, 352.082930
97.766988, 352.669380
98.108893, 353.255830
98.422652, 353.842279
98.708174, 354.428729
98.965378, 355.015178
99.194190, 355.601628
99.394545, 356.188078
99.566384, 356.774527
99.709659, 357.360977
99.824328, 357.947426
99.910359, 358.533876
99.967726, 359.120326
99.996414, 359.706775
99.996414, 0.293225
99.967726, 0.879674
99.910359, 1.466124
99.824328, 2.052574
99.709659, 2.639023
99.566384, 3.225473
99.394545, 3.811922
99.194190, 4.398372
98.965378, 4.984822
98.708174, 5.571271
98.422652, 6.157721
98.108893, 6.744170
97.766988, 7.330620
97.397035, 7.917070
96.999139, 8.503519
96.573416, 9.089969
96.119986, 9.676418
95.638981, 10.262868
95.130539, 10.849318
94.594804, 11.435767
94.031931, 12.022217
93.442082, 12.608666
92.825425, 13.195116
92.182137, 13.781566
91.512403, 14.368015
90.816416, 14.954465
90.094374, 15.540914
89.346485, 16.127364
88.572964, 16.713814
87.774032, 17.300263
86.949919, 17.886713
86.100860, 18.473162
85.227101, 19.059612
84.328890, 19.646062
83.406487, 20.232511
82.460155, 20.818961
81.490167, 21.405411
80.496799, 21.991860
79.480339, 22.578310
78.441076, 23.164759
77.379309, 23.751209
76.295343, 24.337659
75.189489, 24.924108
74.062063, 25.510558
72.913390, 26.097007
71.743799, 26.683457
70.553626, 27.269907
69.343212, 27.856356
68.112903, 28.442806
66.863054, 29.029255
65.594023, 29.615705
64.306173, 30.202155
62.999875, 30.788604
61.675503, 31.375054
60.333437, 31.961503
58.974061, 32.547953
57.597767, 33.134403
56.204949, 33.720852
54.796006, 34.307302
53.371342, 34.893751
51.931368, 35.480201
50.476494, 36.066651
49.007139, 36.653100
47.523725, 37.239550
46.026677, 37.825999
44.516424, 38.412449
42.993400, 38.998899
41.458042, 39.585348
39.910790, 40.171798
38.352087, 40.758247
36.782382, 41.344697
35.202125, 41.931147
33.611768, 42.517596
32.011769, 43.104046
30.402586, 43.690495
28.784681, 44.276945
27.158517, 44.863395
25.524562, 45.449844
23.883285, 46.036294
22.235156, 46.622743
20.580647, 47.209193
18.920234, 47.795643
17.254394, 48.382092
15.583603, 48.968542
13.908341, 49.554991
12.229089, 50.141441
10.546329, 50.727891
8.860544, 51.314340
7.172216, 51.900790
5.481830, 52.487239
3.789872, 53.073689
2.096827, 53.660139
0.403180, 54.246588
1.290582, 234.833038
2.983975, 235.419487
4.676511, 236.005937
6.367706, 236.592387
8.057073, 237.178836
9.744130, 237.765286
11.428390, 238.351735
13.109372, 238.938185
14.786594, 239.524635
16.459573, 240.111084
18.127830, 240.697534
19.790886, 241.283983
21.448265, 241.870433
23.099490, 242.456883
24.744088, 243.043332
26.381588, 243.629782
28.011519, 244.216232
29.633413, 244.802681
31.246807, 245.389131
32.851236, 245.975580
34.446240, 246.562030
36.031362, 247.148480
37.606147, 247.734929
39.170143, 248.321379
40.722902, 248.907828
42.263978, 249.494278
43.792928, 250.080728
45.309315, 250.667177
46.812704, 251.253627
48.302662, 251.840076
49.778763, 252.426526
51.240582, 253.012976
52.687702, 253.599425
54.119706, 254.185875
55.536183, 254.772324
56.936728, 255.358774
58.320939, 255.945224
59.688417, 256.531673
61.038772, 257.118123
62.371616, 257.704572
63.686565, 258.291022
64.983244, 258.877472
66.261280, 259.463921
67.520306, 260.050371
68.759962, 260.636820
69.979890, 261.223270
71.179743, 261.809720
72.359175, 262.396169
73.517848, 262.982619
74.655429, 263.569068
75.771592, 264.155518
76.866018, 264.741968
77.938391, 265.328417
78.988405, 265.914867
80.015758, 266.501316
81.020155, 267.087766
82.001309, 267.674216
82.958937, 268.260665
83.892766, 268.847115
84.802526, 269.433564
85.687957, 270.020014
86.548806, 270.606464
87.384825, 271.192913
88.195774, 271.779363
88.981420, 272.365812
89.741539, 272.952262
90.475912, 273.538712
91.184329, 274.125161
91.866585, 274.711611
92.522486, 275.298060
93.151844, 275.884510
93.754477, 276.470960
94.330213, 277.057409
94.878887, 277.643859
95.400342, 278.230308
95.894427, 278.816758
96.361000, 279.403208
96.799929, 279.989657
97.211088, 280.576107
97.594357, 281.162556
97.949628, 281.749006
98.276798, 282.335456
98.575773, 282.921905
98.846468, 283.508355
99.088806, 284.094804
99.302716, 284.681254
99.488137, 285.267704
99.645016, 285.854153
99.773307, 286.440603
99.872975, 287.027053
99.943991, 287.613502
99.986334, 288.199952
99.999992, 288.786401
99.984961, 289.372851
99.941245, 289.959301
99.868858, 290.545750
99.767819, 291.132200
99.638158, 291.718649
99.479911, 292.305099
99.293125, 292.891549
99.077853, 293.477998
98.834157, 294.064448
98.562106, 294.650897
98.261779, 295.237347
97.933262, 295.823797
97.576649, 296.410246
97.192042, 296.996696
96.779552, 297.583145
96.339297, 298.169595
95.871403, 298.756045
95.376004, 299.342494
94.853244, 299.928944
94.303271, 300.515393
93.726244, 301.101843
93.122327, 301.688293
92.491695, 302.274742
91.834528, 302.861192
91.151014, 303.447641
90.441351, 304.034091
89.705741, 304.620541
88.944395, 305.206990
88.157532, 305.793440
87.345378, 306.379889
86.508165, 306.966339
85.646134, 307.552789
84.759532, 308.139238
83.848614, 308.725688
82.913640, 309.312137
81.954879, 309.898587
80.972607, 310.485037
79.967104, 311.071486
78.938660, 311.657936
77.887569, 312.244385
76.814133, 312.830835
75.718660, 313.417285
74.601463, 314.003734
73.462865, 314.590184
72.303191, 315.176633
71.122774, 315.763083
69.921953, 316.349533
68.701072, 316.935982
67.460481, 317.522432
66.200537, 318.108881
64.921600, 318.695331
63.624038, 319.281781
62.308223, 319.868230
60.974533, 320.454680
59.623349, 321.041129
58.255061, 321.627579
56.870060, 322.214029
55.468743, 322.800478
54.051513, 323.386928
52.618776, 323.973377
51.170943, 324.559827
49.708430, 325.146277
48.231657, 325.732726
46.741046, 326.319176
45.237026, 326.905625
43.720027, 327.492075
42.190486, 328.078525
40.648841, 328.664974
39.095534, 329.251424
37.531011, 329.837874
35.955721, 330.424323
34.370116, 331.010773
32.774650, 331.597222
31.169782, 332.183672
29.555971, 332.770122
27.933681, 333.356571
26.303377, 333.943021
24.665527, 334.529470
23.020601, 335.115920
21.369070, 335.702370
19.711409, 336.288819
18.048093, 336.875269
16.379599, 337.461718
14.706406, 338.048168
13.028993, 338.634618
11.347843, 339.221067
9.663438, 339.807517
7.976260, 340.393966
6.286794, 340.980416
4.595524, 341.566866
2.902935, 342.153315
1.209514, 342.739765
0.484254, 163.326214
2.177883, 163.912664
3.870887, 164.499114
5.562781, 165.085563
7.253079, 165.672013
8.941296, 166.258462
10.626948, 166.844912
12.309551, 167.431362
13.988623, 168.017811
15.663682, 168.604261
17.334246, 169.190710
18.999838, 169.777160
20.659979, 170.363610
22.314193, 170.950059
23.962005, 171.536509
25.602943, 172.122958
27.236536, 172.709408
28.862314, 173.295858
30.479813, 173.882307
32.088567, 174.468757
33.688115, 175.055206
35.277998, 175.641656
36.857761, 176.228106
38.426950, 176.814555
39.985114, 177.401005
41.531807, 177.987454
43.066585, 178.573904
44.589008, 179.160354
46.098638, 179.746803
47.595044, 180.333253
49.077794, 180.919702
50.546466, 181.506152
52.000635, 182.092602
53.439887, 182.679051
54.863807, 183.265501
56.271987, 183.851950
57.664024, 184.438400
59.039517, 185.024850
60.398073, 185.611299
61.739301, 186.197749
63.062816, 186.784198
64.368240, 187.370648
65.655197, 187.957098
66.923319, 188.543547
68.172241, 189.129997
69.401605, 189.716446
70.611058, 190.302896
71.800254, 190.889346
72.968851, 191.475795
74.116515, 192.062245
75.242915, 192.648695
76.347729, 193.235144
77.430639, 193.821594
78.491336, 194.408043
79.529514, 194.994493
80.544876, 195.580943
81.537131, 196.167392
82.505993, 196.753842
83.451186, 197.340291
84.372437, 197.926741
85.269483, 198.513191
86.142066, 199.099640
86.989936, 199.686090
87.812849, 200.272539
88.610570, 200.858989
89.382869, 201.445439
90.129526, 202.031888
90.850325, 202.618338
91.545060, 203.204787
92.213532, 203.791237
92.855549, 204.377687
93.470927, 204.964136
94.059489, 205.550586
94.621067, 206.137035
95.155499, 206.723485
95.662631, 207.309935
96.142320, 207.896384
96.594426, 208.482834
97.018820, 209.069283
97.415380, 209.655733
97.783993, 210.242183
98.124553, 210.828632
98.436963, 211.415082
98.721131, 212.001531
98.976978, 212.587981
99.204429, 213.174431
99.403420, 213.760880
99.573893, 214.347330
99.715800, 214.933779
99.829099, 215.520229
99.913758, 216.106679
99.969753, 216.693128
99.997068, 217.279578
99.995694, 217.866027
99.965633, 218.452477
99.906894, 219.038927
99.819492, 219.625376
99.703452, 220.211826
99.558809, 220.798275
99.385604, 221.384725
99.183886, 221.971175
98.953714, 222.557624
98.695152, 223.144074
98.408276, 223.730523
98.093168, 224.316973
97.749918, 224.903423
97.378625, 225.489872
96.979395, 226.076322
96.552342, 226.662771
96.097590, 227.249221
95.615269, 227.835671
95.105516, 228.422120
94.568479, 229.008570
94.004311, 229.595019
93.413175, 230.181469
92.795239, 230.767919
92.150681, 231.354368
91.479686, 231.940818
90.782447, 232.527267
90.059163, 233.113717
89.310043, 233.700167
88.535300, 234.286616
87.735157, 234.873066
86.909845, 235.459516
86.059598, 236.045965
85.184663, 236.632415
84.285288, 237.218864
83.361734, 237.805314
82.414263, 238.391764
81.443149, 238.978213
80.448670, 239.564663
79.431111, 240.151112
78.390764, 240.737562
77.327928, 241.324012
76.242907, 241.910461
75.136013, 242.496911
74.007563, 243.083360
72.857881, 243.669810
71.687298, 244.256260
70.496148, 244.842709
69.284773, 245.429159
68.053521, 246.015608
66.802746, 246.602058
65.532805, 247.188508
64.244064, 247.774957
62.936892, 248.361407
61.611664, 248.947856
60.268761, 249.534306
58.908567, 250.120756
57.531473, 250.707205
56.137873, 251.293655
54.728169, 251.880104
53.302763, 252.466554
51.862066, 253.053004
50.406489, 253.639453
48.936452, 254.225903
47.452376, 254.812352
45.954686, 255.398802
44.443812, 255.985252
42.920187, 256.571701
41.384249, 257.158151
39.836439, 257.744600
38.277200, 258.331050
36.706980, 258.917500
35.126228, 259.503949
33.535400, 260.090399
31.934950, 260.676848
30.325339, 261.263298
28.707028, 261.849748
27.080481, 262.436197
25.446165, 263.022647
23.804549, 263.609096
22.156103, 264.195546
20.501302, 264.781996
18.840618, 265.368445
17.174530, 265.954895
15.503514, 266.541344
13.828050, 267.127794
12.148620, 267.714244
10.465704, 268.300693
8.779785, 268.887143
7.091348, 269.473592
5.400876, 270.060042
3.708855, 270.646492
2.015770, 271.232941
0.322106, 271.819391
1.371650, 92.405840
3.065012, 92.992290
4.757495, 93.578740
6.448613, 94.165189
8.137881, 94.751639
9.824815, 95.338088
11.508930, 95.924538
13.189743, 96.510988
14.866772, 97.097437
16.539536, 97.683887
18.207555, 98.270337
19.870350, 98.856786
21.527445, 99.443236
23.178364, 100.029685
24.822633, 100.616135
26.459781, 101.202585
28.089338, 101.789034
29.710837, 102.375484
31.323811, 102.961933
32.927800, 103.548383
34.522341, 104.134833
36.106979, 104.721282
37.681258, 105.307732
39.244726, 105.894181
40.796936, 106.480631
42.337441, 107.067081
43.865801, 107.653530
45.381575, 108.239980
46.884331, 108.826429
48.373635, 109.412879
49.849062, 109.999329
51.310188, 110.585778
52.756593, 111.172228
54.187863, 111.758677
55.603587, 112.345127
57.003359, 112.931577
58.386778, 113.518026
59.753446, 114.104476
61.102971, 114.690925
62.434967, 115.277375
63.749051, 115.863825
65.044846, 116.450274
66.321980, 117.036724
67.580087, 117.623173
68.818806, 118.209623
70.037782, 118.796073
71.236665, 119.382522
72.415111, 119.968972
73.572782, 120.555421
74.709345, 121.141871
75.824475, 121.728321
76.917852, 122.314770
77.989163, 122.901220
79.038099, 123.487669
80.064359, 124.074119
81.067651, 124.660569
82.047685, 125.247018
83.004180, 125.833468
83.936862, 126.419917
84.845464, 127.006367
85.729724, 127.592817
86.589390, 128.179266
87.424214, 128.765716
88.233957, 129.352165
89.018387, 129.938615
89.777279, 130.525065
90.510414, 131.111514
91.217583, 131.697964
91.898582, 132.284413
92.553217, 132.870863
93.181300, 133.457313
93.782649, 134.043762
94.357094, 134.630212
94.904468, 135.216661
95.424616, 135.803111
95.917387, 136.389561
96.382641, 136.976010
96.820243, 137.562460
97.230069, 138.148909
97.612001, 138.735359
97.965929, 139.321809
98.291752, 139.908258
98.589375, 140.494708
98.858715, 141.081158
99.099693, 141.667607
99.312240, 142.254057
99.496296, 142.840506
99.651808, 143.426956
99.778731, 144.013406
99.877028, 144.599855
99.946671, 145.186305
99.987641, 145.772754
99.999926, 146.359204
99.983522, 146.945654
99.938434, 147.532103
99.864674, 148.118553
99.762264, 148.705002
99.631234, 149.291452
99.471621, 149.877902
99.283470, 150.464351
99.066836, 151.050801
98.821781, 151.637250
98.548375, 152.223700
98.246696, 152.810150
97.916832, 153.396599
97.558876, 153.983049
97.172932, 154.569498
96.759110, 155.155948
96.317529, 155.742398
95.848316, 156.328847
95.351605, 156.915297
94.827538, 157.501746
94.276267, 158.088196
93.697948, 158.674646
93.092749, 159.261095
92.460842, 159.847545
91.802410, 160.433994
91.117640, 161.020444
90.406730, 161.606894
89.669883, 162.193343
88.907311, 162.779793
88.119232, 163.366242
87.305873, 163.952692
86.467467, 164.539142
85.604254, 165.125591
84.716483, 165.712041
83.804407, 166.298490
82.868288, 166.884940
81.908396, 167.471390
80.925005, 168.057839
79.918398, 168.644289
78.888863, 169.230738
77.836695, 169.817188
76.762197, 170.403638
75.665677, 170.990087
74.547449, 171.576537
73.407834, 172.162986
72.247160, 172.749436
71.065759, 173.335886
69.863969, 173.922335
68.642137, 174.508785
67.400611, 175.095234
66.139750, 175.681684
64.859913, 176.268134
63.561469, 176.854583
62.244790, 177.441033
60.910253, 178.027482
59.558242, 178.613932
58.189145, 179.200382
56.803354, 179.786831
55.401266, 180.373281
53.983284, 180.959730
52.549816, 181.546180
51.101271, 182.132630
49.638066, 182.719079
48.160620, 183.305529
46.669357, 183.891979
45.164706, 184.478428
43.647097, 185.064878
42.116967, 185.651327
40.574753, 186.237777
##END=
