##TITLE= Parameter file, TopSpin 4.3.0
##JCAMPDX= 5.0
##DATATYPE= Parameter Values
##ORIGIN= Bruker BioSpin GmbH
##OWNER= nmrsu
$$ 2024-02-05 18:16:01.001 +0000  nmrsu@4CE1161FJM
$$ C:/Bruker/TopSpin4.3.0/exp/stan/nmr/lists/wave/user/multisupp_aux_d8
$$ process C:\Bruker\TopSpin4.3.0\prog\mod\xwinshape.exe
##MINX= 100.00000000
##MAXX= 100.00000000
##MINY= 0.19639900
##MAXY= 359.80360100
##$SHAPE_ADDPHASE= 0
##$SHAPE_AMP= 100
##$SHAPE_BWFAC= 0
##$SHAPE_BWFAC50= 0
##$SHAPE_CALCBW= yes
##$SHAPE_CALCINTEG= yes
##$SHAPE_EXMODE= <Excitation>
##$SHAPE_EXPAND= <>
##$SHAPE_EXPANDCF= (0..143)
0 0 0 0 0 0 0 0 0 0 0 0 0 0 0 0 0 0 0 0 0 0 0 0 0 0 0 0 0 0 0 0 0 0 0 0
0 0 0 0 0 0 0 0 0 0 0 0 0 0 0 0 0 0 0 0 0 0 0 0 0 0 0 0 0 0 0 0 0 0 0 0
0 0 0 0 0 0 0 0 0 0 0 0 0 0 0 0 0 0 0 0 0 0 0 0 0 0 0 0 0 0 0 0 0 0 0 0
0 0 0 0 0 0 0 0 0 0 0 0 0 0 0 0 0 0 0 0 0 0 0 0 0 0 0 0 0 0 0 0 0 0 0 0
##$SHAPE_EXPFAC= 0
##$SHAPE_FRACEND= 0
##$SHAPE_FRACORG= 0
##$SHAPE_FRACSTART= 0
##$SHAPE_INTEGFAC= 0
##$SHAPE_KEEPRES= yes
##$SHAPE_LENGTH= 25000.000373
##$SHAPE_MAN= <M>
##$SHAPE_MODE= 1
##$SHAPE_MODFREQ= 0
##$SHAPE_MODPHASE= 0
##$SHAPE_MODSCALE= 0
##$SHAPE_MODSW= 0
##$SHAPE_MODSWDIR= -1
##$SHAPE_NPOINTS= 1250
##$SHAPE_OFFS= <1 1>
##$SHAPE_OFFSCOEFF= (0..95)
54.555176 0 100 0 0 0 0 0 0 0 0 0 0 0 0 0 0 0 0 0 0 0 0 0 0 0 0 0 0 0 0
0 0 0 0 0 0 0 0 0 0 0 0 0 0 0 0 0 0 0 0 0 0 0 0 0 0 0 0 0 0 0 0 0 0 0 0
0 0 0 0 0 0 0 0 0 0 0 0 0 0 0 0 0 0 0 0 0 0 0 0 0 0 0 0 0
##$SHAPE_PARAMETER= <>
##$SHAPE_REPHFAC= 0
##$SHAPE_RES= 0
##$SHAPE_SCALEFAC= 1
##$SHAPE_SCALETYPE= 0
##$SHAPE_SPOAL= 0
##$SHAPE_SPOFFS= 0
##$SHAPE_SPOPH= 0
##$SHAPE_TOTROT= 90
##$SHAPE_TYPE= <Excitation>
##$SHAPE_USER_DEF= <>
##$SHAPE_VERSION= 2.1
##$SHL_ADDPHASE= (0..15)
0 0 0 0 0 0 0 0 0 0 0 0 0 0 0 0
##$SHL_ALIGNOFFSET= (0..15)
0 0 0 0 0 0 0 0 0 0 0 0 0 0 0 0
##$SHL_AMP= (0..15)
100 0 0 0 0 0 0 0 0 0 0 0 0 0 0 0
##$SHL_AMPFAC= (0..15)
0 0 0 0 0 0 0 0 0 0 0 0 0 0 0 0
##$SHL_BETA= (0..15)
0 0 0 0 0 0 0 0 0 0 0 0 0 0 0 0
##$SHL_BWFAC= (0..15)
1.116 0 0 0 0 0 0 0 0 0 0 0 0 0 0 0
##$SHL_CALCBW= (0..15)
yes yes yes yes yes yes yes yes yes yes yes yes yes yes yes yes
##$SHL_CALCINTEG= (0..15)
yes yes yes yes yes yes yes yes yes yes yes yes yes yes yes yes
##$SHL_CENTERAMP= (0..15)
0 0 0 0 0 0 0 0 0 0 0 0 0 0 0 0
##$SHL_CYCNUM= (0..15)
0 0 0 0 0 0 0 0 0 0 0 0 0 0 0 0
##$SHL_DIPOLCPL= (0..15)
0 0 0 0 0 0 0 0 0 0 0 0 0 0 0 0
##$SHL_ENDAMP= (0..15)
0 0 0 0 0 0 0 0 0 0 0 0 0 0 0 0
##$SHL_EXMODE= (0..15)
<Excitation> <> <> <> <> <> <> <> <> <> <> <> <> <> <> <>
##$SHL_EXPAND= (0..15)
<> <> <> <> <> <> <> <> <> <> <> <> <> <> <> <>
##$SHL_EXPANDCF0= (0..143)
0 0 0 0 0 0 0 0 0 0 0 0 0 0 0 0 0 0 0 0 0 0 0 0 0 0 0 0 0 0 0 0 0 0 0 0
0 0 0 0 0 0 0 0 0 0 0 0 0 0 0 0 0 0 0 0 0 0 0 0 0 0 0 0 0 0 0 0 0 0 0 0
0 0 0 0 0 0 0 0 0 0 0 0 0 0 0 0 0 0 0 0 0 0 0 0 0 0 0 0 0 0 0 0 0 0 0 0
0 0 0 0 0 0 0 0 0 0 0 0 0 0 0 0 0 0 0 0 0 0 0 0 0 0 0 0 0 0 0 0 0 0 0 0
##$SHL_EXPANDCF1= (0..143)
0 0 0 0 0 0 0 0 0 0 0 0 0 0 0 0 0 0 0 0 0 0 0 0 0 0 0 0 0 0 0 0 0 0 0 0
0 0 0 0 0 0 0 0 0 0 0 0 0 0 0 0 0 0 0 0 0 0 0 0 0 0 0 0 0 0 0 0 0 0 0 0
0 0 0 0 0 0 0 0 0 0 0 0 0 0 0 0 0 0 0 0 0 0 0 0 0 0 0 0 0 0 0 0 0 0 0 0
0 0 0 0 0 0 0 0 0 0 0 0 0 0 0 0 0 0 0 0 0 0 0 0 0 0 0 0 0 0 0 0 0 0 0 0
##$SHL_EXPANDCF10= (0..143)
0 0 0 0 0 0 0 0 0 0 0 0 0 0 0 0 0 0 0 0 0 0 0 0 0 0 0 0 0 0 0 0 0 0 0 0
0 0 0 0 0 0 0 0 0 0 0 0 0 0 0 0 0 0 0 0 0 0 0 0 0 0 0 0 0 0 0 0 0 0 0 0
0 0 0 0 0 0 0 0 0 0 0 0 0 0 0 0 0 0 0 0 0 0 0 0 0 0 0 0 0 0 0 0 0 0 0 0
0 0 0 0 0 0 0 0 0 0 0 0 0 0 0 0 0 0 0 0 0 0 0 0 0 0 0 0 0 0 0 0 0 0 0 0
##$SHL_EXPANDCF11= (0..143)
0 0 0 0 0 0 0 0 0 0 0 0 0 0 0 0 0 0 0 0 0 0 0 0 0 0 0 0 0 0 0 0 0 0 0 0
0 0 0 0 0 0 0 0 0 0 0 0 0 0 0 0 0 0 0 0 0 0 0 0 0 0 0 0 0 0 0 0 0 0 0 0
0 0 0 0 0 0 0 0 0 0 0 0 0 0 0 0 0 0 0 0 0 0 0 0 0 0 0 0 0 0 0 0 0 0 0 0
0 0 0 0 0 0 0 0 0 0 0 0 0 0 0 0 0 0 0 0 0 0 0 0 0 0 0 0 0 0 0 0 0 0 0 0
##$SHL_EXPANDCF12= (0..143)
0 0 0 0 0 0 0 0 0 0 0 0 0 0 0 0 0 0 0 0 0 0 0 0 0 0 0 0 0 0 0 0 0 0 0 0
0 0 0 0 0 0 0 0 0 0 0 0 0 0 0 0 0 0 0 0 0 0 0 0 0 0 0 0 0 0 0 0 0 0 0 0
0 0 0 0 0 0 0 0 0 0 0 0 0 0 0 0 0 0 0 0 0 0 0 0 0 0 0 0 0 0 0 0 0 0 0 0
0 0 0 0 0 0 0 0 0 0 0 0 0 0 0 0 0 0 0 0 0 0 0 0 0 0 0 0 0 0 0 0 0 0 0 0
##$SHL_EXPANDCF13= (0..143)
0 0 0 0 0 0 0 0 0 0 0 0 0 0 0 0 0 0 0 0 0 0 0 0 0 0 0 0 0 0 0 0 0 0 0 0
0 0 0 0 0 0 0 0 0 0 0 0 0 0 0 0 0 0 0 0 0 0 0 0 0 0 0 0 0 0 0 0 0 0 0 0
0 0 0 0 0 0 0 0 0 0 0 0 0 0 0 0 0 0 0 0 0 0 0 0 0 0 0 0 0 0 0 0 0 0 0 0
0 0 0 0 0 0 0 0 0 0 0 0 0 0 0 0 0 0 0 0 0 0 0 0 0 0 0 0 0 0 0 0 0 0 0 0
##$SHL_EXPANDCF14= (0..143)
0 0 0 0 0 0 0 0 0 0 0 0 0 0 0 0 0 0 0 0 0 0 0 0 0 0 0 0 0 0 0 0 0 0 0 0
0 0 0 0 0 0 0 0 0 0 0 0 0 0 0 0 0 0 0 0 0 0 0 0 0 0 0 0 0 0 0 0 0 0 0 0
0 0 0 0 0 0 0 0 0 0 0 0 0 0 0 0 0 0 0 0 0 0 0 0 0 0 0 0 0 0 0 0 0 0 0 0
0 0 0 0 0 0 0 0 0 0 0 0 0 0 0 0 0 0 0 0 0 0 0 0 0 0 0 0 0 0 0 0 0 0 0 0
##$SHL_EXPANDCF15= (0..143)
0 0 0 0 0 0 0 0 0 0 0 0 0 0 0 0 0 0 0 0 0 0 0 0 0 0 0 0 0 0 0 0 0 0 0 0
0 0 0 0 0 0 0 0 0 0 0 0 0 0 0 0 0 0 0 0 0 0 0 0 0 0 0 0 0 0 0 0 0 0 0 0
0 0 0 0 0 0 0 0 0 0 0 0 0 0 0 0 0 0 0 0 0 0 0 0 0 0 0 0 0 0 0 0 0 0 0 0
0 0 0 0 0 0 0 0 0 0 0 0 0 0 0 0 0 0 0 0 0 0 0 0 0 0 0 0 0 0 0 0 0 0 0 0
##$SHL_EXPANDCF2= (0..143)
0 0 0 0 0 0 0 0 0 0 0 0 0 0 0 0 0 0 0 0 0 0 0 0 0 0 0 0 0 0 0 0 0 0 0 0
0 0 0 0 0 0 0 0 0 0 0 0 0 0 0 0 0 0 0 0 0 0 0 0 0 0 0 0 0 0 0 0 0 0 0 0
0 0 0 0 0 0 0 0 0 0 0 0 0 0 0 0 0 0 0 0 0 0 0 0 0 0 0 0 0 0 0 0 0 0 0 0
0 0 0 0 0 0 0 0 0 0 0 0 0 0 0 0 0 0 0 0 0 0 0 0 0 0 0 0 0 0 0 0 0 0 0 0
##$SHL_EXPANDCF3= (0..143)
0 0 0 0 0 0 0 0 0 0 0 0 0 0 0 0 0 0 0 0 0 0 0 0 0 0 0 0 0 0 0 0 0 0 0 0
0 0 0 0 0 0 0 0 0 0 0 0 0 0 0 0 0 0 0 0 0 0 0 0 0 0 0 0 0 0 0 0 0 0 0 0
0 0 0 0 0 0 0 0 0 0 0 0 0 0 0 0 0 0 0 0 0 0 0 0 0 0 0 0 0 0 0 0 0 0 0 0
0 0 0 0 0 0 0 0 0 0 0 0 0 0 0 0 0 0 0 0 0 0 0 0 0 0 0 0 0 0 0 0 0 0 0 0
##$SHL_EXPANDCF4= (0..143)
0 0 0 0 0 0 0 0 0 0 0 0 0 0 0 0 0 0 0 0 0 0 0 0 0 0 0 0 0 0 0 0 0 0 0 0
0 0 0 0 0 0 0 0 0 0 0 0 0 0 0 0 0 0 0 0 0 0 0 0 0 0 0 0 0 0 0 0 0 0 0 0
0 0 0 0 0 0 0 0 0 0 0 0 0 0 0 0 0 0 0 0 0 0 0 0 0 0 0 0 0 0 0 0 0 0 0 0
0 0 0 0 0 0 0 0 0 0 0 0 0 0 0 0 0 0 0 0 0 0 0 0 0 0 0 0 0 0 0 0 0 0 0 0
##$SHL_EXPANDCF5= (0..143)
0 0 0 0 0 0 0 0 0 0 0 0 0 0 0 0 0 0 0 0 0 0 0 0 0 0 0 0 0 0 0 0 0 0 0 0
0 0 0 0 0 0 0 0 0 0 0 0 0 0 0 0 0 0 0 0 0 0 0 0 0 0 0 0 0 0 0 0 0 0 0 0
0 0 0 0 0 0 0 0 0 0 0 0 0 0 0 0 0 0 0 0 0 0 0 0 0 0 0 0 0 0 0 0 0 0 0 0
0 0 0 0 0 0 0 0 0 0 0 0 0 0 0 0 0 0 0 0 0 0 0 0 0 0 0 0 0 0 0 0 0 0 0 0
##$SHL_EXPANDCF6= (0..143)
0 0 0 0 0 0 0 0 0 0 0 0 0 0 0 0 0 0 0 0 0 0 0 0 0 0 0 0 0 0 0 0 0 0 0 0
0 0 0 0 0 0 0 0 0 0 0 0 0 0 0 0 0 0 0 0 0 0 0 0 0 0 0 0 0 0 0 0 0 0 0 0
0 0 0 0 0 0 0 0 0 0 0 0 0 0 0 0 0 0 0 0 0 0 0 0 0 0 0 0 0 0 0 0 0 0 0 0
0 0 0 0 0 0 0 0 0 0 0 0 0 0 0 0 0 0 0 0 0 0 0 0 0 0 0 0 0 0 0 0 0 0 0 0
##$SHL_EXPANDCF7= (0..143)
0 0 0 0 0 0 0 0 0 0 0 0 0 0 0 0 0 0 0 0 0 0 0 0 0 0 0 0 0 0 0 0 0 0 0 0
0 0 0 0 0 0 0 0 0 0 0 0 0 0 0 0 0 0 0 0 0 0 0 0 0 0 0 0 0 0 0 0 0 0 0 0
0 0 0 0 0 0 0 0 0 0 0 0 0 0 0 0 0 0 0 0 0 0 0 0 0 0 0 0 0 0 0 0 0 0 0 0
0 0 0 0 0 0 0 0 0 0 0 0 0 0 0 0 0 0 0 0 0 0 0 0 0 0 0 0 0 0 0 0 0 0 0 0
##$SHL_EXPANDCF8= (0..143)
0 0 0 0 0 0 0 0 0 0 0 0 0 0 0 0 0 0 0 0 0 0 0 0 0 0 0 0 0 0 0 0 0 0 0 0
0 0 0 0 0 0 0 0 0 0 0 0 0 0 0 0 0 0 0 0 0 0 0 0 0 0 0 0 0 0 0 0 0 0 0 0
0 0 0 0 0 0 0 0 0 0 0 0 0 0 0 0 0 0 0 0 0 0 0 0 0 0 0 0 0 0 0 0 0 0 0 0
0 0 0 0 0 0 0 0 0 0 0 0 0 0 0 0 0 0 0 0 0 0 0 0 0 0 0 0 0 0 0 0 0 0 0 0
##$SHL_EXPANDCF9= (0..143)
0 0 0 0 0 0 0 0 0 0 0 0 0 0 0 0 0 0 0 0 0 0 0 0 0 0 0 0 0 0 0 0 0 0 0 0
0 0 0 0 0 0 0 0 0 0 0 0 0 0 0 0 0 0 0 0 0 0 0 0 0 0 0 0 0 0 0 0 0 0 0 0
0 0 0 0 0 0 0 0 0 0 0 0 0 0 0 0 0 0 0 0 0 0 0 0 0 0 0 0 0 0 0 0 0 0 0 0
0 0 0 0 0 0 0 0 0 0 0 0 0 0 0 0 0 0 0 0 0 0 0 0 0 0 0 0 0 0 0 0 0 0 0 0
##$SHL_EXPFAC= (0..15)
0 0 0 0 0 0 0 0 0 0 0 0 0 0 0 0
##$SHL_FRACEND= (0..15)
0 0 0 0 0 0 0 0 0 0 0 0 0 0 0 0
##$SHL_FRACORG= (0..15)
0 0 0 0 0 0 0 0 0 0 0 0 0 0 0 0
##$SHL_FRACSTART= (0..15)
0 0 0 0 0 0 0 0 0 0 0 0 0 0 0 0
##$SHL_FULLHALF= (0..15)
0 0 0 0 0 0 0 0 0 0 0 0 0 0 0 0
##$SHL_FUNCAMP= (0..15)
100 0 0 0 0 0 0 0 0 0 0 0 0 0 0 0
##$SHL_FUNCTION= (0..15)
<Rectangle> <> <> <> <> <> <> <> <> <> <> <> <> <> <> <>
##$SHL_GCO= (0..15)
<> <> <> <> <> <> <> <> <> <> <> <> <> <> <> <>
##$SHL_GCOCOEFFS0= (0..59)
0 0 0 0 0 0 0 0 0 0 0 0 0 0 0 0 0 0 0 0 0 0 0 0 0 0 0 0 0 0 0 0 0 0 0 0
0 0 0 0 0 0 0 0 0 0 0 0 0 0 0 0 0 0 0 0 0 0 0 0
##$SHL_GCOCOEFFS1= (0..59)
0 0 0 0 0 0 0 0 0 0 0 0 0 0 0 0 0 0 0 0 0 0 0 0 0 0 0 0 0 0 0 0 0 0 0 0
0 0 0 0 0 0 0 0 0 0 0 0 0 0 0 0 0 0 0 0 0 0 0 0
##$SHL_GCOCOEFFS10= (0..59)
0 0 0 0 0 0 0 0 0 0 0 0 0 0 0 0 0 0 0 0 0 0 0 0 0 0 0 0 0 0 0 0 0 0 0 0
0 0 0 0 0 0 0 0 0 0 0 0 0 0 0 0 0 0 0 0 0 0 0 0
##$SHL_GCOCOEFFS11= (0..59)
0 0 0 0 0 0 0 0 0 0 0 0 0 0 0 0 0 0 0 0 0 0 0 0 0 0 0 0 0 0 0 0 0 0 0 0
0 0 0 0 0 0 0 0 0 0 0 0 0 0 0 0 0 0 0 0 0 0 0 0
##$SHL_GCOCOEFFS12= (0..59)
0 0 0 0 0 0 0 0 0 0 0 0 0 0 0 0 0 0 0 0 0 0 0 0 0 0 0 0 0 0 0 0 0 0 0 0
0 0 0 0 0 0 0 0 0 0 0 0 0 0 0 0 0 0 0 0 0 0 0 0
##$SHL_GCOCOEFFS13= (0..59)
0 0 0 0 0 0 0 0 0 0 0 0 0 0 0 0 0 0 0 0 0 0 0 0 0 0 0 0 0 0 0 0 0 0 0 0
0 0 0 0 0 0 0 0 0 0 0 0 0 0 0 0 0 0 0 0 0 0 0 0
##$SHL_GCOCOEFFS14= (0..59)
0 0 0 0 0 0 0 0 0 0 0 0 0 0 0 0 0 0 0 0 0 0 0 0 0 0 0 0 0 0 0 0 0 0 0 0
0 0 0 0 0 0 0 0 0 0 0 0 0 0 0 0 0 0 0 0 0 0 0 0
##$SHL_GCOCOEFFS15= (0..59)
0 0 0 0 0 0 0 0 0 0 0 0 0 0 0 0 0 0 0 0 0 0 0 0 0 0 0 0 0 0 0 0 0 0 0 0
0 0 0 0 0 0 0 0 0 0 0 0 0 0 0 0 0 0 0 0 0 0 0 0
##$SHL_GCOCOEFFS2= (0..59)
0 0 0 0 0 0 0 0 0 0 0 0 0 0 0 0 0 0 0 0 0 0 0 0 0 0 0 0 0 0 0 0 0 0 0 0
0 0 0 0 0 0 0 0 0 0 0 0 0 0 0 0 0 0 0 0 0 0 0 0
##$SHL_GCOCOEFFS3= (0..59)
0 0 0 0 0 0 0 0 0 0 0 0 0 0 0 0 0 0 0 0 0 0 0 0 0 0 0 0 0 0 0 0 0 0 0 0
0 0 0 0 0 0 0 0 0 0 0 0 0 0 0 0 0 0 0 0 0 0 0 0
##$SHL_GCOCOEFFS4= (0..59)
0 0 0 0 0 0 0 0 0 0 0 0 0 0 0 0 0 0 0 0 0 0 0 0 0 0 0 0 0 0 0 0 0 0 0 0
0 0 0 0 0 0 0 0 0 0 0 0 0 0 0 0 0 0 0 0 0 0 0 0
##$SHL_GCOCOEFFS5= (0..59)
0 0 0 0 0 0 0 0 0 0 0 0 0 0 0 0 0 0 0 0 0 0 0 0 0 0 0 0 0 0 0 0 0 0 0 0
0 0 0 0 0 0 0 0 0 0 0 0 0 0 0 0 0 0 0 0 0 0 0 0
##$SHL_GCOCOEFFS6= (0..59)
0 0 0 0 0 0 0 0 0 0 0 0 0 0 0 0 0 0 0 0 0 0 0 0 0 0 0 0 0 0 0 0 0 0 0 0
0 0 0 0 0 0 0 0 0 0 0 0 0 0 0 0 0 0 0 0 0 0 0 0
##$SHL_GCOCOEFFS7= (0..59)
0 0 0 0 0 0 0 0 0 0 0 0 0 0 0 0 0 0 0 0 0 0 0 0 0 0 0 0 0 0 0 0 0 0 0 0
0 0 0 0 0 0 0 0 0 0 0 0 0 0 0 0 0 0 0 0 0 0 0 0
##$SHL_GCOCOEFFS8= (0..59)
0 0 0 0 0 0 0 0 0 0 0 0 0 0 0 0 0 0 0 0 0 0 0 0 0 0 0 0 0 0 0 0 0 0 0 0
0 0 0 0 0 0 0 0 0 0 0 0 0 0 0 0 0 0 0 0 0 0 0 0
##$SHL_GCOCOEFFS9= (0..59)
0 0 0 0 0 0 0 0 0 0 0 0 0 0 0 0 0 0 0 0 0 0 0 0 0 0 0 0 0 0 0 0 0 0 0 0
0 0 0 0 0 0 0 0 0 0 0 0 0 0 0 0 0 0 0 0 0 0 0 0
##$SHL_INTEGFAC= (0..15)
1 0 0 0 0 0 0 0 0 0 0 0 0 0 0 0
##$SHL_LB= (0..15)
0 0 0 0 0 0 0 0 0 0 0 0 0 0 0 0
##$SHL_LEFTLIMIT= (0..15)
0 0 0 0 0 0 0 0 0 0 0 0 0 0 0 0
##$SHL_LENGTH= (0..15)
25000.000373 0 0 0 0 0 0 0 0 0 0 0 0 0 0 0
##$SHL_MAN= (0..15)
<> <> <> <> <> <> <> <> <> <> <> <> <> <> <> <>
##$SHL_MEANAMP= (0..15)
0 0 0 0 0 0 0 0 0 0 0 0 0 0 0 0
##$SHL_MODAMP= (0..15)
0 0 0 0 0 0 0 0 0 0 0 0 0 0 0 0
##$SHL_MODE= (0..15)
0 0 0 0 0 0 0 0 0 0 0 0 0 0 0 0
##$SHL_MODFREQ= (0..15)
0 0 0 0 0 0 0 0 0 0 0 0 0 0 0 0
##$SHL_MODPHASE= (0..15)
0 0 0 0 0 0 0 0 0 0 0 0 0 0 0 0
##$SHL_MODSCALE= (0..15)
0 0 0 0 0 0 0 0 0 0 0 0 0 0 0 0
##$SHL_MODSW= (0..15)
0 0 0 0 0 0 0 0 0 0 0 0 0 0 0 0
##$SHL_MODSWDIR= (0..15)
-1 -1 -1 -1 -1 -1 -1 -1 -1 -1 -1 -1 -1 -1 -1 -1
##$SHL_MU= (0..15)
0 0 0 0 0 0 0 0 0 0 0 0 0 0 0 0
##$SHL_NPOINTS= (0..15)
1250 0 0 0 0 0 0 0 0 0 0 0 0 0 0 0
##$SHL_OFFS= (0..15)
<> <> <> <> <> <> <> <> <> <> <> <> <> <> <> <>
##$SHL_OFFSCOEFF0= (0..95)
0 0 0 0 0 0 0 0 0 0 0 0 0 0 0 0 0 0 0 0 0 0 0 0 0 0 0 0 0 0 0 0 0 0 0 0
0 0 0 0 0 0 0 0 0 0 0 0 0 0 0 0 0 0 0 0 0 0 0 0 0 0 0 0 0 0 0 0 0 0 0 0
0 0 0 0 0 0 0 0 0 0 0 0 0 0 0 0 0 0 0 0 0 0 0 0
##$SHL_OFFSCOEFF1= (0..95)
0 0 0 0 0 0 0 0 0 0 0 0 0 0 0 0 0 0 0 0 0 0 0 0 0 0 0 0 0 0 0 0 0 0 0 0
0 0 0 0 0 0 0 0 0 0 0 0 0 0 0 0 0 0 0 0 0 0 0 0 0 0 0 0 0 0 0 0 0 0 0 0
0 0 0 0 0 0 0 0 0 0 0 0 0 0 0 0 0 0 0 0 0 0 0 0
##$SHL_OFFSCOEFF10= (0..95)
0 0 0 0 0 0 0 0 0 0 0 0 0 0 0 0 0 0 0 0 0 0 0 0 0 0 0 0 0 0 0 0 0 0 0 0
0 0 0 0 0 0 0 0 0 0 0 0 0 0 0 0 0 0 0 0 0 0 0 0 0 0 0 0 0 0 0 0 0 0 0 0
0 0 0 0 0 0 0 0 0 0 0 0 0 0 0 0 0 0 0 0 0 0 0 0
##$SHL_OFFSCOEFF11= (0..95)
0 0 0 0 0 0 0 0 0 0 0 0 0 0 0 0 0 0 0 0 0 0 0 0 0 0 0 0 0 0 0 0 0 0 0 0
0 0 0 0 0 0 0 0 0 0 0 0 0 0 0 0 0 0 0 0 0 0 0 0 0 0 0 0 0 0 0 0 0 0 0 0
0 0 0 0 0 0 0 0 0 0 0 0 0 0 0 0 0 0 0 0 0 0 0 0
##$SHL_OFFSCOEFF12= (0..95)
0 0 0 0 0 0 0 0 0 0 0 0 0 0 0 0 0 0 0 0 0 0 0 0 0 0 0 0 0 0 0 0 0 0 0 0
0 0 0 0 0 0 0 0 0 0 0 0 0 0 0 0 0 0 0 0 0 0 0 0 0 0 0 0 0 0 0 0 0 0 0 0
0 0 0 0 0 0 0 0 0 0 0 0 0 0 0 0 0 0 0 0 0 0 0 0
##$SHL_OFFSCOEFF13= (0..95)
0 0 0 0 0 0 0 0 0 0 0 0 0 0 0 0 0 0 0 0 0 0 0 0 0 0 0 0 0 0 0 0 0 0 0 0
0 0 0 0 0 0 0 0 0 0 0 0 0 0 0 0 0 0 0 0 0 0 0 0 0 0 0 0 0 0 0 0 0 0 0 0
0 0 0 0 0 0 0 0 0 0 0 0 0 0 0 0 0 0 0 0 0 0 0 0
##$SHL_OFFSCOEFF14= (0..95)
0 0 0 0 0 0 0 0 0 0 0 0 0 0 0 0 0 0 0 0 0 0 0 0 0 0 0 0 0 0 0 0 0 0 0 0
0 0 0 0 0 0 0 0 0 0 0 0 0 0 0 0 0 0 0 0 0 0 0 0 0 0 0 0 0 0 0 0 0 0 0 0
0 0 0 0 0 0 0 0 0 0 0 0 0 0 0 0 0 0 0 0 0 0 0 0
##$SHL_OFFSCOEFF15= (0..95)
0 0 0 0 0 0 0 0 0 0 0 0 0 0 0 0 0 0 0 0 0 0 0 0 0 0 0 0 0 0 0 0 0 0 0 0
0 0 0 0 0 0 0 0 0 0 0 0 0 0 0 0 0 0 0 0 0 0 0 0 0 0 0 0 0 0 0 0 0 0 0 0
0 0 0 0 0 0 0 0 0 0 0 0 0 0 0 0 0 0 0 0 0 0 0 0
##$SHL_OFFSCOEFF2= (0..95)
0 0 0 0 0 0 0 0 0 0 0 0 0 0 0 0 0 0 0 0 0 0 0 0 0 0 0 0 0 0 0 0 0 0 0 0
0 0 0 0 0 0 0 0 0 0 0 0 0 0 0 0 0 0 0 0 0 0 0 0 0 0 0 0 0 0 0 0 0 0 0 0
0 0 0 0 0 0 0 0 0 0 0 0 0 0 0 0 0 0 0 0 0 0 0 0
##$SHL_OFFSCOEFF3= (0..95)
0 0 0 0 0 0 0 0 0 0 0 0 0 0 0 0 0 0 0 0 0 0 0 0 0 0 0 0 0 0 0 0 0 0 0 0
0 0 0 0 0 0 0 0 0 0 0 0 0 0 0 0 0 0 0 0 0 0 0 0 0 0 0 0 0 0 0 0 0 0 0 0
0 0 0 0 0 0 0 0 0 0 0 0 0 0 0 0 0 0 0 0 0 0 0 0
##$SHL_OFFSCOEFF4= (0..95)
0 0 0 0 0 0 0 0 0 0 0 0 0 0 0 0 0 0 0 0 0 0 0 0 0 0 0 0 0 0 0 0 0 0 0 0
0 0 0 0 0 0 0 0 0 0 0 0 0 0 0 0 0 0 0 0 0 0 0 0 0 0 0 0 0 0 0 0 0 0 0 0
0 0 0 0 0 0 0 0 0 0 0 0 0 0 0 0 0 0 0 0 0 0 0 0
##$SHL_OFFSCOEFF5= (0..95)
0 0 0 0 0 0 0 0 0 0 0 0 0 0 0 0 0 0 0 0 0 0 0 0 0 0 0 0 0 0 0 0 0 0 0 0
0 0 0 0 0 0 0 0 0 0 0 0 0 0 0 0 0 0 0 0 0 0 0 0 0 0 0 0 0 0 0 0 0 0 0 0
0 0 0 0 0 0 0 0 0 0 0 0 0 0 0 0 0 0 0 0 0 0 0 0
##$SHL_OFFSCOEFF6= (0..95)
0 0 0 0 0 0 0 0 0 0 0 0 0 0 0 0 0 0 0 0 0 0 0 0 0 0 0 0 0 0 0 0 0 0 0 0
0 0 0 0 0 0 0 0 0 0 0 0 0 0 0 0 0 0 0 0 0 0 0 0 0 0 0 0 0 0 0 0 0 0 0 0
0 0 0 0 0 0 0 0 0 0 0 0 0 0 0 0 0 0 0 0 0 0 0 0
##$SHL_OFFSCOEFF7= (0..95)
0 0 0 0 0 0 0 0 0 0 0 0 0 0 0 0 0 0 0 0 0 0 0 0 0 0 0 0 0 0 0 0 0 0 0 0
0 0 0 0 0 0 0 0 0 0 0 0 0 0 0 0 0 0 0 0 0 0 0 0 0 0 0 0 0 0 0 0 0 0 0 0
0 0 0 0 0 0 0 0 0 0 0 0 0 0 0 0 0 0 0 0 0 0 0 0
##$SHL_OFFSCOEFF8= (0..95)
0 0 0 0 0 0 0 0 0 0 0 0 0 0 0 0 0 0 0 0 0 0 0 0 0 0 0 0 0 0 0 0 0 0 0 0
0 0 0 0 0 0 0 0 0 0 0 0 0 0 0 0 0 0 0 0 0 0 0 0 0 0 0 0 0 0 0 0 0 0 0 0
0 0 0 0 0 0 0 0 0 0 0 0 0 0 0 0 0 0 0 0 0 0 0 0
##$SHL_OFFSCOEFF9= (0..95)
0 0 0 0 0 0 0 0 0 0 0 0 0 0 0 0 0 0 0 0 0 0 0 0 0 0 0 0 0 0 0 0 0 0 0 0
0 0 0 0 0 0 0 0 0 0 0 0 0 0 0 0 0 0 0 0 0 0 0 0 0 0 0 0 0 0 0 0 0 0 0 0
0 0 0 0 0 0 0 0 0 0 0 0 0 0 0 0 0 0 0 0 0 0 0 0
##$SHL_PHASE= (0..15)
0 0 0 0 0 0 0 0 0 0 0 0 0 0 0 0
##$SHL_PHASEFAC= (0..15)
0 0 0 0 0 0 0 0 0 0 0 0 0 0 0 0
##$SHL_POWERINDEX= (0..15)
0 0 0 0 0 0 0 0 0 0 0 0 0 0 0 0
##$SHL_QUADCOEFF= (0..15)
0 0 0 0 0 0 0 0 0 0 0 0 0 0 0 0
##$SHL_RIGHTLIMIT= (0..15)
0 0 0 0 0 0 0 0 0 0 0 0 0 0 0 0
##$SHL_SCALEFACTOR= (0..15)
1 1 1 1 1 1 1 1 1 1 1 1 1 1 1 1
##$SHL_SF= (0..15)
<> <> <> <> <> <> <> <> <> <> <> <> <> <> <> <>
##$SHL_SFCOEFFS0= (0..200)
0 0 0 0 0 0 0 0 0 0 0 0 0 0 0 0 0 0 0 0 0 0 0 0 0 0 0 0 0 0 0 0 0 0 0 0
0 0 0 0 0 0 0 0 0 0 0 0 0 0 0 0 0 0 0 0 0 0 0 0 0 0 0 0 0 0 0 0 0 0 0 0
0 0 0 0 0 0 0 0 0 0 0 0 0 0 0 0 0 0 0 0 0 0 0 0 0 0 0 0 0 0 0 0 0 0 0 0
0 0 0 0 0 0 0 0 0 0 0 0 0 0 0 0 0 0 0 0 0 0 0 0 0 0 0 0 0 0 0 0 0 0 0 0
0 0 0 0 0 0 0 0 0 0 0 0 0 0 0 0 0 0 0 0 0 0 0 0 0 0 0 0 0 0 0 0 0 0 0 0
0 0 0 0 0 0 0 0 0 0 0 0 0 0 0 0 0 0 0 0 0
##$SHL_SFCOEFFS1= (0..200)
0 0 0 0 0 0 0 0 0 0 0 0 0 0 0 0 0 0 0 0 0 0 0 0 0 0 0 0 0 0 0 0 0 0 0 0
0 0 0 0 0 0 0 0 0 0 0 0 0 0 0 0 0 0 0 0 0 0 0 0 0 0 0 0 0 0 0 0 0 0 0 0
0 0 0 0 0 0 0 0 0 0 0 0 0 0 0 0 0 0 0 0 0 0 0 0 0 0 0 0 0 0 0 0 0 0 0 0
0 0 0 0 0 0 0 0 0 0 0 0 0 0 0 0 0 0 0 0 0 0 0 0 0 0 0 0 0 0 0 0 0 0 0 0
0 0 0 0 0 0 0 0 0 0 0 0 0 0 0 0 0 0 0 0 0 0 0 0 0 0 0 0 0 0 0 0 0 0 0 0
0 0 0 0 0 0 0 0 0 0 0 0 0 0 0 0 0 0 0 0 0
##$SHL_SFCOEFFS10= (0..200)
0 0 0 0 0 0 0 0 0 0 0 0 0 0 0 0 0 0 0 0 0 0 0 0 0 0 0 0 0 0 0 0 0 0 0 0
0 0 0 0 0 0 0 0 0 0 0 0 0 0 0 0 0 0 0 0 0 0 0 0 0 0 0 0 0 0 0 0 0 0 0 0
0 0 0 0 0 0 0 0 0 0 0 0 0 0 0 0 0 0 0 0 0 0 0 0 0 0 0 0 0 0 0 0 0 0 0 0
0 0 0 0 0 0 0 0 0 0 0 0 0 0 0 0 0 0 0 0 0 0 0 0 0 0 0 0 0 0 0 0 0 0 0 0
0 0 0 0 0 0 0 0 0 0 0 0 0 0 0 0 0 0 0 0 0 0 0 0 0 0 0 0 0 0 0 0 0 0 0 0
0 0 0 0 0 0 0 0 0 0 0 0 0 0 0 0 0 0 0 0 0
##$SHL_SFCOEFFS11= (0..200)
0 0 0 0 0 0 0 0 0 0 0 0 0 0 0 0 0 0 0 0 0 0 0 0 0 0 0 0 0 0 0 0 0 0 0 0
0 0 0 0 0 0 0 0 0 0 0 0 0 0 0 0 0 0 0 0 0 0 0 0 0 0 0 0 0 0 0 0 0 0 0 0
0 0 0 0 0 0 0 0 0 0 0 0 0 0 0 0 0 0 0 0 0 0 0 0 0 0 0 0 0 0 0 0 0 0 0 0
0 0 0 0 0 0 0 0 0 0 0 0 0 0 0 0 0 0 0 0 0 0 0 0 0 0 0 0 0 0 0 0 0 0 0 0
0 0 0 0 0 0 0 0 0 0 0 0 0 0 0 0 0 0 0 0 0 0 0 0 0 0 0 0 0 0 0 0 0 0 0 0
0 0 0 0 0 0 0 0 0 0 0 0 0 0 0 0 0 0 0 0 0
##$SHL_SFCOEFFS12= (0..200)
0 0 0 0 0 0 0 0 0 0 0 0 0 0 0 0 0 0 0 0 0 0 0 0 0 0 0 0 0 0 0 0 0 0 0 0
0 0 0 0 0 0 0 0 0 0 0 0 0 0 0 0 0 0 0 0 0 0 0 0 0 0 0 0 0 0 0 0 0 0 0 0
0 0 0 0 0 0 0 0 0 0 0 0 0 0 0 0 0 0 0 0 0 0 0 0 0 0 0 0 0 0 0 0 0 0 0 0
0 0 0 0 0 0 0 0 0 0 0 0 0 0 0 0 0 0 0 0 0 0 0 0 0 0 0 0 0 0 0 0 0 0 0 0
0 0 0 0 0 0 0 0 0 0 0 0 0 0 0 0 0 0 0 0 0 0 0 0 0 0 0 0 0 0 0 0 0 0 0 0
0 0 0 0 0 0 0 0 0 0 0 0 0 0 0 0 0 0 0 0 0
##$SHL_SFCOEFFS13= (0..200)
0 0 0 0 0 0 0 0 0 0 0 0 0 0 0 0 0 0 0 0 0 0 0 0 0 0 0 0 0 0 0 0 0 0 0 0
0 0 0 0 0 0 0 0 0 0 0 0 0 0 0 0 0 0 0 0 0 0 0 0 0 0 0 0 0 0 0 0 0 0 0 0
0 0 0 0 0 0 0 0 0 0 0 0 0 0 0 0 0 0 0 0 0 0 0 0 0 0 0 0 0 0 0 0 0 0 0 0
0 0 0 0 0 0 0 0 0 0 0 0 0 0 0 0 0 0 0 0 0 0 0 0 0 0 0 0 0 0 0 0 0 0 0 0
0 0 0 0 0 0 0 0 0 0 0 0 0 0 0 0 0 0 0 0 0 0 0 0 0 0 0 0 0 0 0 0 0 0 0 0
0 0 0 0 0 0 0 0 0 0 0 0 0 0 0 0 0 0 0 0 0
##$SHL_SFCOEFFS14= (0..200)
0 0 0 0 0 0 0 0 0 0 0 0 0 0 0 0 0 0 0 0 0 0 0 0 0 0 0 0 0 0 0 0 0 0 0 0
0 0 0 0 0 0 0 0 0 0 0 0 0 0 0 0 0 0 0 0 0 0 0 0 0 0 0 0 0 0 0 0 0 0 0 0
0 0 0 0 0 0 0 0 0 0 0 0 0 0 0 0 0 0 0 0 0 0 0 0 0 0 0 0 0 0 0 0 0 0 0 0
0 0 0 0 0 0 0 0 0 0 0 0 0 0 0 0 0 0 0 0 0 0 0 0 0 0 0 0 0 0 0 0 0 0 0 0
0 0 0 0 0 0 0 0 0 0 0 0 0 0 0 0 0 0 0 0 0 0 0 0 0 0 0 0 0 0 0 0 0 0 0 0
0 0 0 0 0 0 0 0 0 0 0 0 0 0 0 0 0 0 0 0 0
##$SHL_SFCOEFFS15= (0..200)
0 0 0 0 0 0 0 0 0 0 0 0 0 0 0 0 0 0 0 0 0 0 0 0 0 0 0 0 0 0 0 0 0 0 0 0
0 0 0 0 0 0 0 0 0 0 0 0 0 0 0 0 0 0 0 0 0 0 0 0 0 0 0 0 0 0 0 0 0 0 0 0
0 0 0 0 0 0 0 0 0 0 0 0 0 0 0 0 0 0 0 0 0 0 0 0 0 0 0 0 0 0 0 0 0 0 0 0
0 0 0 0 0 0 0 0 0 0 0 0 0 0 0 0 0 0 0 0 0 0 0 0 0 0 0 0 0 0 0 0 0 0 0 0
0 0 0 0 0 0 0 0 0 0 0 0 0 0 0 0 0 0 0 0 0 0 0 0 0 0 0 0 0 0 0 0 0 0 0 0
0 0 0 0 0 0 0 0 0 0 0 0 0 0 0 0 0 0 0 0 0
##$SHL_SFCOEFFS2= (0..200)
0 0 0 0 0 0 0 0 0 0 0 0 0 0 0 0 0 0 0 0 0 0 0 0 0 0 0 0 0 0 0 0 0 0 0 0
0 0 0 0 0 0 0 0 0 0 0 0 0 0 0 0 0 0 0 0 0 0 0 0 0 0 0 0 0 0 0 0 0 0 0 0
0 0 0 0 0 0 0 0 0 0 0 0 0 0 0 0 0 0 0 0 0 0 0 0 0 0 0 0 0 0 0 0 0 0 0 0
0 0 0 0 0 0 0 0 0 0 0 0 0 0 0 0 0 0 0 0 0 0 0 0 0 0 0 0 0 0 0 0 0 0 0 0
0 0 0 0 0 0 0 0 0 0 0 0 0 0 0 0 0 0 0 0 0 0 0 0 0 0 0 0 0 0 0 0 0 0 0 0
0 0 0 0 0 0 0 0 0 0 0 0 0 0 0 0 0 0 0 0 0
##$SHL_SFCOEFFS3= (0..200)
0 0 0 0 0 0 0 0 0 0 0 0 0 0 0 0 0 0 0 0 0 0 0 0 0 0 0 0 0 0 0 0 0 0 0 0
0 0 0 0 0 0 0 0 0 0 0 0 0 0 0 0 0 0 0 0 0 0 0 0 0 0 0 0 0 0 0 0 0 0 0 0
0 0 0 0 0 0 0 0 0 0 0 0 0 0 0 0 0 0 0 0 0 0 0 0 0 0 0 0 0 0 0 0 0 0 0 0
0 0 0 0 0 0 0 0 0 0 0 0 0 0 0 0 0 0 0 0 0 0 0 0 0 0 0 0 0 0 0 0 0 0 0 0
0 0 0 0 0 0 0 0 0 0 0 0 0 0 0 0 0 0 0 0 0 0 0 0 0 0 0 0 0 0 0 0 0 0 0 0
0 0 0 0 0 0 0 0 0 0 0 0 0 0 0 0 0 0 0 0 0
##$SHL_SFCOEFFS4= (0..200)
0 0 0 0 0 0 0 0 0 0 0 0 0 0 0 0 0 0 0 0 0 0 0 0 0 0 0 0 0 0 0 0 0 0 0 0
0 0 0 0 0 0 0 0 0 0 0 0 0 0 0 0 0 0 0 0 0 0 0 0 0 0 0 0 0 0 0 0 0 0 0 0
0 0 0 0 0 0 0 0 0 0 0 0 0 0 0 0 0 0 0 0 0 0 0 0 0 0 0 0 0 0 0 0 0 0 0 0
0 0 0 0 0 0 0 0 0 0 0 0 0 0 0 0 0 0 0 0 0 0 0 0 0 0 0 0 0 0 0 0 0 0 0 0
0 0 0 0 0 0 0 0 0 0 0 0 0 0 0 0 0 0 0 0 0 0 0 0 0 0 0 0 0 0 0 0 0 0 0 0
0 0 0 0 0 0 0 0 0 0 0 0 0 0 0 0 0 0 0 0 0
##$SHL_SFCOEFFS5= (0..200)
0 0 0 0 0 0 0 0 0 0 0 0 0 0 0 0 0 0 0 0 0 0 0 0 0 0 0 0 0 0 0 0 0 0 0 0
0 0 0 0 0 0 0 0 0 0 0 0 0 0 0 0 0 0 0 0 0 0 0 0 0 0 0 0 0 0 0 0 0 0 0 0
0 0 0 0 0 0 0 0 0 0 0 0 0 0 0 0 0 0 0 0 0 0 0 0 0 0 0 0 0 0 0 0 0 0 0 0
0 0 0 0 0 0 0 0 0 0 0 0 0 0 0 0 0 0 0 0 0 0 0 0 0 0 0 0 0 0 0 0 0 0 0 0
0 0 0 0 0 0 0 0 0 0 0 0 0 0 0 0 0 0 0 0 0 0 0 0 0 0 0 0 0 0 0 0 0 0 0 0
0 0 0 0 0 0 0 0 0 0 0 0 0 0 0 0 0 0 0 0 0
##$SHL_SFCOEFFS6= (0..200)
0 0 0 0 0 0 0 0 0 0 0 0 0 0 0 0 0 0 0 0 0 0 0 0 0 0 0 0 0 0 0 0 0 0 0 0
0 0 0 0 0 0 0 0 0 0 0 0 0 0 0 0 0 0 0 0 0 0 0 0 0 0 0 0 0 0 0 0 0 0 0 0
0 0 0 0 0 0 0 0 0 0 0 0 0 0 0 0 0 0 0 0 0 0 0 0 0 0 0 0 0 0 0 0 0 0 0 0
0 0 0 0 0 0 0 0 0 0 0 0 0 0 0 0 0 0 0 0 0 0 0 0 0 0 0 0 0 0 0 0 0 0 0 0
0 0 0 0 0 0 0 0 0 0 0 0 0 0 0 0 0 0 0 0 0 0 0 0 0 0 0 0 0 0 0 0 0 0 0 0
0 0 0 0 0 0 0 0 0 0 0 0 0 0 0 0 0 0 0 0 0
##$SHL_SFCOEFFS7= (0..200)
0 0 0 0 0 0 0 0 0 0 0 0 0 0 0 0 0 0 0 0 0 0 0 0 0 0 0 0 0 0 0 0 0 0 0 0
0 0 0 0 0 0 0 0 0 0 0 0 0 0 0 0 0 0 0 0 0 0 0 0 0 0 0 0 0 0 0 0 0 0 0 0
0 0 0 0 0 0 0 0 0 0 0 0 0 0 0 0 0 0 0 0 0 0 0 0 0 0 0 0 0 0 0 0 0 0 0 0
0 0 0 0 0 0 0 0 0 0 0 0 0 0 0 0 0 0 0 0 0 0 0 0 0 0 0 0 0 0 0 0 0 0 0 0
0 0 0 0 0 0 0 0 0 0 0 0 0 0 0 0 0 0 0 0 0 0 0 0 0 0 0 0 0 0 0 0 0 0 0 0
0 0 0 0 0 0 0 0 0 0 0 0 0 0 0 0 0 0 0 0 0
##$SHL_SFCOEFFS8= (0..200)
0 0 0 0 0 0 0 0 0 0 0 0 0 0 0 0 0 0 0 0 0 0 0 0 0 0 0 0 0 0 0 0 0 0 0 0
0 0 0 0 0 0 0 0 0 0 0 0 0 0 0 0 0 0 0 0 0 0 0 0 0 0 0 0 0 0 0 0 0 0 0 0
0 0 0 0 0 0 0 0 0 0 0 0 0 0 0 0 0 0 0 0 0 0 0 0 0 0 0 0 0 0 0 0 0 0 0 0
0 0 0 0 0 0 0 0 0 0 0 0 0 0 0 0 0 0 0 0 0 0 0 0 0 0 0 0 0 0 0 0 0 0 0 0
0 0 0 0 0 0 0 0 0 0 0 0 0 0 0 0 0 0 0 0 0 0 0 0 0 0 0 0 0 0 0 0 0 0 0 0
0 0 0 0 0 0 0 0 0 0 0 0 0 0 0 0 0 0 0 0 0
##$SHL_SFCOEFFS9= (0..200)
0 0 0 0 0 0 0 0 0 0 0 0 0 0 0 0 0 0 0 0 0 0 0 0 0 0 0 0 0 0 0 0 0 0 0 0
0 0 0 0 0 0 0 0 0 0 0 0 0 0 0 0 0 0 0 0 0 0 0 0 0 0 0 0 0 0 0 0 0 0 0 0
0 0 0 0 0 0 0 0 0 0 0 0 0 0 0 0 0 0 0 0 0 0 0 0 0 0 0 0 0 0 0 0 0 0 0 0
0 0 0 0 0 0 0 0 0 0 0 0 0 0 0 0 0 0 0 0 0 0 0 0 0 0 0 0 0 0 0 0 0 0 0 0
0 0 0 0 0 0 0 0 0 0 0 0 0 0 0 0 0 0 0 0 0 0 0 0 0 0 0 0 0 0 0 0 0 0 0 0
0 0 0 0 0 0 0 0 0 0 0 0 0 0 0 0 0 0 0 0 0
##$SHL_SMOOTHED= (0..15)
0 0 0 0 0 0 0 0 0 0 0 0 0 0 0 0
##$SHL_SMOOTHING= (0..15)
0 0 0 0 0 0 0 0 0 0 0 0 0 0 0 0
##$SHL_SPOAL= (0..15)
0 0 0 0 0 0 0 0 0 0 0 0 0 0 0 0
##$SHL_SPOFFS= (0..15)
0 0 0 0 0 0 0 0 0 0 0 0 0 0 0 0
##$SHL_SPOPH= (0..15)
0 0 0 0 0 0 0 0 0 0 0 0 0 0 0 0
##$SHL_STARTAMP= (0..15)
0 0 0 0 0 0 0 0 0 0 0 0 0 0 0 0
##$SHL_SW= (0..15)
0 0 0 0 0 0 0 0 0 0 0 0 0 0 0 0
##$SHL_SWDIR= (0..15)
-1 -1 -1 -1 -1 -1 -1 -1 -1 -1 -1 -1 -1 -1 -1 -1
##$SHL_TANKAPPA= (0..15)
0 0 0 0 0 0 0 0 0 0 0 0 0 0 0 0
##$SHL_TOTROT= (0..15)
90 0 0 0 0 0 0 0 0 0 0 0 0 0 0 0
##$SHL_TRUNCLEV= (0..15)
0 0 0 0 0 0 0 0 0 0 0 0 0 0 0 0
##$SHL_TYPE= (0..15)
<Excitation> <> <> <> <> <> <> <> <> <> <> <> <> <> <> <>
##$SHL_WINDOWSIZE= (0..15)
0 0 0 0 0 0 0 0 0 0 0 0 0 0 0 0
##$SHL_ZETA= (0..15)
0 0 0 0 0 0 0 0 0 0 0 0 0 0 0 0
##NPOINTS= 1250
##XYPOINTS= (XY..XY)
100.000000, 245.301897
100.000000, 244.909100
100.000000, 244.516302
100.000000, 244.123505
100.000000, 243.730708
100.000000, 243.337911
100.000000, 242.945113
100.000000, 242.552316
100.000000, 242.159519
100.000000, 241.766722
100.000000, 241.373924
100.000000, 240.981127
100.000000, 240.588330
100.000000, 240.195532
100.000000, 239.802735
100.000000, 239.409938
100.000000, 239.017141
100.000000, 238.624343
100.000000, 238.231546
100.000000, 237.838749
100.000000, 237.445952
100.000000, 237.053154
100.000000, 236.660357
100.000000, 236.267560
100.000000, 235.874762
100.000000, 235.481965
100.000000, 235.089168
100.000000, 234.696371
100.000000, 234.303573
100.000000, 233.910776
100.000000, 233.517979
100.000000, 233.125182
100.000000, 232.732384
100.000000, 232.339587
100.000000, 231.946790
100.000000, 231.553992
100.000000, 231.161195
100.000000, 230.768398
100.000000, 230.375601
100.000000, 229.982803
100.000000, 229.590006
100.000000, 229.197209
100.000000, 228.804412
100.000000, 228.411614
100.000000, 228.018817
100.000000, 227.626020
100.000000, 227.233222
100.000000, 226.840425
100.000000, 226.447628
100.000000, 226.054831
100.000000, 225.662033
100.000000, 225.269236
100.000000, 224.876439
100.000000, 224.483642
100.000000, 224.090844
100.000000, 223.698047
100.000000, 223.305250
100.000000, 222.912452
100.000000, 222.519655
100.000000, 222.126858
100.000000, 221.734061
100.000000, 221.341263
100.000000, 220.948466
100.000000, 220.555669
100.000000, 220.162872
100.000000, 219.770074
100.000000, 219.377277
100.000000, 218.984480
100.000000, 218.591682
100.000000, 218.198885
100.000000, 217.806088
100.000000, 217.413291
100.000000, 217.020493
100.000000, 216.627696
100.000000, 216.234899
100.000000, 215.842102
100.000000, 215.449304
100.000000, 215.056507
100.000000, 214.663710
100.000000, 214.270912
100.000000, 213.878115
100.000000, 213.485318
100.000000, 213.092521
100.000000, 212.699723
100.000000, 212.306926
100.000000, 211.914129
100.000000, 211.521332
100.000000, 211.128534
100.000000, 210.735737
100.000000, 210.342940
100.000000, 209.950142
100.000000, 209.557345
100.000000, 209.164548
100.000000, 208.771751
100.000000, 208.378953
100.000000, 207.986156
100.000000, 207.593359
100.000000, 207.200562
100.000000, 206.807764
100.000000, 206.414967
100.000000, 206.022170
100.000000, 205.629372
100.000000, 205.236575
100.000000, 204.843778
100.000000, 204.450981
100.000000, 204.058183
100.000000, 203.665386
100.000000, 203.272589
100.000000, 202.879792
100.000000, 202.486994
100.000000, 202.094197
100.000000, 201.701400
100.000000, 201.308602
100.000000, 200.915805
100.000000, 200.523008
100.000000, 200.130211
100.000000, 199.737413
100.000000, 199.344616
100.000000, 198.951819
100.000000, 198.559022
100.000000, 198.166224
100.000000, 197.773427
100.000000, 197.380630
100.000000, 196.987832
100.000000, 196.595035
100.000000, 196.202238
100.000000, 195.809441
100.000000, 195.416643
100.000000, 195.023846
100.000000, 194.631049
100.000000, 194.238252
100.000000, 193.845454
100.000000, 193.452657
100.000000, 193.059860
100.000000, 192.667062
100.000000, 192.274265
100.000000, 191.881468
100.000000, 191.488671
100.000000, 191.095873
100.000000, 190.703076
100.000000, 190.310279
100.000000, 189.917482
100.000000, 189.524684
100.000000, 189.131887
100.000000, 188.739090
100.000000, 188.346292
100.000000, 187.953495
100.000000, 187.560698
100.000000, 187.167901
100.000000, 186.775103
100.000000, 186.382306
100.000000, 185.989509
100.000000, 185.596712
100.000000, 185.203914
100.000000, 184.811117
100.000000, 184.418320
100.000000, 184.025522
100.000000, 183.632725
100.000000, 183.239928
100.000000, 182.847131
100.000000, 182.454333
100.000000, 182.061536
100.000000, 181.668739
100.000000, 181.275942
100.000000, 180.883144
100.000000, 180.490347
100.000000, 180.097550
100.000000, 179.704752
100.000000, 179.311955
100.000000, 178.919158
100.000000, 178.526361
100.000000, 178.133563
100.000000, 177.740766
100.000000, 177.347969
100.000000, 176.955172
100.000000, 176.562374
100.000000, 176.169577
100.000000, 175.776780
100.000000, 175.383982
100.000000, 174.991185
100.000000, 174.598388
100.000000, 174.205591
100.000000, 173.812793
100.000000, 173.419996
100.000000, 173.027199
100.000000, 172.634402
100.000000, 172.241604
100.000000, 171.848807
100.000000, 171.456010
100.000000, 171.063212
100.000000, 170.670415
100.000000, 170.277618
100.000000, 169.884821
100.000000, 169.492023
100.000000, 169.099226
100.000000, 168.706429
100.000000, 168.313632
100.000000, 167.920834
100.000000, 167.528037
100.000000, 167.135240
100.000000, 166.742442
100.000000, 166.349645
100.000000, 165.956848
100.000000, 165.564051
100.000000, 165.171253
100.000000, 164.778456
100.000000, 164.385659
100.000000, 163.992862
100.000000, 163.600064
100.000000, 163.207267
100.000000, 162.814470
100.000000, 162.421672
100.000000, 162.028875
100.000000, 161.636078
100.000000, 161.243281
100.000000, 160.850483
100.000000, 160.457686
100.000000, 160.064889
100.000000, 159.672091
100.000000, 159.279294
100.000000, 158.886497
100.000000, 158.493700
100.000000, 158.100902
100.000000, 157.708105
100.000000, 157.315308
100.000000, 156.922511
100.000000, 156.529713
100.000000, 156.136916
100.000000, 155.744119
100.000000, 155.351321
100.000000, 154.958524
100.000000, 154.565727
100.000000, 154.172930
100.000000, 153.780132
100.000000, 153.387335
100.000000, 152.994538
100.000000, 152.601741
100.000000, 152.208943
100.000000, 151.816146
100.000000, 151.423349
100.000000, 151.030551
100.000000, 150.637754
100.000000, 150.244957
100.000000, 149.852160
100.000000, 149.459362
100.000000, 149.066565
100.000000, 148.673768
100.000000, 148.280971
100.000000, 147.888173
100.000000, 147.495376
100.000000, 147.102579
100.000000, 146.709781
100.000000, 146.316984
100.000000, 145.924187
100.000000, 145.531390
100.000000, 145.138592
100.000000, 144.745795
100.000000, 144.352998
100.000000, 143.960201
100.000000, 143.567403
100.000000, 143.174606
100.000000, 142.781809
100.000000, 142.389011
100.000000, 141.996214
100.000000, 141.603417
100.000000, 141.210620
100.000000, 140.817822
100.000000, 140.425025
100.000000, 140.032228
100.000000, 139.639431
100.000000, 139.246633
100.000000, 138.853836
100.000000, 138.461039
100.000000, 138.068241
100.000000, 137.675444
100.000000, 137.282647
100.000000, 136.889850
100.000000, 136.497052
100.000000, 136.104255
100.000000, 135.711458
100.000000, 135.318661
100.000000, 134.925863
100.000000, 134.533066
100.000000, 134.140269
100.000000, 133.747471
100.000000, 133.354674
100.000000, 132.961877
100.000000, 132.569080
100.000000, 132.176282
100.000000, 131.783485
100.000000, 131.390688
100.000000, 130.997891
100.000000, 130.605093
100.000000, 130.212296
100.000000, 129.819499
100.000000, 129.426701
100.000000, 129.033904
100.000000, 128.641107
100.000000, 128.248310
100.000000, 127.855512
100.000000, 127.462715
100.000000, 127.069918
100.000000, 126.677121
100.000000, 126.284323
100.000000, 125.891526
100.000000, 125.498729
100.000000, 125.105931
100.000000, 124.713134
100.000000, 124.320337
100.000000, 123.927540
100.000000, 123.534742
100.000000, 123.141945
100.000000, 122.749148
100.000000, 122.356351
100.000000, 121.963553
100.000000, 121.570756
100.000000, 121.177959
100.000000, 120.785161
100.000000, 120.392364
100.000000, 119.999567
100.000000, 119.606770
100.000000, 119.213972
100.000000, 118.821175
100.000000, 118.428378
100.000000, 118.035581
100.000000, 117.642783
100.000000, 117.249986
100.000000, 116.857189
100.000000, 116.464391
100.000000, 116.071594
100.000000, 115.678797
100.000000, 115.286000
100.000000, 114.893202
100.000000, 114.500405
100.000000, 114.107608
100.000000, 113.714811
100.000000, 113.322013
100.000000, 112.929216
100.000000, 112.536419
100.000000, 112.143621
100.000000, 111.750824
100.000000, 111.358027
100.000000, 110.965230
100.000000, 110.572432
100.000000, 110.179635
100.000000, 109.786838
100.000000, 109.394041
100.000000, 109.001243
100.000000, 108.608446
100.000000, 108.215649
100.000000, 107.822851
100.000000, 107.430054
100.000000, 107.037257
100.000000, 106.644460
100.000000, 106.251662
100.000000, 105.858865
100.000000, 105.466068
100.000000, 105.073271
100.000000, 104.680473
100.000000, 104.287676
100.000000, 103.894879
100.000000, 103.502081
100.000000, 103.109284
100.000000, 102.716487
100.000000, 102.323690
100.000000, 101.930892
100.000000, 101.538095
100.000000, 101.145298
100.000000, 100.752501
100.000000, 100.359703
100.000000, 99.966906
100.000000, 99.574109
100.000000, 99.181311
100.000000, 98.788514
100.000000, 98.395717
100.000000, 98.002920
100.000000, 97.610122
100.000000, 97.217325
100.000000, 96.824528
100.000000, 96.431731
100.000000, 96.038933
100.000000, 95.646136
100.000000, 95.253339
100.000000, 94.860541
100.000000, 94.467744
100.000000, 94.074947
100.000000, 93.682150
100.000000, 93.289352
100.000000, 92.896555
100.000000, 92.503758
100.000000, 92.110961
100.000000, 91.718163
100.000000, 91.325366
100.000000, 90.932569
100.000000, 90.539771
100.000000, 90.146974
100.000000, 89.754177
100.000000, 89.361380
100.000000, 88.968582
100.000000, 88.575785
100.000000, 88.182988
100.000000, 87.790191
100.000000, 87.397393
100.000000, 87.004596
100.000000, 86.611799
100.000000, 86.219001
100.000000, 85.826204
100.000000, 85.433407
100.000000, 85.040610
100.000000, 84.647812
100.000000, 84.255015
100.000000, 83.862218
100.000000, 83.469421
100.000000, 83.076623
100.000000, 82.683826
100.000000, 82.291029
100.000000, 81.898231
100.000000, 81.505434
100.000000, 81.112637
100.000000, 80.719840
100.000000, 80.327042
100.000000, 79.934245
100.000000, 79.541448
100.000000, 79.148651
100.000000, 78.755853
100.000000, 78.363056
100.000000, 77.970259
100.000000, 77.577461
100.000000, 77.184664
100.000000, 76.791867
100.000000, 76.399070
100.000000, 76.006272
100.000000, 75.613475
100.000000, 75.220678
100.000000, 74.827881
100.000000, 74.435083
100.000000, 74.042286
100.000000, 73.649489
100.000000, 73.256691
100.000000, 72.863894
100.000000, 72.471097
100.000000, 72.078300
100.000000, 71.685502
100.000000, 71.292705
100.000000, 70.899908
100.000000, 70.507111
100.000000, 70.114313
100.000000, 69.721516
100.000000, 69.328719
100.000000, 68.935921
100.000000, 68.543124
100.000000, 68.150327
100.000000, 67.757530
100.000000, 67.364732
100.000000, 66.971935
100.000000, 66.579138
100.000000, 66.186341
100.000000, 65.793543
100.000000, 65.400746
100.000000, 65.007949
100.000000, 64.615151
100.000000, 64.222354
100.000000, 63.829557
100.000000, 63.436760
100.000000, 63.043962
100.000000, 62.651165
100.000000, 62.258368
100.000000, 61.865571
100.000000, 61.472773
100.000000, 61.079976
100.000000, 60.687179
100.000000, 60.294381
100.000000, 59.901584
100.000000, 59.508787
100.000000, 59.115990
100.000000, 58.723192
100.000000, 58.330395
100.000000, 57.937598
100.000000, 57.544801
100.000000, 57.152003
100.000000, 56.759206
100.000000, 56.366409
100.000000, 55.973611
100.000000, 55.580814
100.000000, 55.188017
100.000000, 54.795220
100.000000, 54.402422
100.000000, 54.009625
100.000000, 53.616828
100.000000, 53.224030
100.000000, 52.831233
100.000000, 52.438436
100.000000, 52.045639
100.000000, 51.652841
100.000000, 51.260044
100.000000, 50.867247
100.000000, 50.474450
100.000000, 50.081652
100.000000, 49.688855
100.000000, 49.296058
100.000000, 48.903260
100.000000, 48.510463
100.000000, 48.117666
100.000000, 47.724869
100.000000, 47.332071
100.000000, 46.939274
100.000000, 46.546477
100.000000, 46.153680
100.000000, 45.760882
100.000000, 45.368085
100.000000, 44.975288
100.000000, 44.582490
100.000000, 44.189693
100.000000, 43.796896
100.000000, 43.404099
100.000000, 43.011301
100.000000, 42.618504
100.000000, 42.225707
100.000000, 41.832910
100.000000, 41.440112
100.000000, 41.047315
100.000000, 40.654518
100.000000, 40.261720
100.000000, 39.868923
100.000000, 39.476126
100.000000, 39.083329
100.000000, 38.690531
100.000000, 38.297734
100.000000, 37.904937
100.000000, 37.512140
100.000000, 37.119342
100.000000, 36.726545
100.000000, 36.333748
100.000000, 35.940950
100.000000, 35.548153
100.000000, 35.155356
100.000000, 34.762559
100.000000, 34.369761
100.000000, 33.976964
100.000000, 33.584167
100.000000, 33.191370
100.000000, 32.798572
100.000000, 32.405775
100.000000, 32.012978
100.000000, 31.620180
100.000000, 31.227383
100.000000, 30.834586
100.000000, 30.441789
100.000000, 30.048991
100.000000, 29.656194
100.000000, 29.263397
100.000000, 28.870600
100.000000, 28.477802
100.000000, 28.085005
100.000000, 27.692208
100.000000, 27.299410
100.000000, 26.906613
100.000000, 26.513816
100.000000, 26.121019
100.000000, 25.728221
100.000000, 25.335424
100.000000, 24.942627
100.000000, 24.549830
100.000000, 24.157032
100.000000, 23.764235
100.000000, 23.371438
100.000000, 22.978640
100.000000, 22.585843
100.000000, 22.193046
100.000000, 21.800249
100.000000, 21.407451
100.000000, 21.014654
100.000000, 20.621857
100.000000, 20.229060
100.000000, 19.836262
100.000000, 19.443465
100.000000, 19.050668
100.000000, 18.657870
100.000000, 18.265073
100.000000, 17.872276
100.000000, 17.479479
100.000000, 17.086681
100.000000, 16.693884
100.000000, 16.301087
100.000000, 15.908290
100.000000, 15.515492
100.000000, 15.122695
100.000000, 14.729898
100.000000, 14.337100
100.000000, 13.944303
100.000000, 13.551506
100.000000, 13.158709
100.000000, 12.765911
100.000000, 12.373114
100.000000, 11.980317
100.000000, 11.587520
100.000000, 11.194722
100.000000, 10.801925
100.000000, 10.409128
100.000000, 10.016330
100.000000, 9.623533
100.000000, 9.230736
100.000000, 8.837939
100.000000, 8.445141
100.000000, 8.052344
100.000000, 7.659547
100.000000, 7.266750
100.000000, 6.873952
100.000000, 6.481155
100.000000, 6.088358
100.000000, 5.695560
100.000000, 5.302763
100.000000, 4.909966
100.000000, 4.517169
100.000000, 4.124371
100.000000, 3.731574
100.000000, 3.338777
100.000000, 2.945980
100.000000, 2.553182
100.000000, 2.160385
100.000000, 1.767588
100.000000, 1.374790
100.000000, 0.981993
100.000000, 0.589196
100.000000, 0.196399
100.000000, 359.803601
100.000000, 359.410804
100.000000, 359.018007
100.000000, 358.625210
100.000000, 358.232412
100.000000, 357.839615
100.000000, 357.446818
100.000000, 357.054020
100.000000, 356.661223
100.000000, 356.268426
100.000000, 355.875629
100.000000, 355.482831
100.000000, 355.090034
100.000000, 354.697237
100.000000, 354.304440
100.000000, 353.911642
100.000000, 353.518845
100.000000, 353.126048
100.000000, 352.733250
100.000000, 352.340453
100.000000, 351.947656
100.000000, 351.554859
100.000000, 351.162061
100.000000, 350.769264
100.000000, 350.376467
100.000000, 349.983670
100.000000, 349.590872
100.000000, 349.198075
100.000000, 348.805278
100.000000, 348.412480
100.000000, 348.019683
100.000000, 347.626886
100.000000, 347.234089
100.000000, 346.841291
100.000000, 346.448494
100.000000, 346.055697
100.000000, 345.662900
100.000000, 345.270102
100.000000, 344.877305
100.000000, 344.484508
100.000000, 344.091710
100.000000, 343.698913
100.000000, 343.306116
100.000000, 342.913319
100.000000, 342.520521
100.000000, 342.127724
100.000000, 341.734927
100.000000, 341.342130
100.000000, 340.949332
100.000000, 340.556535
100.000000, 340.163738
100.000000, 339.770940
100.000000, 339.378143
100.000000, 338.985346
100.000000, 338.592549
100.000000, 338.199751
100.000000, 337.806954
100.000000, 337.414157
100.000000, 337.021360
100.000000, 336.628562
100.000000, 336.235765
100.000000, 335.842968
100.000000, 335.450170
100.000000, 335.057373
100.000000, 334.664576
100.000000, 334.271779
100.000000, 333.878981
100.000000, 333.486184
100.000000, 333.093387
100.000000, 332.700590
100.000000, 332.307792
100.000000, 331.914995
100.000000, 331.522198
100.000000, 331.129400
100.000000, 330.736603
100.000000, 330.343806
100.000000, 329.951009
100.000000, 329.558211
100.000000, 329.165414
100.000000, 328.772617
100.000000, 328.379820
100.000000, 327.987022
100.000000, 327.594225
100.000000, 327.201428
100.000000, 326.808630
100.000000, 326.415833
100.000000, 326.023036
100.000000, 325.630239
100.000000, 325.237441
100.000000, 324.844644
100.000000, 324.451847
100.000000, 324.059050
100.000000, 323.666252
100.000000, 323.273455
100.000000, 322.880658
100.000000, 322.487860
100.000000, 322.095063
100.000000, 321.702266
100.000000, 321.309469
100.000000, 320.916671
100.000000, 320.523874
100.000000, 320.131077
100.000000, 319.738280
100.000000, 319.345482
100.000000, 318.952685
100.000000, 318.559888
100.000000, 318.167090
100.000000, 317.774293
100.000000, 317.381496
100.000000, 316.988699
100.000000, 316.595901
100.000000, 316.203104
100.000000, 315.810307
100.000000, 315.417510
100.000000, 315.024712
100.000000, 314.631915
100.000000, 314.239118
100.000000, 313.846320
100.000000, 313.453523
100.000000, 313.060726
100.000000, 312.667929
100.000000, 312.275131
100.000000, 311.882334
100.000000, 311.489537
100.000000, 311.096740
100.000000, 310.703942
100.000000, 310.311145
100.000000, 309.918348
100.000000, 309.525550
100.000000, 309.132753
100.000000, 308.739956
100.000000, 308.347159
100.000000, 307.954361
100.000000, 307.561564
100.000000, 307.168767
100.000000, 306.775970
100.000000, 306.383172
100.000000, 305.990375
100.000000, 305.597578
100.000000, 305.204780
100.000000, 304.811983
100.000000, 304.419186
100.000000, 304.026389
100.000000, 303.633591
100.000000, 303.240794
100.000000, 302.847997
100.000000, 302.455199
100.000000, 302.062402
100.000000, 301.669605
100.000000, 301.276808
100.000000, 300.884010
100.000000, 300.491213
100.000000, 300.098416
100.000000, 299.705619
100.000000, 299.312821
100.000000, 298.920024
100.000000, 298.527227
100.000000, 298.134429
100.000000, 297.741632
100.000000, 297.348835
100.000000, 296.956038
100.000000, 296.563240
100.000000, 296.170443
100.000000, 295.777646
100.000000, 295.384849
100.000000, 294.992051
100.000000, 294.599254
100.000000, 294.206457
100.000000, 293.813659
100.000000, 293.420862
100.000000, 293.028065
100.000000, 292.635268
100.000000, 292.242470
100.000000, 291.849673
100.000000, 291.456876
100.000000, 291.064079
100.000000, 290.671281
100.000000, 290.278484
100.000000, 289.885687
100.000000, 289.492889
100.000000, 289.100092
100.000000, 288.707295
100.000000, 288.314498
100.000000, 287.921700
100.000000, 287.528903
100.000000, 287.136106
100.000000, 286.743309
100.000000, 286.350511
100.000000, 285.957714
100.000000, 285.564917
100.000000, 285.172119
100.000000, 284.779322
100.000000, 284.386525
100.000000, 283.993728
100.000000, 283.600930
100.000000, 283.208133
100.000000, 282.815336
100.000000, 282.422539
100.000000, 282.029741
100.000000, 281.636944
100.000000, 281.244147
100.000000, 280.851349
100.000000, 280.458552
100.000000, 280.065755
100.000000, 279.672958
100.000000, 279.280160
100.000000, 278.887363
100.000000, 278.494566
100.000000, 278.101769
100.000000, 277.708971
100.000000, 277.316174
100.000000, 276.923377
100.000000, 276.530579
100.000000, 276.137782
100.000000, 275.744985
100.000000, 275.352188
100.000000, 274.959390
100.000000, 274.566593
100.000000, 274.173796
100.000000, 273.780999
100.000000, 273.388201
100.000000, 272.995404
100.000000, 272.602607
100.000000, 272.209809
100.000000, 271.817012
100.000000, 271.424215
100.000000, 271.031418
100.000000, 270.638620
100.000000, 270.245823
100.000000, 269.853026
100.000000, 269.460229
100.000000, 269.067431
100.000000, 268.674634
100.000000, 268.281837
100.000000, 267.889039
100.000000, 267.496242
100.000000, 267.103445
100.000000, 266.710648
100.000000, 266.317850
100.000000, 265.925053
100.000000, 265.532256
100.000000, 265.139459
100.000000, 264.746661
100.000000, 264.353864
100.000000, 263.961067
100.000000, 263.568269
100.000000, 263.175472
100.000000, 262.782675
100.000000, 262.389878
100.000000, 261.997080
100.000000, 261.604283
100.000000, 261.211486
100.000000, 260.818689
100.000000, 260.425891
100.000000, 260.033094
100.000000, 259.640297
100.000000, 259.247499
100.000000, 258.854702
100.000000, 258.461905
100.000000, 258.069108
100.000000, 257.676310
100.000000, 257.283513
100.000000, 256.890716
100.000000, 256.497919
100.000000, 256.105121
100.000000, 255.712324
100.000000, 255.319527
100.000000, 254.926729
100.000000, 254.533932
100.000000, 254.141135
100.000000, 253.748338
100.000000, 253.355540
100.000000, 252.962743
100.000000, 252.569946
100.000000, 252.177149
100.000000, 251.784351
100.000000, 251.391554
100.000000, 250.998757
100.000000, 250.605959
100.000000, 250.213162
100.000000, 249.820365
100.000000, 249.427568
100.000000, 249.034770
100.000000, 248.641973
100.000000, 248.249176
100.000000, 247.856379
100.000000, 247.463581
100.000000, 247.070784
100.000000, 246.677987
100.000000, 246.285189
100.000000, 245.892392
100.000000, 245.499595
100.000000, 245.106798
100.000000, 244.714000
100.000000, 244.321203
100.000000, 243.928406
100.000000, 243.535609
100.000000, 243.142811
100.000000, 242.750014
100.000000, 242.357217
100.000000, 241.964419
100.000000, 241.571622
100.000000, 241.178825
100.000000, 240.786028
100.000000, 240.393230
100.000000, 240.000433
100.000000, 239.607636
100.000000, 239.214839
100.000000, 238.822041
100.000000, 238.429244
100.000000, 238.036447
100.000000, 237.643649
100.000000, 237.250852
100.000000, 236.858055
100.000000, 236.465258
100.000000, 236.072460
100.000000, 235.679663
100.000000, 235.286866
100.000000, 234.894069
100.000000, 234.501271
100.000000, 234.108474
100.000000, 233.715677
100.000000, 233.322879
100.000000, 232.930082
100.000000, 232.537285
100.000000, 232.144488
100.000000, 231.751690
100.000000, 231.358893
100.000000, 230.966096
100.000000, 230.573299
100.000000, 230.180501
100.000000, 229.787704
100.000000, 229.394907
100.000000, 229.002109
100.000000, 228.609312
100.000000, 228.216515
100.000000, 227.823718
100.000000, 227.430920
100.000000, 227.038123
100.000000, 226.645326
100.000000, 226.252529
100.000000, 225.859731
100.000000, 225.466934
100.000000, 225.074137
100.000000, 224.681339
100.000000, 224.288542
100.000000, 223.895745
100.000000, 223.502948
100.000000, 223.110150
100.000000, 222.717353
100.000000, 222.324556
100.000000, 221.931759
100.000000, 221.538961
100.000000, 221.146164
100.000000, 220.753367
100.000000, 220.360569
100.000000, 219.967772
100.000000, 219.574975
100.000000, 219.182178
100.000000, 218.789380
100.000000, 218.396583
100.000000, 218.003786
100.000000, 217.610989
100.000000, 217.218191
100.000000, 216.825394
100.000000, 216.432597
100.000000, 216.039799
100.000000, 215.647002
100.000000, 215.254205
100.000000, 214.861408
100.000000, 214.468610
100.000000, 214.075813
100.000000, 213.683016
100.000000, 213.290219
100.000000, 212.897421
100.000000, 212.504624
100.000000, 212.111827
100.000000, 211.719029
100.000000, 211.326232
100.000000, 210.933435
100.000000, 210.540638
100.000000, 210.147840
100.000000, 209.755043
100.000000, 209.362246
100.000000, 208.969449
100.000000, 208.576651
100.000000, 208.183854
100.000000, 207.791057
100.000000, 207.398259
100.000000, 207.005462
100.000000, 206.612665
100.000000, 206.219868
100.000000, 205.827070
100.000000, 205.434273
100.000000, 205.041476
100.000000, 204.648679
100.000000, 204.255881
100.000000, 203.863084
100.000000, 203.470287
100.000000, 203.077489
100.000000, 202.684692
100.000000, 202.291895
100.000000, 201.899098
100.000000, 201.506300
100.000000, 201.113503
100.000000, 200.720706
100.000000, 200.327909
100.000000, 199.935111
100.000000, 199.542314
100.000000, 199.149517
100.000000, 198.756719
100.000000, 198.363922
100.000000, 197.971125
100.000000, 197.578328
100.000000, 197.185530
100.000000, 196.792733
100.000000, 196.399936
100.000000, 196.007138
100.000000, 195.614341
100.000000, 195.221544
100.000000, 194.828747
100.000000, 194.435949
100.000000, 194.043152
100.000000, 193.650355
100.000000, 193.257558
100.000000, 192.864760
100.000000, 192.471963
100.000000, 192.079166
100.000000, 191.686368
100.000000, 191.293571
100.000000, 190.900774
100.000000, 190.507977
100.000000, 190.115179
100.000000, 189.722382
100.000000, 189.329585
100.000000, 188.936788
100.000000, 188.543990
100.000000, 188.151193
100.000000, 187.758396
100.000000, 187.365598
100.000000, 186.972801
100.000000, 186.580004
100.000000, 186.187207
100.000000, 185.794409
100.000000, 185.401612
100.000000, 185.008815
100.000000, 184.616018
100.000000, 184.223220
100.000000, 183.830423
100.000000, 183.437626
100.000000, 183.044828
100.000000, 182.652031
100.000000, 182.259234
100.000000, 181.866437
100.000000, 181.473639
100.000000, 181.080842
100.000000, 180.688045
100.000000, 180.295248
100.000000, 179.902450
100.000000, 179.509653
100.000000, 179.116856
100.000000, 178.724058
100.000000, 178.331261
100.000000, 177.938464
100.000000, 177.545667
100.000000, 177.152869
100.000000, 176.760072
100.000000, 176.367275
100.000000, 175.974478
100.000000, 175.581680
100.000000, 175.188883
100.000000, 174.796086
100.000000, 174.403288
100.000000, 174.010491
100.000000, 173.617694
100.000000, 173.224897
100.000000, 172.832099
100.000000, 172.439302
100.000000, 172.046505
100.000000, 171.653708
100.000000, 171.260910
100.000000, 170.868113
100.000000, 170.475316
100.000000, 170.082518
100.000000, 169.689721
100.000000, 169.296924
100.000000, 168.904127
100.000000, 168.511329
100.000000, 168.118532
100.000000, 167.725735
100.000000, 167.332938
100.000000, 166.940140
100.000000, 166.547343
100.000000, 166.154546
100.000000, 165.761748
100.000000, 165.368951
100.000000, 164.976154
100.000000, 164.583357
100.000000, 164.190559
100.000000, 163.797762
100.000000, 163.404965
100.000000, 163.012168
100.000000, 162.619370
100.000000, 162.226573
100.000000, 161.833776
100.000000, 161.440978
100.000000, 161.048181
100.000000, 160.655384
100.000000, 160.262587
100.000000, 159.869789
100.000000, 159.476992
100.000000, 159.084195
100.000000, 158.691398
100.000000, 158.298600
100.000000, 157.905803
100.000000, 157.513006
100.000000, 157.120208
100.000000, 156.727411
100.000000, 156.334614
100.000000, 155.941817
100.000000, 155.549019
100.000000, 155.156222
100.000000, 154.763425
100.000000, 154.370628
100.000000, 153.977830
100.000000, 153.585033
100.000000, 153.192236
100.000000, 152.799438
100.000000, 152.406641
100.000000, 152.013844
100.000000, 151.621047
100.000000, 151.228249
100.000000, 150.835452
100.000000, 150.442655
100.000000, 150.049858
100.000000, 149.657060
100.000000, 149.264263
100.000000, 148.871466
100.000000, 148.478668
100.000000, 148.085871
100.000000, 147.693074
100.000000, 147.300277
100.000000, 146.907479
100.000000, 146.514682
100.000000, 146.121885
100.000000, 145.729088
100.000000, 145.336290
100.000000, 144.943493
100.000000, 144.550696
100.000000, 144.157898
100.000000, 143.765101
100.000000, 143.372304
100.000000, 142.979507
100.000000, 142.586709
100.000000, 142.193912
100.000000, 141.801115
100.000000, 141.408318
100.000000, 141.015520
100.000000, 140.622723
100.000000, 140.229926
100.000000, 139.837128
100.000000, 139.444331
100.000000, 139.051534
100.000000, 138.658737
100.000000, 138.265939
100.000000, 137.873142
100.000000, 137.480345
100.000000, 137.087548
100.000000, 136.694750
100.000000, 136.301953
100.000000, 135.909156
100.000000, 135.516358
100.000000, 135.123561
100.000000, 134.730764
100.000000, 134.337967
100.000000, 133.945169
100.000000, 133.552372
100.000000, 133.159575
100.000000, 132.766778
100.000000, 132.373980
100.000000, 131.981183
100.000000, 131.588386
100.000000, 131.195588
100.000000, 130.802791
100.000000, 130.409994
100.000000, 130.017197
100.000000, 129.624399
100.000000, 129.231602
100.000000, 128.838805
100.000000, 128.446008
100.000000, 128.053210
100.000000, 127.660413
100.000000, 127.267616
100.000000, 126.874818
100.000000, 126.482021
100.000000, 126.089224
100.000000, 125.696427
100.000000, 125.303629
100.000000, 124.910832
100.000000, 124.518035
100.000000, 124.125238
100.000000, 123.732440
100.000000, 123.339643
100.000000, 122.946846
100.000000, 122.554048
100.000000, 122.161251
100.000000, 121.768454
100.000000, 121.375657
100.000000, 120.982859
100.000000, 120.590062
100.000000, 120.197265
100.000000, 119.804468
100.000000, 119.411670
100.000000, 119.018873
100.000000, 118.626076
100.000000, 118.233278
100.000000, 117.840481
100.000000, 117.447684
100.000000, 117.054887
100.000000, 116.662089
100.000000, 116.269292
100.000000, 115.876495
100.000000, 115.483698
100.000000, 115.090900
100.000000, 114.698103
##END=
