##TITLE= Parameter file, TopSpin 4.3.0
##JCAMPDX= 5.0
##DATATYPE= Parameter Values
##ORIGIN= Bruker BioSpin GmbH
##OWNER= nmrsu
$$ 2024-02-06 13:22:53.868 +0000  nmrsu@4CE1161FJM
$$ C:/Bruker/TopSpin4.3.0/exp/stan/nmr/lists/wave/user/multisupp_aux_d8
$$ process C:\Bruker\TopSpin4.3.0\prog\mod\xwinshape.exe
##MINX= 0.02515000
##MAXX= 99.99990400
##MINY= 0.29308500
##MAXY= 359.70691500
##$SHAPE_ADDPHASE= 0
##$SHAPE_AMP= 99.99990353
##$SHAPE_BWFAC= 0
##$SHAPE_BWFAC50= 0
##$SHAPE_CALCBW= yes
##$SHAPE_CALCINTEG= yes
##$SHAPE_EXMODE= <Excitation>
##$SHAPE_EXPAND= <>
##$SHAPE_EXPANDCF= (0..143)
0 0 0 0 0 0 0 0 0 0 0 0 0 0 0 0 0 0 0 0 0 0 0 0 0 0 0 0 0 0 0 0 0 0 0 0
0 0 0 0 0 0 0 0 0 0 0 0 0 0 0 0 0 0 0 0 0 0 0 0 0 0 0 0 0 0 0 0 0 0 0 0
0 0 0 0 0 0 0 0 0 0 0 0 0 0 0 0 0 0 0 0 0 0 0 0 0 0 0 0 0 0 0 0 0 0 0 0
0 0 0 0 0 0 0 0 0 0 0 0 0 0 0 0 0 0 0 0 0 0 0 0 0 0 0 0 0 0 0 0 0 0 0 0
##$SHAPE_EXPFAC= 0
##$SHAPE_FRACEND= 0
##$SHAPE_FRACORG= 0
##$SHAPE_FRACSTART= 0
##$SHAPE_INTEGFAC= 0
##$SHAPE_KEEPRES= yes
##$SHAPE_LENGTH= 25000.000373
##$SHAPE_MAN= <M>
##$SHAPE_MODE= 2
##$SHAPE_MODFREQ= 0
##$SHAPE_MODPHASE= 0
##$SHAPE_MODSCALE= 0
##$SHAPE_MODSW= 0
##$SHAPE_MODSWDIR= -1
##$SHAPE_NPOINTS= 1250
##$SHAPE_OFFS= <1 2>
##$SHAPE_OFFSCOEFF= (0..95)
53.136475 0 100 -215.96147 0 100 0 0 0 0 0 0 0 0 0 0 0 0 0 0 0 0 0 0 0
0 0 0 0 0 0 0 0 0 0 0 0 0 0 0 0 0 0 0 0 0 0 0 0 0 0 0 0 0 0 0 0 0 0 0 0
0 0 0 0 0 0 0 0 0 0 0 0 0 0 0 0 0 0 0 0 0 0 0 0 0 0 0 0 0 0 0 0 0 0 0
##$SHAPE_PARAMETER= <>
##$SHAPE_REPHFAC= 0
##$SHAPE_RES= 0
##$SHAPE_SCALEFAC= 1.00000096
##$SHAPE_SCALETYPE= 0
##$SHAPE_SPOAL= 0
##$SHAPE_SPOFFS= 0
##$SHAPE_SPOPH= 0
##$SHAPE_TOTROT= 90
##$SHAPE_TYPE= <Excitation>
##$SHAPE_USER_DEF= <>
##$SHAPE_VERSION= 2.1
##$SHL_ADDPHASE= (0..15)
0 0 0 0 0 0 0 0 0 0 0 0 0 0 0 0
##$SHL_ALIGNOFFSET= (0..15)
0 0 0 0 0 0 0 0 0 0 0 0 0 0 0 0
##$SHL_AMP= (0..15)
100 0 0 0 0 0 0 0 0 0 0 0 0 0 0 0
##$SHL_AMPFAC= (0..15)
0 0 0 0 0 0 0 0 0 0 0 0 0 0 0 0
##$SHL_BETA= (0..15)
0 0 0 0 0 0 0 0 0 0 0 0 0 0 0 0
##$SHL_BWFAC= (0..15)
1.116 0 0 0 0 0 0 0 0 0 0 0 0 0 0 0
##$SHL_CALCBW= (0..15)
yes yes yes yes yes yes yes yes yes yes yes yes yes yes yes yes
##$SHL_CALCINTEG= (0..15)
yes yes yes yes yes yes yes yes yes yes yes yes yes yes yes yes
##$SHL_CENTERAMP= (0..15)
0 0 0 0 0 0 0 0 0 0 0 0 0 0 0 0
##$SHL_CYCNUM= (0..15)
0 0 0 0 0 0 0 0 0 0 0 0 0 0 0 0
##$SHL_DIPOLCPL= (0..15)
0 0 0 0 0 0 0 0 0 0 0 0 0 0 0 0
##$SHL_ENDAMP= (0..15)
0 0 0 0 0 0 0 0 0 0 0 0 0 0 0 0
##$SHL_EXMODE= (0..15)
<Excitation> <> <> <> <> <> <> <> <> <> <> <> <> <> <> <>
##$SHL_EXPAND= (0..15)
<> <> <> <> <> <> <> <> <> <> <> <> <> <> <> <>
##$SHL_EXPANDCF0= (0..143)
0 0 0 0 0 0 0 0 0 0 0 0 0 0 0 0 0 0 0 0 0 0 0 0 0 0 0 0 0 0 0 0 0 0 0 0
0 0 0 0 0 0 0 0 0 0 0 0 0 0 0 0 0 0 0 0 0 0 0 0 0 0 0 0 0 0 0 0 0 0 0 0
0 0 0 0 0 0 0 0 0 0 0 0 0 0 0 0 0 0 0 0 0 0 0 0 0 0 0 0 0 0 0 0 0 0 0 0
0 0 0 0 0 0 0 0 0 0 0 0 0 0 0 0 0 0 0 0 0 0 0 0 0 0 0 0 0 0 0 0 0 0 0 0
##$SHL_EXPANDCF1= (0..143)
0 0 0 0 0 0 0 0 0 0 0 0 0 0 0 0 0 0 0 0 0 0 0 0 0 0 0 0 0 0 0 0 0 0 0 0
0 0 0 0 0 0 0 0 0 0 0 0 0 0 0 0 0 0 0 0 0 0 0 0 0 0 0 0 0 0 0 0 0 0 0 0
0 0 0 0 0 0 0 0 0 0 0 0 0 0 0 0 0 0 0 0 0 0 0 0 0 0 0 0 0 0 0 0 0 0 0 0
0 0 0 0 0 0 0 0 0 0 0 0 0 0 0 0 0 0 0 0 0 0 0 0 0 0 0 0 0 0 0 0 0 0 0 0
##$SHL_EXPANDCF10= (0..143)
0 0 0 0 0 0 0 0 0 0 0 0 0 0 0 0 0 0 0 0 0 0 0 0 0 0 0 0 0 0 0 0 0 0 0 0
0 0 0 0 0 0 0 0 0 0 0 0 0 0 0 0 0 0 0 0 0 0 0 0 0 0 0 0 0 0 0 0 0 0 0 0
0 0 0 0 0 0 0 0 0 0 0 0 0 0 0 0 0 0 0 0 0 0 0 0 0 0 0 0 0 0 0 0 0 0 0 0
0 0 0 0 0 0 0 0 0 0 0 0 0 0 0 0 0 0 0 0 0 0 0 0 0 0 0 0 0 0 0 0 0 0 0 0
##$SHL_EXPANDCF11= (0..143)
0 0 0 0 0 0 0 0 0 0 0 0 0 0 0 0 0 0 0 0 0 0 0 0 0 0 0 0 0 0 0 0 0 0 0 0
0 0 0 0 0 0 0 0 0 0 0 0 0 0 0 0 0 0 0 0 0 0 0 0 0 0 0 0 0 0 0 0 0 0 0 0
0 0 0 0 0 0 0 0 0 0 0 0 0 0 0 0 0 0 0 0 0 0 0 0 0 0 0 0 0 0 0 0 0 0 0 0
0 0 0 0 0 0 0 0 0 0 0 0 0 0 0 0 0 0 0 0 0 0 0 0 0 0 0 0 0 0 0 0 0 0 0 0
##$SHL_EXPANDCF12= (0..143)
0 0 0 0 0 0 0 0 0 0 0 0 0 0 0 0 0 0 0 0 0 0 0 0 0 0 0 0 0 0 0 0 0 0 0 0
0 0 0 0 0 0 0 0 0 0 0 0 0 0 0 0 0 0 0 0 0 0 0 0 0 0 0 0 0 0 0 0 0 0 0 0
0 0 0 0 0 0 0 0 0 0 0 0 0 0 0 0 0 0 0 0 0 0 0 0 0 0 0 0 0 0 0 0 0 0 0 0
0 0 0 0 0 0 0 0 0 0 0 0 0 0 0 0 0 0 0 0 0 0 0 0 0 0 0 0 0 0 0 0 0 0 0 0
##$SHL_EXPANDCF13= (0..143)
0 0 0 0 0 0 0 0 0 0 0 0 0 0 0 0 0 0 0 0 0 0 0 0 0 0 0 0 0 0 0 0 0 0 0 0
0 0 0 0 0 0 0 0 0 0 0 0 0 0 0 0 0 0 0 0 0 0 0 0 0 0 0 0 0 0 0 0 0 0 0 0
0 0 0 0 0 0 0 0 0 0 0 0 0 0 0 0 0 0 0 0 0 0 0 0 0 0 0 0 0 0 0 0 0 0 0 0
0 0 0 0 0 0 0 0 0 0 0 0 0 0 0 0 0 0 0 0 0 0 0 0 0 0 0 0 0 0 0 0 0 0 0 0
##$SHL_EXPANDCF14= (0..143)
0 0 0 0 0 0 0 0 0 0 0 0 0 0 0 0 0 0 0 0 0 0 0 0 0 0 0 0 0 0 0 0 0 0 0 0
0 0 0 0 0 0 0 0 0 0 0 0 0 0 0 0 0 0 0 0 0 0 0 0 0 0 0 0 0 0 0 0 0 0 0 0
0 0 0 0 0 0 0 0 0 0 0 0 0 0 0 0 0 0 0 0 0 0 0 0 0 0 0 0 0 0 0 0 0 0 0 0
0 0 0 0 0 0 0 0 0 0 0 0 0 0 0 0 0 0 0 0 0 0 0 0 0 0 0 0 0 0 0 0 0 0 0 0
##$SHL_EXPANDCF15= (0..143)
0 0 0 0 0 0 0 0 0 0 0 0 0 0 0 0 0 0 0 0 0 0 0 0 0 0 0 0 0 0 0 0 0 0 0 0
0 0 0 0 0 0 0 0 0 0 0 0 0 0 0 0 0 0 0 0 0 0 0 0 0 0 0 0 0 0 0 0 0 0 0 0
0 0 0 0 0 0 0 0 0 0 0 0 0 0 0 0 0 0 0 0 0 0 0 0 0 0 0 0 0 0 0 0 0 0 0 0
0 0 0 0 0 0 0 0 0 0 0 0 0 0 0 0 0 0 0 0 0 0 0 0 0 0 0 0 0 0 0 0 0 0 0 0
##$SHL_EXPANDCF2= (0..143)
0 0 0 0 0 0 0 0 0 0 0 0 0 0 0 0 0 0 0 0 0 0 0 0 0 0 0 0 0 0 0 0 0 0 0 0
0 0 0 0 0 0 0 0 0 0 0 0 0 0 0 0 0 0 0 0 0 0 0 0 0 0 0 0 0 0 0 0 0 0 0 0
0 0 0 0 0 0 0 0 0 0 0 0 0 0 0 0 0 0 0 0 0 0 0 0 0 0 0 0 0 0 0 0 0 0 0 0
0 0 0 0 0 0 0 0 0 0 0 0 0 0 0 0 0 0 0 0 0 0 0 0 0 0 0 0 0 0 0 0 0 0 0 0
##$SHL_EXPANDCF3= (0..143)
0 0 0 0 0 0 0 0 0 0 0 0 0 0 0 0 0 0 0 0 0 0 0 0 0 0 0 0 0 0 0 0 0 0 0 0
0 0 0 0 0 0 0 0 0 0 0 0 0 0 0 0 0 0 0 0 0 0 0 0 0 0 0 0 0 0 0 0 0 0 0 0
0 0 0 0 0 0 0 0 0 0 0 0 0 0 0 0 0 0 0 0 0 0 0 0 0 0 0 0 0 0 0 0 0 0 0 0
0 0 0 0 0 0 0 0 0 0 0 0 0 0 0 0 0 0 0 0 0 0 0 0 0 0 0 0 0 0 0 0 0 0 0 0
##$SHL_EXPANDCF4= (0..143)
0 0 0 0 0 0 0 0 0 0 0 0 0 0 0 0 0 0 0 0 0 0 0 0 0 0 0 0 0 0 0 0 0 0 0 0
0 0 0 0 0 0 0 0 0 0 0 0 0 0 0 0 0 0 0 0 0 0 0 0 0 0 0 0 0 0 0 0 0 0 0 0
0 0 0 0 0 0 0 0 0 0 0 0 0 0 0 0 0 0 0 0 0 0 0 0 0 0 0 0 0 0 0 0 0 0 0 0
0 0 0 0 0 0 0 0 0 0 0 0 0 0 0 0 0 0 0 0 0 0 0 0 0 0 0 0 0 0 0 0 0 0 0 0
##$SHL_EXPANDCF5= (0..143)
0 0 0 0 0 0 0 0 0 0 0 0 0 0 0 0 0 0 0 0 0 0 0 0 0 0 0 0 0 0 0 0 0 0 0 0
0 0 0 0 0 0 0 0 0 0 0 0 0 0 0 0 0 0 0 0 0 0 0 0 0 0 0 0 0 0 0 0 0 0 0 0
0 0 0 0 0 0 0 0 0 0 0 0 0 0 0 0 0 0 0 0 0 0 0 0 0 0 0 0 0 0 0 0 0 0 0 0
0 0 0 0 0 0 0 0 0 0 0 0 0 0 0 0 0 0 0 0 0 0 0 0 0 0 0 0 0 0 0 0 0 0 0 0
##$SHL_EXPANDCF6= (0..143)
0 0 0 0 0 0 0 0 0 0 0 0 0 0 0 0 0 0 0 0 0 0 0 0 0 0 0 0 0 0 0 0 0 0 0 0
0 0 0 0 0 0 0 0 0 0 0 0 0 0 0 0 0 0 0 0 0 0 0 0 0 0 0 0 0 0 0 0 0 0 0 0
0 0 0 0 0 0 0 0 0 0 0 0 0 0 0 0 0 0 0 0 0 0 0 0 0 0 0 0 0 0 0 0 0 0 0 0
0 0 0 0 0 0 0 0 0 0 0 0 0 0 0 0 0 0 0 0 0 0 0 0 0 0 0 0 0 0 0 0 0 0 0 0
##$SHL_EXPANDCF7= (0..143)
0 0 0 0 0 0 0 0 0 0 0 0 0 0 0 0 0 0 0 0 0 0 0 0 0 0 0 0 0 0 0 0 0 0 0 0
0 0 0 0 0 0 0 0 0 0 0 0 0 0 0 0 0 0 0 0 0 0 0 0 0 0 0 0 0 0 0 0 0 0 0 0
0 0 0 0 0 0 0 0 0 0 0 0 0 0 0 0 0 0 0 0 0 0 0 0 0 0 0 0 0 0 0 0 0 0 0 0
0 0 0 0 0 0 0 0 0 0 0 0 0 0 0 0 0 0 0 0 0 0 0 0 0 0 0 0 0 0 0 0 0 0 0 0
##$SHL_EXPANDCF8= (0..143)
0 0 0 0 0 0 0 0 0 0 0 0 0 0 0 0 0 0 0 0 0 0 0 0 0 0 0 0 0 0 0 0 0 0 0 0
0 0 0 0 0 0 0 0 0 0 0 0 0 0 0 0 0 0 0 0 0 0 0 0 0 0 0 0 0 0 0 0 0 0 0 0
0 0 0 0 0 0 0 0 0 0 0 0 0 0 0 0 0 0 0 0 0 0 0 0 0 0 0 0 0 0 0 0 0 0 0 0
0 0 0 0 0 0 0 0 0 0 0 0 0 0 0 0 0 0 0 0 0 0 0 0 0 0 0 0 0 0 0 0 0 0 0 0
##$SHL_EXPANDCF9= (0..143)
0 0 0 0 0 0 0 0 0 0 0 0 0 0 0 0 0 0 0 0 0 0 0 0 0 0 0 0 0 0 0 0 0 0 0 0
0 0 0 0 0 0 0 0 0 0 0 0 0 0 0 0 0 0 0 0 0 0 0 0 0 0 0 0 0 0 0 0 0 0 0 0
0 0 0 0 0 0 0 0 0 0 0 0 0 0 0 0 0 0 0 0 0 0 0 0 0 0 0 0 0 0 0 0 0 0 0 0
0 0 0 0 0 0 0 0 0 0 0 0 0 0 0 0 0 0 0 0 0 0 0 0 0 0 0 0 0 0 0 0 0 0 0 0
##$SHL_EXPFAC= (0..15)
0 0 0 0 0 0 0 0 0 0 0 0 0 0 0 0
##$SHL_FRACEND= (0..15)
0 0 0 0 0 0 0 0 0 0 0 0 0 0 0 0
##$SHL_FRACORG= (0..15)
0 0 0 0 0 0 0 0 0 0 0 0 0 0 0 0
##$SHL_FRACSTART= (0..15)
0 0 0 0 0 0 0 0 0 0 0 0 0 0 0 0
##$SHL_FULLHALF= (0..15)
0 0 0 0 0 0 0 0 0 0 0 0 0 0 0 0
##$SHL_FUNCAMP= (0..15)
100 0 0 0 0 0 0 0 0 0 0 0 0 0 0 0
##$SHL_FUNCTION= (0..15)
<Rectangle> <> <> <> <> <> <> <> <> <> <> <> <> <> <> <>
##$SHL_GCO= (0..15)
<> <> <> <> <> <> <> <> <> <> <> <> <> <> <> <>
##$SHL_GCOCOEFFS0= (0..59)
0 0 0 0 0 0 0 0 0 0 0 0 0 0 0 0 0 0 0 0 0 0 0 0 0 0 0 0 0 0 0 0 0 0 0 0
0 0 0 0 0 0 0 0 0 0 0 0 0 0 0 0 0 0 0 0 0 0 0 0
##$SHL_GCOCOEFFS1= (0..59)
0 0 0 0 0 0 0 0 0 0 0 0 0 0 0 0 0 0 0 0 0 0 0 0 0 0 0 0 0 0 0 0 0 0 0 0
0 0 0 0 0 0 0 0 0 0 0 0 0 0 0 0 0 0 0 0 0 0 0 0
##$SHL_GCOCOEFFS10= (0..59)
0 0 0 0 0 0 0 0 0 0 0 0 0 0 0 0 0 0 0 0 0 0 0 0 0 0 0 0 0 0 0 0 0 0 0 0
0 0 0 0 0 0 0 0 0 0 0 0 0 0 0 0 0 0 0 0 0 0 0 0
##$SHL_GCOCOEFFS11= (0..59)
0 0 0 0 0 0 0 0 0 0 0 0 0 0 0 0 0 0 0 0 0 0 0 0 0 0 0 0 0 0 0 0 0 0 0 0
0 0 0 0 0 0 0 0 0 0 0 0 0 0 0 0 0 0 0 0 0 0 0 0
##$SHL_GCOCOEFFS12= (0..59)
0 0 0 0 0 0 0 0 0 0 0 0 0 0 0 0 0 0 0 0 0 0 0 0 0 0 0 0 0 0 0 0 0 0 0 0
0 0 0 0 0 0 0 0 0 0 0 0 0 0 0 0 0 0 0 0 0 0 0 0
##$SHL_GCOCOEFFS13= (0..59)
0 0 0 0 0 0 0 0 0 0 0 0 0 0 0 0 0 0 0 0 0 0 0 0 0 0 0 0 0 0 0 0 0 0 0 0
0 0 0 0 0 0 0 0 0 0 0 0 0 0 0 0 0 0 0 0 0 0 0 0
##$SHL_GCOCOEFFS14= (0..59)
0 0 0 0 0 0 0 0 0 0 0 0 0 0 0 0 0 0 0 0 0 0 0 0 0 0 0 0 0 0 0 0 0 0 0 0
0 0 0 0 0 0 0 0 0 0 0 0 0 0 0 0 0 0 0 0 0 0 0 0
##$SHL_GCOCOEFFS15= (0..59)
0 0 0 0 0 0 0 0 0 0 0 0 0 0 0 0 0 0 0 0 0 0 0 0 0 0 0 0 0 0 0 0 0 0 0 0
0 0 0 0 0 0 0 0 0 0 0 0 0 0 0 0 0 0 0 0 0 0 0 0
##$SHL_GCOCOEFFS2= (0..59)
0 0 0 0 0 0 0 0 0 0 0 0 0 0 0 0 0 0 0 0 0 0 0 0 0 0 0 0 0 0 0 0 0 0 0 0
0 0 0 0 0 0 0 0 0 0 0 0 0 0 0 0 0 0 0 0 0 0 0 0
##$SHL_GCOCOEFFS3= (0..59)
0 0 0 0 0 0 0 0 0 0 0 0 0 0 0 0 0 0 0 0 0 0 0 0 0 0 0 0 0 0 0 0 0 0 0 0
0 0 0 0 0 0 0 0 0 0 0 0 0 0 0 0 0 0 0 0 0 0 0 0
##$SHL_GCOCOEFFS4= (0..59)
0 0 0 0 0 0 0 0 0 0 0 0 0 0 0 0 0 0 0 0 0 0 0 0 0 0 0 0 0 0 0 0 0 0 0 0
0 0 0 0 0 0 0 0 0 0 0 0 0 0 0 0 0 0 0 0 0 0 0 0
##$SHL_GCOCOEFFS5= (0..59)
0 0 0 0 0 0 0 0 0 0 0 0 0 0 0 0 0 0 0 0 0 0 0 0 0 0 0 0 0 0 0 0 0 0 0 0
0 0 0 0 0 0 0 0 0 0 0 0 0 0 0 0 0 0 0 0 0 0 0 0
##$SHL_GCOCOEFFS6= (0..59)
0 0 0 0 0 0 0 0 0 0 0 0 0 0 0 0 0 0 0 0 0 0 0 0 0 0 0 0 0 0 0 0 0 0 0 0
0 0 0 0 0 0 0 0 0 0 0 0 0 0 0 0 0 0 0 0 0 0 0 0
##$SHL_GCOCOEFFS7= (0..59)
0 0 0 0 0 0 0 0 0 0 0 0 0 0 0 0 0 0 0 0 0 0 0 0 0 0 0 0 0 0 0 0 0 0 0 0
0 0 0 0 0 0 0 0 0 0 0 0 0 0 0 0 0 0 0 0 0 0 0 0
##$SHL_GCOCOEFFS8= (0..59)
0 0 0 0 0 0 0 0 0 0 0 0 0 0 0 0 0 0 0 0 0 0 0 0 0 0 0 0 0 0 0 0 0 0 0 0
0 0 0 0 0 0 0 0 0 0 0 0 0 0 0 0 0 0 0 0 0 0 0 0
##$SHL_GCOCOEFFS9= (0..59)
0 0 0 0 0 0 0 0 0 0 0 0 0 0 0 0 0 0 0 0 0 0 0 0 0 0 0 0 0 0 0 0 0 0 0 0
0 0 0 0 0 0 0 0 0 0 0 0 0 0 0 0 0 0 0 0 0 0 0 0
##$SHL_INTEGFAC= (0..15)
1 0 0 0 0 0 0 0 0 0 0 0 0 0 0 0
##$SHL_LB= (0..15)
0 0 0 0 0 0 0 0 0 0 0 0 0 0 0 0
##$SHL_LEFTLIMIT= (0..15)
0 0 0 0 0 0 0 0 0 0 0 0 0 0 0 0
##$SHL_LENGTH= (0..15)
25000.000373 0 0 0 0 0 0 0 0 0 0 0 0 0 0 0
##$SHL_MAN= (0..15)
<> <> <> <> <> <> <> <> <> <> <> <> <> <> <> <>
##$SHL_MEANAMP= (0..15)
0 0 0 0 0 0 0 0 0 0 0 0 0 0 0 0
##$SHL_MODAMP= (0..15)
0 0 0 0 0 0 0 0 0 0 0 0 0 0 0 0
##$SHL_MODE= (0..15)
0 0 0 0 0 0 0 0 0 0 0 0 0 0 0 0
##$SHL_MODFREQ= (0..15)
0 0 0 0 0 0 0 0 0 0 0 0 0 0 0 0
##$SHL_MODPHASE= (0..15)
0 0 0 0 0 0 0 0 0 0 0 0 0 0 0 0
##$SHL_MODSCALE= (0..15)
0 0 0 0 0 0 0 0 0 0 0 0 0 0 0 0
##$SHL_MODSW= (0..15)
0 0 0 0 0 0 0 0 0 0 0 0 0 0 0 0
##$SHL_MODSWDIR= (0..15)
-1 -1 -1 -1 -1 -1 -1 -1 -1 -1 -1 -1 -1 -1 -1 -1
##$SHL_MU= (0..15)
0 0 0 0 0 0 0 0 0 0 0 0 0 0 0 0
##$SHL_NPOINTS= (0..15)
1250 0 0 0 0 0 0 0 0 0 0 0 0 0 0 0
##$SHL_OFFS= (0..15)
<> <> <> <> <> <> <> <> <> <> <> <> <> <> <> <>
##$SHL_OFFSCOEFF0= (0..95)
0 0 0 0 0 0 0 0 0 0 0 0 0 0 0 0 0 0 0 0 0 0 0 0 0 0 0 0 0 0 0 0 0 0 0 0
0 0 0 0 0 0 0 0 0 0 0 0 0 0 0 0 0 0 0 0 0 0 0 0 0 0 0 0 0 0 0 0 0 0 0 0
0 0 0 0 0 0 0 0 0 0 0 0 0 0 0 0 0 0 0 0 0 0 0 0
##$SHL_OFFSCOEFF1= (0..95)
0 0 0 0 0 0 0 0 0 0 0 0 0 0 0 0 0 0 0 0 0 0 0 0 0 0 0 0 0 0 0 0 0 0 0 0
0 0 0 0 0 0 0 0 0 0 0 0 0 0 0 0 0 0 0 0 0 0 0 0 0 0 0 0 0 0 0 0 0 0 0 0
0 0 0 0 0 0 0 0 0 0 0 0 0 0 0 0 0 0 0 0 0 0 0 0
##$SHL_OFFSCOEFF10= (0..95)
0 0 0 0 0 0 0 0 0 0 0 0 0 0 0 0 0 0 0 0 0 0 0 0 0 0 0 0 0 0 0 0 0 0 0 0
0 0 0 0 0 0 0 0 0 0 0 0 0 0 0 0 0 0 0 0 0 0 0 0 0 0 0 0 0 0 0 0 0 0 0 0
0 0 0 0 0 0 0 0 0 0 0 0 0 0 0 0 0 0 0 0 0 0 0 0
##$SHL_OFFSCOEFF11= (0..95)
0 0 0 0 0 0 0 0 0 0 0 0 0 0 0 0 0 0 0 0 0 0 0 0 0 0 0 0 0 0 0 0 0 0 0 0
0 0 0 0 0 0 0 0 0 0 0 0 0 0 0 0 0 0 0 0 0 0 0 0 0 0 0 0 0 0 0 0 0 0 0 0
0 0 0 0 0 0 0 0 0 0 0 0 0 0 0 0 0 0 0 0 0 0 0 0
##$SHL_OFFSCOEFF12= (0..95)
0 0 0 0 0 0 0 0 0 0 0 0 0 0 0 0 0 0 0 0 0 0 0 0 0 0 0 0 0 0 0 0 0 0 0 0
0 0 0 0 0 0 0 0 0 0 0 0 0 0 0 0 0 0 0 0 0 0 0 0 0 0 0 0 0 0 0 0 0 0 0 0
0 0 0 0 0 0 0 0 0 0 0 0 0 0 0 0 0 0 0 0 0 0 0 0
##$SHL_OFFSCOEFF13= (0..95)
0 0 0 0 0 0 0 0 0 0 0 0 0 0 0 0 0 0 0 0 0 0 0 0 0 0 0 0 0 0 0 0 0 0 0 0
0 0 0 0 0 0 0 0 0 0 0 0 0 0 0 0 0 0 0 0 0 0 0 0 0 0 0 0 0 0 0 0 0 0 0 0
0 0 0 0 0 0 0 0 0 0 0 0 0 0 0 0 0 0 0 0 0 0 0 0
##$SHL_OFFSCOEFF14= (0..95)
0 0 0 0 0 0 0 0 0 0 0 0 0 0 0 0 0 0 0 0 0 0 0 0 0 0 0 0 0 0 0 0 0 0 0 0
0 0 0 0 0 0 0 0 0 0 0 0 0 0 0 0 0 0 0 0 0 0 0 0 0 0 0 0 0 0 0 0 0 0 0 0
0 0 0 0 0 0 0 0 0 0 0 0 0 0 0 0 0 0 0 0 0 0 0 0
##$SHL_OFFSCOEFF15= (0..95)
0 0 0 0 0 0 0 0 0 0 0 0 0 0 0 0 0 0 0 0 0 0 0 0 0 0 0 0 0 0 0 0 0 0 0 0
0 0 0 0 0 0 0 0 0 0 0 0 0 0 0 0 0 0 0 0 0 0 0 0 0 0 0 0 0 0 0 0 0 0 0 0
0 0 0 0 0 0 0 0 0 0 0 0 0 0 0 0 0 0 0 0 0 0 0 0
##$SHL_OFFSCOEFF2= (0..95)
0 0 0 0 0 0 0 0 0 0 0 0 0 0 0 0 0 0 0 0 0 0 0 0 0 0 0 0 0 0 0 0 0 0 0 0
0 0 0 0 0 0 0 0 0 0 0 0 0 0 0 0 0 0 0 0 0 0 0 0 0 0 0 0 0 0 0 0 0 0 0 0
0 0 0 0 0 0 0 0 0 0 0 0 0 0 0 0 0 0 0 0 0 0 0 0
##$SHL_OFFSCOEFF3= (0..95)
0 0 0 0 0 0 0 0 0 0 0 0 0 0 0 0 0 0 0 0 0 0 0 0 0 0 0 0 0 0 0 0 0 0 0 0
0 0 0 0 0 0 0 0 0 0 0 0 0 0 0 0 0 0 0 0 0 0 0 0 0 0 0 0 0 0 0 0 0 0 0 0
0 0 0 0 0 0 0 0 0 0 0 0 0 0 0 0 0 0 0 0 0 0 0 0
##$SHL_OFFSCOEFF4= (0..95)
0 0 0 0 0 0 0 0 0 0 0 0 0 0 0 0 0 0 0 0 0 0 0 0 0 0 0 0 0 0 0 0 0 0 0 0
0 0 0 0 0 0 0 0 0 0 0 0 0 0 0 0 0 0 0 0 0 0 0 0 0 0 0 0 0 0 0 0 0 0 0 0
0 0 0 0 0 0 0 0 0 0 0 0 0 0 0 0 0 0 0 0 0 0 0 0
##$SHL_OFFSCOEFF5= (0..95)
0 0 0 0 0 0 0 0 0 0 0 0 0 0 0 0 0 0 0 0 0 0 0 0 0 0 0 0 0 0 0 0 0 0 0 0
0 0 0 0 0 0 0 0 0 0 0 0 0 0 0 0 0 0 0 0 0 0 0 0 0 0 0 0 0 0 0 0 0 0 0 0
0 0 0 0 0 0 0 0 0 0 0 0 0 0 0 0 0 0 0 0 0 0 0 0
##$SHL_OFFSCOEFF6= (0..95)
0 0 0 0 0 0 0 0 0 0 0 0 0 0 0 0 0 0 0 0 0 0 0 0 0 0 0 0 0 0 0 0 0 0 0 0
0 0 0 0 0 0 0 0 0 0 0 0 0 0 0 0 0 0 0 0 0 0 0 0 0 0 0 0 0 0 0 0 0 0 0 0
0 0 0 0 0 0 0 0 0 0 0 0 0 0 0 0 0 0 0 0 0 0 0 0
##$SHL_OFFSCOEFF7= (0..95)
0 0 0 0 0 0 0 0 0 0 0 0 0 0 0 0 0 0 0 0 0 0 0 0 0 0 0 0 0 0 0 0 0 0 0 0
0 0 0 0 0 0 0 0 0 0 0 0 0 0 0 0 0 0 0 0 0 0 0 0 0 0 0 0 0 0 0 0 0 0 0 0
0 0 0 0 0 0 0 0 0 0 0 0 0 0 0 0 0 0 0 0 0 0 0 0
##$SHL_OFFSCOEFF8= (0..95)
0 0 0 0 0 0 0 0 0 0 0 0 0 0 0 0 0 0 0 0 0 0 0 0 0 0 0 0 0 0 0 0 0 0 0 0
0 0 0 0 0 0 0 0 0 0 0 0 0 0 0 0 0 0 0 0 0 0 0 0 0 0 0 0 0 0 0 0 0 0 0 0
0 0 0 0 0 0 0 0 0 0 0 0 0 0 0 0 0 0 0 0 0 0 0 0
##$SHL_OFFSCOEFF9= (0..95)
0 0 0 0 0 0 0 0 0 0 0 0 0 0 0 0 0 0 0 0 0 0 0 0 0 0 0 0 0 0 0 0 0 0 0 0
0 0 0 0 0 0 0 0 0 0 0 0 0 0 0 0 0 0 0 0 0 0 0 0 0 0 0 0 0 0 0 0 0 0 0 0
0 0 0 0 0 0 0 0 0 0 0 0 0 0 0 0 0 0 0 0 0 0 0 0
##$SHL_PHASE= (0..15)
0 0 0 0 0 0 0 0 0 0 0 0 0 0 0 0
##$SHL_PHASEFAC= (0..15)
0 0 0 0 0 0 0 0 0 0 0 0 0 0 0 0
##$SHL_POWERINDEX= (0..15)
0 0 0 0 0 0 0 0 0 0 0 0 0 0 0 0
##$SHL_QUADCOEFF= (0..15)
0 0 0 0 0 0 0 0 0 0 0 0 0 0 0 0
##$SHL_RIGHTLIMIT= (0..15)
0 0 0 0 0 0 0 0 0 0 0 0 0 0 0 0
##$SHL_SCALEFACTOR= (0..15)
1 1 1 1 1 1 1 1 1 1 1 1 1 1 1 1
##$SHL_SF= (0..15)
<> <> <> <> <> <> <> <> <> <> <> <> <> <> <> <>
##$SHL_SFCOEFFS0= (0..200)
0 0 0 0 0 0 0 0 0 0 0 0 0 0 0 0 0 0 0 0 0 0 0 0 0 0 0 0 0 0 0 0 0 0 0 0
0 0 0 0 0 0 0 0 0 0 0 0 0 0 0 0 0 0 0 0 0 0 0 0 0 0 0 0 0 0 0 0 0 0 0 0
0 0 0 0 0 0 0 0 0 0 0 0 0 0 0 0 0 0 0 0 0 0 0 0 0 0 0 0 0 0 0 0 0 0 0 0
0 0 0 0 0 0 0 0 0 0 0 0 0 0 0 0 0 0 0 0 0 0 0 0 0 0 0 0 0 0 0 0 0 0 0 0
0 0 0 0 0 0 0 0 0 0 0 0 0 0 0 0 0 0 0 0 0 0 0 0 0 0 0 0 0 0 0 0 0 0 0 0
0 0 0 0 0 0 0 0 0 0 0 0 0 0 0 0 0 0 0 0 0
##$SHL_SFCOEFFS1= (0..200)
0 0 0 0 0 0 0 0 0 0 0 0 0 0 0 0 0 0 0 0 0 0 0 0 0 0 0 0 0 0 0 0 0 0 0 0
0 0 0 0 0 0 0 0 0 0 0 0 0 0 0 0 0 0 0 0 0 0 0 0 0 0 0 0 0 0 0 0 0 0 0 0
0 0 0 0 0 0 0 0 0 0 0 0 0 0 0 0 0 0 0 0 0 0 0 0 0 0 0 0 0 0 0 0 0 0 0 0
0 0 0 0 0 0 0 0 0 0 0 0 0 0 0 0 0 0 0 0 0 0 0 0 0 0 0 0 0 0 0 0 0 0 0 0
0 0 0 0 0 0 0 0 0 0 0 0 0 0 0 0 0 0 0 0 0 0 0 0 0 0 0 0 0 0 0 0 0 0 0 0
0 0 0 0 0 0 0 0 0 0 0 0 0 0 0 0 0 0 0 0 0
##$SHL_SFCOEFFS10= (0..200)
0 0 0 0 0 0 0 0 0 0 0 0 0 0 0 0 0 0 0 0 0 0 0 0 0 0 0 0 0 0 0 0 0 0 0 0
0 0 0 0 0 0 0 0 0 0 0 0 0 0 0 0 0 0 0 0 0 0 0 0 0 0 0 0 0 0 0 0 0 0 0 0
0 0 0 0 0 0 0 0 0 0 0 0 0 0 0 0 0 0 0 0 0 0 0 0 0 0 0 0 0 0 0 0 0 0 0 0
0 0 0 0 0 0 0 0 0 0 0 0 0 0 0 0 0 0 0 0 0 0 0 0 0 0 0 0 0 0 0 0 0 0 0 0
0 0 0 0 0 0 0 0 0 0 0 0 0 0 0 0 0 0 0 0 0 0 0 0 0 0 0 0 0 0 0 0 0 0 0 0
0 0 0 0 0 0 0 0 0 0 0 0 0 0 0 0 0 0 0 0 0
##$SHL_SFCOEFFS11= (0..200)
0 0 0 0 0 0 0 0 0 0 0 0 0 0 0 0 0 0 0 0 0 0 0 0 0 0 0 0 0 0 0 0 0 0 0 0
0 0 0 0 0 0 0 0 0 0 0 0 0 0 0 0 0 0 0 0 0 0 0 0 0 0 0 0 0 0 0 0 0 0 0 0
0 0 0 0 0 0 0 0 0 0 0 0 0 0 0 0 0 0 0 0 0 0 0 0 0 0 0 0 0 0 0 0 0 0 0 0
0 0 0 0 0 0 0 0 0 0 0 0 0 0 0 0 0 0 0 0 0 0 0 0 0 0 0 0 0 0 0 0 0 0 0 0
0 0 0 0 0 0 0 0 0 0 0 0 0 0 0 0 0 0 0 0 0 0 0 0 0 0 0 0 0 0 0 0 0 0 0 0
0 0 0 0 0 0 0 0 0 0 0 0 0 0 0 0 0 0 0 0 0
##$SHL_SFCOEFFS12= (0..200)
0 0 0 0 0 0 0 0 0 0 0 0 0 0 0 0 0 0 0 0 0 0 0 0 0 0 0 0 0 0 0 0 0 0 0 0
0 0 0 0 0 0 0 0 0 0 0 0 0 0 0 0 0 0 0 0 0 0 0 0 0 0 0 0 0 0 0 0 0 0 0 0
0 0 0 0 0 0 0 0 0 0 0 0 0 0 0 0 0 0 0 0 0 0 0 0 0 0 0 0 0 0 0 0 0 0 0 0
0 0 0 0 0 0 0 0 0 0 0 0 0 0 0 0 0 0 0 0 0 0 0 0 0 0 0 0 0 0 0 0 0 0 0 0
0 0 0 0 0 0 0 0 0 0 0 0 0 0 0 0 0 0 0 0 0 0 0 0 0 0 0 0 0 0 0 0 0 0 0 0
0 0 0 0 0 0 0 0 0 0 0 0 0 0 0 0 0 0 0 0 0
##$SHL_SFCOEFFS13= (0..200)
0 0 0 0 0 0 0 0 0 0 0 0 0 0 0 0 0 0 0 0 0 0 0 0 0 0 0 0 0 0 0 0 0 0 0 0
0 0 0 0 0 0 0 0 0 0 0 0 0 0 0 0 0 0 0 0 0 0 0 0 0 0 0 0 0 0 0 0 0 0 0 0
0 0 0 0 0 0 0 0 0 0 0 0 0 0 0 0 0 0 0 0 0 0 0 0 0 0 0 0 0 0 0 0 0 0 0 0
0 0 0 0 0 0 0 0 0 0 0 0 0 0 0 0 0 0 0 0 0 0 0 0 0 0 0 0 0 0 0 0 0 0 0 0
0 0 0 0 0 0 0 0 0 0 0 0 0 0 0 0 0 0 0 0 0 0 0 0 0 0 0 0 0 0 0 0 0 0 0 0
0 0 0 0 0 0 0 0 0 0 0 0 0 0 0 0 0 0 0 0 0
##$SHL_SFCOEFFS14= (0..200)
0 0 0 0 0 0 0 0 0 0 0 0 0 0 0 0 0 0 0 0 0 0 0 0 0 0 0 0 0 0 0 0 0 0 0 0
0 0 0 0 0 0 0 0 0 0 0 0 0 0 0 0 0 0 0 0 0 0 0 0 0 0 0 0 0 0 0 0 0 0 0 0
0 0 0 0 0 0 0 0 0 0 0 0 0 0 0 0 0 0 0 0 0 0 0 0 0 0 0 0 0 0 0 0 0 0 0 0
0 0 0 0 0 0 0 0 0 0 0 0 0 0 0 0 0 0 0 0 0 0 0 0 0 0 0 0 0 0 0 0 0 0 0 0
0 0 0 0 0 0 0 0 0 0 0 0 0 0 0 0 0 0 0 0 0 0 0 0 0 0 0 0 0 0 0 0 0 0 0 0
0 0 0 0 0 0 0 0 0 0 0 0 0 0 0 0 0 0 0 0 0
##$SHL_SFCOEFFS15= (0..200)
0 0 0 0 0 0 0 0 0 0 0 0 0 0 0 0 0 0 0 0 0 0 0 0 0 0 0 0 0 0 0 0 0 0 0 0
0 0 0 0 0 0 0 0 0 0 0 0 0 0 0 0 0 0 0 0 0 0 0 0 0 0 0 0 0 0 0 0 0 0 0 0
0 0 0 0 0 0 0 0 0 0 0 0 0 0 0 0 0 0 0 0 0 0 0 0 0 0 0 0 0 0 0 0 0 0 0 0
0 0 0 0 0 0 0 0 0 0 0 0 0 0 0 0 0 0 0 0 0 0 0 0 0 0 0 0 0 0 0 0 0 0 0 0
0 0 0 0 0 0 0 0 0 0 0 0 0 0 0 0 0 0 0 0 0 0 0 0 0 0 0 0 0 0 0 0 0 0 0 0
0 0 0 0 0 0 0 0 0 0 0 0 0 0 0 0 0 0 0 0 0
##$SHL_SFCOEFFS2= (0..200)
0 0 0 0 0 0 0 0 0 0 0 0 0 0 0 0 0 0 0 0 0 0 0 0 0 0 0 0 0 0 0 0 0 0 0 0
0 0 0 0 0 0 0 0 0 0 0 0 0 0 0 0 0 0 0 0 0 0 0 0 0 0 0 0 0 0 0 0 0 0 0 0
0 0 0 0 0 0 0 0 0 0 0 0 0 0 0 0 0 0 0 0 0 0 0 0 0 0 0 0 0 0 0 0 0 0 0 0
0 0 0 0 0 0 0 0 0 0 0 0 0 0 0 0 0 0 0 0 0 0 0 0 0 0 0 0 0 0 0 0 0 0 0 0
0 0 0 0 0 0 0 0 0 0 0 0 0 0 0 0 0 0 0 0 0 0 0 0 0 0 0 0 0 0 0 0 0 0 0 0
0 0 0 0 0 0 0 0 0 0 0 0 0 0 0 0 0 0 0 0 0
##$SHL_SFCOEFFS3= (0..200)
0 0 0 0 0 0 0 0 0 0 0 0 0 0 0 0 0 0 0 0 0 0 0 0 0 0 0 0 0 0 0 0 0 0 0 0
0 0 0 0 0 0 0 0 0 0 0 0 0 0 0 0 0 0 0 0 0 0 0 0 0 0 0 0 0 0 0 0 0 0 0 0
0 0 0 0 0 0 0 0 0 0 0 0 0 0 0 0 0 0 0 0 0 0 0 0 0 0 0 0 0 0 0 0 0 0 0 0
0 0 0 0 0 0 0 0 0 0 0 0 0 0 0 0 0 0 0 0 0 0 0 0 0 0 0 0 0 0 0 0 0 0 0 0
0 0 0 0 0 0 0 0 0 0 0 0 0 0 0 0 0 0 0 0 0 0 0 0 0 0 0 0 0 0 0 0 0 0 0 0
0 0 0 0 0 0 0 0 0 0 0 0 0 0 0 0 0 0 0 0 0
##$SHL_SFCOEFFS4= (0..200)
0 0 0 0 0 0 0 0 0 0 0 0 0 0 0 0 0 0 0 0 0 0 0 0 0 0 0 0 0 0 0 0 0 0 0 0
0 0 0 0 0 0 0 0 0 0 0 0 0 0 0 0 0 0 0 0 0 0 0 0 0 0 0 0 0 0 0 0 0 0 0 0
0 0 0 0 0 0 0 0 0 0 0 0 0 0 0 0 0 0 0 0 0 0 0 0 0 0 0 0 0 0 0 0 0 0 0 0
0 0 0 0 0 0 0 0 0 0 0 0 0 0 0 0 0 0 0 0 0 0 0 0 0 0 0 0 0 0 0 0 0 0 0 0
0 0 0 0 0 0 0 0 0 0 0 0 0 0 0 0 0 0 0 0 0 0 0 0 0 0 0 0 0 0 0 0 0 0 0 0
0 0 0 0 0 0 0 0 0 0 0 0 0 0 0 0 0 0 0 0 0
##$SHL_SFCOEFFS5= (0..200)
0 0 0 0 0 0 0 0 0 0 0 0 0 0 0 0 0 0 0 0 0 0 0 0 0 0 0 0 0 0 0 0 0 0 0 0
0 0 0 0 0 0 0 0 0 0 0 0 0 0 0 0 0 0 0 0 0 0 0 0 0 0 0 0 0 0 0 0 0 0 0 0
0 0 0 0 0 0 0 0 0 0 0 0 0 0 0 0 0 0 0 0 0 0 0 0 0 0 0 0 0 0 0 0 0 0 0 0
0 0 0 0 0 0 0 0 0 0 0 0 0 0 0 0 0 0 0 0 0 0 0 0 0 0 0 0 0 0 0 0 0 0 0 0
0 0 0 0 0 0 0 0 0 0 0 0 0 0 0 0 0 0 0 0 0 0 0 0 0 0 0 0 0 0 0 0 0 0 0 0
0 0 0 0 0 0 0 0 0 0 0 0 0 0 0 0 0 0 0 0 0
##$SHL_SFCOEFFS6= (0..200)
0 0 0 0 0 0 0 0 0 0 0 0 0 0 0 0 0 0 0 0 0 0 0 0 0 0 0 0 0 0 0 0 0 0 0 0
0 0 0 0 0 0 0 0 0 0 0 0 0 0 0 0 0 0 0 0 0 0 0 0 0 0 0 0 0 0 0 0 0 0 0 0
0 0 0 0 0 0 0 0 0 0 0 0 0 0 0 0 0 0 0 0 0 0 0 0 0 0 0 0 0 0 0 0 0 0 0 0
0 0 0 0 0 0 0 0 0 0 0 0 0 0 0 0 0 0 0 0 0 0 0 0 0 0 0 0 0 0 0 0 0 0 0 0
0 0 0 0 0 0 0 0 0 0 0 0 0 0 0 0 0 0 0 0 0 0 0 0 0 0 0 0 0 0 0 0 0 0 0 0
0 0 0 0 0 0 0 0 0 0 0 0 0 0 0 0 0 0 0 0 0
##$SHL_SFCOEFFS7= (0..200)
0 0 0 0 0 0 0 0 0 0 0 0 0 0 0 0 0 0 0 0 0 0 0 0 0 0 0 0 0 0 0 0 0 0 0 0
0 0 0 0 0 0 0 0 0 0 0 0 0 0 0 0 0 0 0 0 0 0 0 0 0 0 0 0 0 0 0 0 0 0 0 0
0 0 0 0 0 0 0 0 0 0 0 0 0 0 0 0 0 0 0 0 0 0 0 0 0 0 0 0 0 0 0 0 0 0 0 0
0 0 0 0 0 0 0 0 0 0 0 0 0 0 0 0 0 0 0 0 0 0 0 0 0 0 0 0 0 0 0 0 0 0 0 0
0 0 0 0 0 0 0 0 0 0 0 0 0 0 0 0 0 0 0 0 0 0 0 0 0 0 0 0 0 0 0 0 0 0 0 0
0 0 0 0 0 0 0 0 0 0 0 0 0 0 0 0 0 0 0 0 0
##$SHL_SFCOEFFS8= (0..200)
0 0 0 0 0 0 0 0 0 0 0 0 0 0 0 0 0 0 0 0 0 0 0 0 0 0 0 0 0 0 0 0 0 0 0 0
0 0 0 0 0 0 0 0 0 0 0 0 0 0 0 0 0 0 0 0 0 0 0 0 0 0 0 0 0 0 0 0 0 0 0 0
0 0 0 0 0 0 0 0 0 0 0 0 0 0 0 0 0 0 0 0 0 0 0 0 0 0 0 0 0 0 0 0 0 0 0 0
0 0 0 0 0 0 0 0 0 0 0 0 0 0 0 0 0 0 0 0 0 0 0 0 0 0 0 0 0 0 0 0 0 0 0 0
0 0 0 0 0 0 0 0 0 0 0 0 0 0 0 0 0 0 0 0 0 0 0 0 0 0 0 0 0 0 0 0 0 0 0 0
0 0 0 0 0 0 0 0 0 0 0 0 0 0 0 0 0 0 0 0 0
##$SHL_SFCOEFFS9= (0..200)
0 0 0 0 0 0 0 0 0 0 0 0 0 0 0 0 0 0 0 0 0 0 0 0 0 0 0 0 0 0 0 0 0 0 0 0
0 0 0 0 0 0 0 0 0 0 0 0 0 0 0 0 0 0 0 0 0 0 0 0 0 0 0 0 0 0 0 0 0 0 0 0
0 0 0 0 0 0 0 0 0 0 0 0 0 0 0 0 0 0 0 0 0 0 0 0 0 0 0 0 0 0 0 0 0 0 0 0
0 0 0 0 0 0 0 0 0 0 0 0 0 0 0 0 0 0 0 0 0 0 0 0 0 0 0 0 0 0 0 0 0 0 0 0
0 0 0 0 0 0 0 0 0 0 0 0 0 0 0 0 0 0 0 0 0 0 0 0 0 0 0 0 0 0 0 0 0 0 0 0
0 0 0 0 0 0 0 0 0 0 0 0 0 0 0 0 0 0 0 0 0
##$SHL_SMOOTHED= (0..15)
0 0 0 0 0 0 0 0 0 0 0 0 0 0 0 0
##$SHL_SMOOTHING= (0..15)
0 0 0 0 0 0 0 0 0 0 0 0 0 0 0 0
##$SHL_SPOAL= (0..15)
0 0 0 0 0 0 0 0 0 0 0 0 0 0 0 0
##$SHL_SPOFFS= (0..15)
0 0 0 0 0 0 0 0 0 0 0 0 0 0 0 0
##$SHL_SPOPH= (0..15)
0 0 0 0 0 0 0 0 0 0 0 0 0 0 0 0
##$SHL_STARTAMP= (0..15)
0 0 0 0 0 0 0 0 0 0 0 0 0 0 0 0
##$SHL_SW= (0..15)
0 0 0 0 0 0 0 0 0 0 0 0 0 0 0 0
##$SHL_SWDIR= (0..15)
-1 -1 -1 -1 -1 -1 -1 -1 -1 -1 -1 -1 -1 -1 -1 -1
##$SHL_TANKAPPA= (0..15)
0 0 0 0 0 0 0 0 0 0 0 0 0 0 0 0
##$SHL_TOTROT= (0..15)
90 0 0 0 0 0 0 0 0 0 0 0 0 0 0 0
##$SHL_TRUNCLEV= (0..15)
0 0 0 0 0 0 0 0 0 0 0 0 0 0 0 0
##$SHL_TYPE= (0..15)
<Excitation> <> <> <> <> <> <> <> <> <> <> <> <> <> <> <>
##$SHL_WINDOWSIZE= (0..15)
0 0 0 0 0 0 0 0 0 0 0 0 0 0 0 0
##$SHL_ZETA= (0..15)
0 0 0 0 0 0 0 0 0 0 0 0 0 0 0 0
##NPOINTS= 1250
##XYPOINTS= (XY..XY)
42.283956, 173.936841
43.810043, 174.523011
45.323606, 175.109181
46.824212, 175.695351
48.311432, 176.281521
49.784842, 176.867691
51.244019, 177.453861
52.688547, 178.040031
54.118014, 178.626201
55.532009, 179.212371
56.930129, 179.798541
58.311975, 180.384711
59.677151, 180.970881
61.025267, 181.557051
62.355938, 182.143221
63.668783, 182.729391
64.963427, 183.315561
66.239499, 183.901731
67.496636, 184.487901
68.734478, 185.074071
69.952670, 185.660241
71.150865, 186.246411
72.328720, 186.832581
73.485898, 187.418751
74.622068, 188.004921
75.736907, 188.591091
76.830094, 189.177261
77.901318, 189.763431
78.950272, 190.349601
79.976657, 190.935771
80.980178, 191.521941
81.960550, 192.108110
82.917491, 192.694280
83.850729, 193.280450
84.759996, 193.866620
85.645033, 194.452790
86.505587, 195.038960
87.341411, 195.625130
88.152266, 196.211300
88.937922, 196.797470
89.698152, 197.383640
90.432741, 197.969810
91.141477, 198.555980
91.824159, 199.142150
92.480591, 199.728320
93.110585, 200.314490
93.713962, 200.900660
94.290549, 201.486830
94.840180, 202.073000
95.362700, 202.659170
95.857958, 203.245340
96.325813, 203.831510
96.766132, 204.417680
97.178788, 205.003850
97.563663, 205.590020
97.920647, 206.176190
98.249639, 206.762360
98.550544, 207.348530
98.823277, 207.934700
99.067758, 208.520870
99.283920, 209.107040
99.471698, 209.693210
99.631041, 210.279380
99.761902, 210.865550
99.864244, 211.451720
99.938037, 212.037890
99.983262, 212.624060
99.999904, 213.210230
99.987958, 213.796400
99.947430, 214.382570
99.878329, 214.968740
99.780675, 215.554910
99.654498, 216.141080
99.499832, 216.727250
99.316722, 217.313420
99.105220, 217.899590
98.865387, 218.485760
98.597291, 219.071930
98.301009, 219.658100
97.976626, 220.244270
97.624233, 220.830440
97.243933, 221.416610
96.835834, 222.002780
96.400052, 222.588950
95.936712, 223.175120
95.445947, 223.761290
94.927897, 224.347460
94.382709, 224.933630
93.810540, 225.519800
93.211553, 226.105970
92.585920, 226.692140
91.933819, 227.278310
91.255437, 227.864480
90.550968, 228.450650
89.820612, 229.036820
89.064580, 229.622990
88.283087, 230.209160
87.476356, 230.795330
86.644618, 231.381500
85.788111, 231.967670
84.907080, 232.553840
84.001776, 233.140010
83.072458, 233.726180
82.119393, 234.312350
81.142851, 234.898520
80.143114, 235.484690
79.120466, 236.070860
78.075200, 236.657030
77.007614, 237.243200
75.918014, 237.829370
74.806711, 238.415540
73.674023, 239.001710
72.520274, 239.587880
71.345793, 240.174050
70.150917, 240.760220
68.935987, 241.346390
67.701349, 241.932560
66.447358, 242.518730
65.174372, 243.104900
63.882754, 243.691070
62.572874, 244.277240
61.245106, 244.863410
59.899830, 245.449580
58.537430, 246.035750
57.158296, 246.621920
55.762823, 247.208090
54.351408, 247.794260
52.924456, 248.380430
51.482374, 248.966600
50.025575, 249.552770
48.554475, 250.138940
47.069494, 250.725110
45.571058, 251.311280
44.059595, 251.897450
42.535536, 252.483620
40.999317, 253.069790
39.451378, 253.655960
37.892161, 254.242130
36.322111, 254.828300
34.741678, 255.414469
33.151314, 256.000639
31.551472, 256.586809
29.942611, 257.172979
28.325190, 257.759149
26.699672, 258.345319
25.066521, 258.931489
23.426205, 259.517659
21.779191, 260.103829
20.125952, 260.689999
18.466959, 261.276169
16.802686, 261.862339
15.133611, 262.448509
13.460209, 263.034679
11.782959, 263.620849
10.102341, 264.207019
8.418835, 264.793189
6.732922, 265.379359
5.045085, 265.965529
3.355805, 266.551699
1.665566, 267.137869
0.025150, 87.724039
1.715858, 88.310209
3.406075, 88.896379
5.095319, 89.482549
6.783106, 90.068719
8.468955, 90.654889
10.152382, 91.241059
11.832906, 91.827229
13.510049, 92.413399
15.183329, 92.999569
16.852268, 93.585739
18.516390, 94.171909
20.175219, 94.758079
21.828280, 95.344249
23.475101, 95.930419
25.115212, 96.516589
26.748142, 97.102759
28.373426, 97.688929
29.990599, 98.275099
31.599198, 98.861269
33.198765, 99.447439
34.788840, 100.033609
36.368971, 100.619779
37.938704, 101.205949
39.497592, 101.792119
41.045189, 102.378289
42.581052, 102.964459
44.104743, 103.550629
45.615825, 104.136799
47.113867, 104.722969
48.598441, 105.309139
50.069121, 105.895309
51.525489, 106.481479
52.967126, 107.067649
54.393622, 107.653819
55.804568, 108.239989
57.199562, 108.826159
58.578204, 109.412329
59.940099, 109.998499
61.284860, 110.584669
62.612101, 111.170839
63.921444, 111.757009
65.212513, 112.343179
66.484939, 112.929349
67.738360, 113.515519
68.972416, 114.101689
70.186754, 114.687859
71.381029, 115.274029
72.554897, 115.860199
73.708025, 116.446369
74.840081, 117.032539
75.950743, 117.618709
77.039692, 118.204879
78.106619, 118.791049
79.151216, 119.377219
80.173187, 119.963389
81.172239, 120.549559
82.148085, 121.135729
83.100448, 121.721899
84.029055, 122.308069
84.933641, 122.894239
85.813946, 123.480409
86.669720, 124.066579
87.500717, 124.652749
88.306701, 125.238919
89.087440, 125.825089
89.842711, 126.411259
90.572299, 126.997429
91.275996, 127.583599
91.953599, 128.169769
92.604915, 128.755939
93.229758, 129.342109
93.827949, 129.928279
94.399318, 130.514449
94.943700, 131.100619
95.460941, 131.686789
95.950893, 132.272959
96.413415, 132.859129
96.848375, 133.445299
97.255649, 134.031469
97.635120, 134.617639
97.986680, 135.203809
98.310229, 135.789979
98.605674, 136.376149
98.872930, 136.962319
99.111921, 137.548489
99.322579, 138.134659
99.504844, 138.720828
99.658663, 139.306998
99.783992, 139.893168
99.880797, 140.479338
99.949048, 141.065508
99.988726, 141.651678
99.999821, 142.237848
99.982329, 142.824018
99.936254, 143.410188
99.861611, 143.996358
99.758420, 144.582528
99.626711, 145.168698
99.466522, 145.754868
99.277898, 146.341038
99.060894, 146.927208
98.815571, 147.513378
98.541999, 148.099548
98.240257, 148.685718
97.910431, 149.271888
97.552615, 149.858058
97.166912, 150.444228
96.753431, 151.030398
96.312292, 151.616568
95.843620, 152.202738
95.347548, 152.788908
94.824220, 153.375078
94.273784, 153.961248
93.696398, 154.547418
93.092227, 155.133588
92.461444, 155.719758
91.804228, 156.305928
91.120768, 156.892098
90.411260, 157.478268
89.675905, 158.064438
88.914915, 158.650608
88.128507, 159.236778
87.316905, 159.822948
86.480342, 160.409118
85.619057, 160.995288
84.733295, 161.581458
83.823311, 162.167628
82.889364, 162.753798
81.931722, 163.339968
80.950657, 163.926138
79.946451, 164.512308
78.919391, 165.098478
77.869770, 165.684648
76.797888, 166.270818
75.704052, 166.856988
74.588575, 167.443158
73.451775, 168.029328
72.293976, 168.615498
71.115512, 169.201668
69.916717, 169.787838
68.697935, 170.374008
67.459515, 170.960178
66.201809, 171.546348
64.925179, 172.132518
63.629988, 172.718688
62.316607, 173.304858
60.985412, 173.891028
59.636783, 174.477198
58.271105, 175.063368
56.888770, 175.649538
55.490171, 176.235708
54.075710, 176.821878
52.645790, 177.408048
51.200819, 177.994218
49.741213, 178.580388
48.267386, 179.166558
46.779761, 179.752728
45.278764, 180.338898
43.764822, 180.925068
42.238369, 181.511238
40.699842, 182.097408
39.149680, 182.683578
37.588325, 183.269748
36.016226, 183.855918
34.433830, 184.442088
32.841591, 185.028258
31.239964, 185.614428
29.629405, 186.200598
28.010377, 186.786768
26.383341, 187.372938
24.748763, 187.959108
23.107110, 188.545278
21.458852, 189.131448
19.804459, 189.717618
18.144404, 190.303788
16.479163, 190.889958
14.809210, 191.476128
13.135024, 192.062298
11.457083, 192.648468
9.775867, 193.234638
8.091856, 193.820808
6.405532, 194.406978
4.717377, 194.993148
3.027873, 195.579318
1.337504, 196.165488
0.353247, 16.751658
2.043898, 17.337828
3.733965, 17.923998
5.422964, 18.510168
7.110412, 19.096338
8.795828, 19.682508
10.478730, 20.268678
12.158636, 20.854848
13.835066, 21.441018
15.507541, 22.027187
17.175583, 22.613357
18.838715, 23.199527
20.496462, 23.785697
22.148349, 24.371867
23.793904, 24.958037
25.432658, 25.544207
27.064141, 26.130377
28.687888, 26.716547
30.303433, 27.302717
31.910315, 27.888887
33.508075, 28.475057
35.096257, 29.061227
36.674405, 29.647397
38.242069, 30.233567
39.798801, 30.819737
41.344155, 31.405907
42.877690, 31.992077
44.398968, 32.578247
45.907554, 33.164417
47.403015, 33.750587
48.884926, 34.336757
50.352862, 34.922927
51.806403, 35.509097
53.245135, 36.095267
54.668645, 36.681437
56.076527, 37.267607
57.468379, 37.853777
58.843801, 38.439947
60.202403, 39.026117
61.543794, 39.612287
62.867591, 40.198457
64.173416, 40.784627
65.460896, 41.370797
66.729663, 41.956967
67.979354, 42.543137
69.209611, 43.129307
70.420083, 43.715477
71.610425, 44.301647
72.780294, 44.887817
73.929358, 45.473987
75.057288, 46.060157
76.163761, 46.646327
77.248461, 47.232497
78.311078, 47.818667
79.351309, 48.404837
80.368854, 48.991007
81.363425, 49.577177
82.334737, 50.163347
83.282511, 50.749517
84.206477, 51.335687
85.106371, 51.921857
85.981935, 52.508027
86.832920, 53.094197
87.659082, 53.680367
88.460184, 54.266537
89.235999, 54.852707
89.986303, 55.438877
90.710883, 56.025047
91.409531, 56.611217
92.082048, 57.197387
92.728241, 57.783557
93.347926, 58.369727
93.940926, 58.955897
94.507070, 59.542067
95.046198, 60.128237
95.558155, 60.714407
96.042794, 61.300577
96.499978, 61.886747
96.929575, 62.472917
97.331463, 63.059087
97.705526, 63.645257
98.051658, 64.231427
98.369761, 64.817597
98.659742, 65.403767
98.921519, 65.989937
99.155017, 66.576107
99.360170, 67.162277
99.536918, 67.748447
99.685212, 68.334617
99.805009, 68.920787
99.896274, 69.506957
99.958982, 70.093127
99.993115, 70.679297
99.998662, 71.265467
99.975623, 71.851637
99.924003, 72.437807
99.843818, 73.023977
99.735091, 73.610147
99.597852, 74.196317
99.432142, 74.782487
99.238006, 75.368657
99.015501, 75.954827
98.764691, 76.540997
98.485646, 77.127167
98.178447, 77.713337
97.843182, 78.299507
97.479947, 78.885677
97.088844, 79.471847
96.669987, 80.058017
96.223495, 80.644187
95.749495, 81.230357
95.248123, 81.816527
94.719523, 82.402697
94.163845, 82.988867
93.581248, 83.575037
92.971899, 84.161207
92.335972, 84.747377
91.673649, 85.333546
90.985119, 85.919716
90.270579, 86.505886
89.530233, 87.092056
88.764293, 87.678226
87.972978, 88.264396
87.156514, 88.850566
86.315135, 89.436736
85.449081, 90.022906
84.558599, 90.609076
83.643944, 91.195246
82.705378, 91.781416
81.743169, 92.367586
80.757592, 92.953756
79.748928, 93.539926
78.717467, 94.126096
77.663503, 94.712266
76.587336, 95.298436
75.489276, 95.884606
74.369636, 96.470776
73.228735, 97.056946
72.066901, 97.643116
70.884464, 98.229286
69.681764, 98.815456
68.459144, 99.401626
67.216953, 99.987796
65.955547, 100.573966
64.675287, 101.160136
63.376537, 101.746306
62.059670, 102.332476
60.725062, 102.918646
59.373094, 103.504816
58.004153, 104.090986
56.618631, 104.677156
55.216923, 105.263326
53.799430, 105.849496
52.366557, 106.435666
50.918714, 107.021836
49.456315, 107.608006
47.979778, 108.194176
46.489525, 108.780346
44.985982, 109.366516
43.469578, 109.952686
41.940748, 110.538856
40.399929, 111.125026
38.847560, 111.711196
37.284085, 112.297366
35.709953, 112.883536
34.125612, 113.469706
32.531515, 114.055876
30.928119, 114.642046
29.315881, 115.228216
27.695262, 115.814386
26.066726, 116.400556
24.430739, 116.986726
22.787767, 117.572896
21.138281, 118.159066
19.482753, 118.745236
17.821655, 119.331406
16.155462, 119.917576
14.484650, 120.503746
12.809698, 121.089916
11.131084, 121.676086
9.449288, 122.262256
7.764791, 122.848426
6.078074, 123.434596
4.389619, 124.020766
2.699910, 124.606936
1.009428, 125.193106
0.681342, 305.779276
2.371917, 306.365446
4.061814, 306.951616
5.750550, 307.537786
7.437642, 308.123956
9.122607, 308.710126
10.804965, 309.296296
12.484234, 309.882466
14.159934, 310.468636
15.831587, 311.054806
17.498713, 311.640976
19.160837, 312.227146
20.817484, 312.813316
22.468179, 313.399486
24.112451, 313.985656
25.749831, 314.571826
27.379849, 315.157996
29.002040, 315.744166
30.615940, 316.330336
32.221089, 316.916506
33.817026, 317.502676
35.403295, 318.088846
36.979444, 318.675016
38.545022, 319.261186
40.099580, 319.847356
41.642676, 320.433526
43.173867, 321.019696
44.692715, 321.605866
46.198788, 322.192036
47.691653, 322.778206
49.170885, 323.364376
50.636061, 323.950546
52.086760, 324.536716
53.522570, 325.122886
54.943080, 325.709056
56.347882, 326.295226
57.736577, 326.881396
59.108766, 327.467566
60.464058, 328.053736
61.802064, 328.639905
63.122404, 329.226075
64.424698, 329.812245
65.708576, 330.398415
66.973669, 330.984585
68.219616, 331.570755
69.446061, 332.156925
70.652654, 332.743095
71.839049, 333.329265
73.004908, 333.915435
74.149896, 334.501605
75.273687, 335.087775
76.375960, 335.673945
77.456399, 336.260115
78.514695, 336.846285
79.550547, 337.432455
80.563657, 338.018625
81.553736, 338.604795
82.520501, 339.190965
83.463677, 339.777135
84.382992, 340.363305
85.278185, 340.949475
86.148999, 341.535645
86.995185, 342.121815
87.816503, 342.707985
88.612716, 343.294155
89.383597, 343.880325
90.128926, 344.466495
90.848490, 345.052665
91.542083, 345.638835
92.209506, 346.225005
92.850570, 346.811175
93.465090, 347.397345
94.052892, 347.983515
94.613806, 348.569685
95.147673, 349.155855
95.654340, 349.742025
96.133662, 350.328195
96.585503, 350.914365
97.009732, 351.500535
97.406229, 352.086705
97.774881, 352.672875
98.115581, 353.259045
98.428233, 353.845215
98.712747, 354.431385
98.969043, 355.017555
99.197045, 355.603725
99.396691, 356.189895
99.567921, 356.776065
99.710688, 357.362235
99.824951, 357.948405
99.910676, 358.534575
99.967840, 359.120745
99.996427, 359.706915
99.996427, 0.293085
99.967840, 0.879255
99.910676, 1.465425
99.824951, 2.051595
99.710688, 2.637765
99.567921, 3.223935
99.396691, 3.810105
99.197045, 4.396275
98.969043, 4.982445
98.712747, 5.568615
98.428233, 6.154785
98.115581, 6.740955
97.774881, 7.327125
97.406229, 7.913295
97.009732, 8.499465
96.585503, 9.085635
96.133662, 9.671805
95.654340, 10.257975
95.147673, 10.844145
94.613806, 11.430315
94.052892, 12.016485
93.465090, 12.602655
92.850570, 13.188825
92.209506, 13.774995
91.542083, 14.361165
90.848490, 14.947335
90.128926, 15.533505
89.383597, 16.119675
88.612716, 16.705845
87.816503, 17.292015
86.995185, 17.878185
86.148999, 18.464355
85.278185, 19.050525
84.382992, 19.636695
83.463677, 20.222865
82.520501, 20.809035
81.553736, 21.395205
80.563657, 21.981375
79.550547, 22.567545
78.514695, 23.153715
77.456399, 23.739885
76.375960, 24.326055
75.273687, 24.912225
74.149896, 25.498395
73.004908, 26.084565
71.839049, 26.670735
70.652654, 27.256905
69.446061, 27.843075
68.219616, 28.429245
66.973669, 29.015415
65.708576, 29.601585
64.424698, 30.187755
63.122404, 30.773925
61.802064, 31.360095
60.464058, 31.946264
59.108766, 32.532434
57.736577, 33.118604
56.347882, 33.704774
54.943080, 34.290944
53.522570, 34.877114
52.086760, 35.463284
50.636061, 36.049454
49.170885, 36.635624
47.691653, 37.221794
46.198788, 37.807964
44.692715, 38.394134
43.173867, 38.980304
41.642676, 39.566474
40.099580, 40.152644
38.545022, 40.738814
36.979444, 41.324984
35.403295, 41.911154
33.817026, 42.497324
32.221089, 43.083494
30.615940, 43.669664
29.002040, 44.255834
27.379849, 44.842004
25.749831, 45.428174
24.112451, 46.014344
22.468179, 46.600514
20.817484, 47.186684
19.160837, 47.772854
17.498713, 48.359024
15.831587, 48.945194
14.159934, 49.531364
12.484234, 50.117534
10.804965, 50.703704
9.122607, 51.289874
7.437642, 51.876044
5.750550, 52.462214
4.061814, 53.048384
2.371917, 53.634554
0.681342, 54.220724
1.009428, 234.806894
2.699910, 235.393064
4.389619, 235.979234
6.078074, 236.565404
7.764791, 237.151574
9.449288, 237.737744
11.131084, 238.323914
12.809698, 238.910084
14.484650, 239.496254
16.155462, 240.082424
17.821655, 240.668594
19.482753, 241.254764
21.138281, 241.840934
22.787767, 242.427104
24.430739, 243.013274
26.066726, 243.599444
27.695262, 244.185614
29.315881, 244.771784
30.928119, 245.357954
32.531515, 245.944124
34.125612, 246.530294
35.709953, 247.116464
37.284085, 247.702634
38.847560, 248.288804
40.399929, 248.874974
41.940748, 249.461144
43.469578, 250.047314
44.985982, 250.633484
46.489525, 251.219654
47.979778, 251.805824
49.456315, 252.391994
50.918714, 252.978164
52.366557, 253.564334
53.799430, 254.150504
55.216923, 254.736674
56.618631, 255.322844
58.004153, 255.909014
59.373094, 256.495184
60.725062, 257.081354
62.059670, 257.667524
63.376537, 258.253694
64.675287, 258.839864
65.955547, 259.426034
67.216953, 260.012204
68.459144, 260.598374
69.681764, 261.184544
70.884464, 261.770714
72.066901, 262.356884
73.228735, 262.943054
74.369636, 263.529224
75.489276, 264.115394
76.587336, 264.701564
77.663503, 265.287734
78.717467, 265.873904
79.748928, 266.460074
80.757592, 267.046244
81.743169, 267.632414
82.705378, 268.218584
83.643944, 268.804754
84.558599, 269.390924
85.449081, 269.977094
86.315135, 270.563264
87.156514, 271.149434
87.972978, 271.735604
88.764293, 272.321774
89.530233, 272.907944
90.270579, 273.494114
90.985119, 274.080284
91.673649, 274.666454
92.335972, 275.252623
92.971899, 275.838793
93.581248, 276.424963
94.163845, 277.011133
94.719523, 277.597303
95.248123, 278.183473
95.749495, 278.769643
96.223495, 279.355813
96.669987, 279.941983
97.088844, 280.528153
97.479947, 281.114323
97.843182, 281.700493
98.178447, 282.286663
98.485646, 282.872833
98.764691, 283.459003
99.015501, 284.045173
99.238006, 284.631343
99.432142, 285.217513
99.597852, 285.803683
99.735091, 286.389853
99.843818, 286.976023
99.924003, 287.562193
99.975623, 288.148363
99.998662, 288.734533
99.993115, 289.320703
99.958982, 289.906873
99.896274, 290.493043
99.805009, 291.079213
99.685212, 291.665383
99.536918, 292.251553
99.360170, 292.837723
99.155017, 293.423893
98.921519, 294.010063
98.659742, 294.596233
98.369761, 295.182403
98.051658, 295.768573
97.705526, 296.354743
97.331463, 296.940913
96.929575, 297.527083
96.499978, 298.113253
96.042794, 298.699423
95.558155, 299.285593
95.046198, 299.871763
94.507070, 300.457933
93.940926, 301.044103
93.347926, 301.630273
92.728241, 302.216443
92.082048, 302.802613
91.409531, 303.388783
90.710883, 303.974953
89.986303, 304.561123
89.235999, 305.147293
88.460184, 305.733463
87.659082, 306.319633
86.832920, 306.905803
85.981935, 307.491973
85.106371, 308.078143
84.206477, 308.664313
83.282511, 309.250483
82.334737, 309.836653
81.363425, 310.422823
80.368854, 311.008993
79.351309, 311.595163
78.311078, 312.181333
77.248461, 312.767503
76.163761, 313.353673
75.057288, 313.939843
73.929358, 314.526013
72.780294, 315.112183
71.610425, 315.698353
70.420083, 316.284523
69.209611, 316.870693
67.979354, 317.456863
66.729663, 318.043033
65.460896, 318.629203
64.173416, 319.215373
62.867591, 319.801543
61.543794, 320.387713
60.202403, 320.973883
58.843801, 321.560053
57.468379, 322.146223
56.076527, 322.732393
54.668645, 323.318563
53.245135, 323.904733
51.806403, 324.490903
50.352862, 325.077073
48.884926, 325.663243
47.403015, 326.249413
45.907554, 326.835583
44.398968, 327.421753
42.877690, 328.007923
41.344155, 328.594093
39.798801, 329.180263
38.242069, 329.766433
36.674405, 330.352603
35.096257, 330.938773
33.508075, 331.524943
31.910315, 332.111113
30.303433, 332.697283
28.687888, 333.283453
27.064141, 333.869623
25.432658, 334.455793
23.793904, 335.041963
22.148349, 335.628133
20.496462, 336.214303
18.838715, 336.800473
17.175583, 337.386643
15.507541, 337.972813
13.835066, 338.558982
12.158636, 339.145152
10.478730, 339.731322
8.795828, 340.317492
7.110412, 340.903662
5.422964, 341.489832
3.733965, 342.076002
2.043898, 342.662172
0.353247, 343.248342
1.337504, 163.834512
3.027873, 164.420682
4.717377, 165.006852
6.405532, 165.593022
8.091856, 166.179192
9.775867, 166.765362
11.457083, 167.351532
13.135024, 167.937702
14.809210, 168.523872
16.479163, 169.110042
18.144404, 169.696212
19.804459, 170.282382
21.458852, 170.868552
23.107110, 171.454722
24.748763, 172.040892
26.383341, 172.627062
28.010377, 173.213232
29.629405, 173.799402
31.239964, 174.385572
32.841591, 174.971742
34.433830, 175.557912
36.016226, 176.144082
37.588325, 176.730252
39.149680, 177.316422
40.699842, 177.902592
42.238369, 178.488762
43.764822, 179.074932
45.278764, 179.661102
46.779761, 180.247272
48.267386, 180.833442
49.741213, 181.419612
51.200819, 182.005782
52.645790, 182.591952
54.075710, 183.178122
55.490171, 183.764292
56.888770, 184.350462
58.271105, 184.936632
59.636783, 185.522802
60.985412, 186.108972
62.316607, 186.695142
63.629988, 187.281312
64.925179, 187.867482
66.201809, 188.453652
67.459515, 189.039822
68.697935, 189.625992
69.916717, 190.212162
71.115512, 190.798332
72.293976, 191.384502
73.451775, 191.970672
74.588575, 192.556842
75.704052, 193.143012
76.797888, 193.729182
77.869770, 194.315352
78.919391, 194.901522
79.946451, 195.487692
80.950657, 196.073862
81.931722, 196.660032
82.889364, 197.246202
83.823311, 197.832372
84.733295, 198.418542
85.619057, 199.004712
86.480342, 199.590882
87.316905, 200.177052
88.128507, 200.763222
88.914915, 201.349392
89.675905, 201.935562
90.411260, 202.521732
91.120768, 203.107902
91.804228, 203.694072
92.461444, 204.280242
93.092227, 204.866412
93.696398, 205.452582
94.273784, 206.038752
94.824220, 206.624922
95.347548, 207.211092
95.843620, 207.797262
96.312292, 208.383432
96.753431, 208.969602
97.166912, 209.555772
97.552615, 210.141942
97.910431, 210.728112
98.240257, 211.314282
98.541999, 211.900452
98.815571, 212.486622
99.060894, 213.072792
99.277898, 213.658962
99.466522, 214.245132
99.626711, 214.831302
99.758420, 215.417472
99.861611, 216.003642
99.936254, 216.589812
99.982329, 217.175982
99.999821, 217.762152
99.988726, 218.348322
99.949048, 218.934492
99.880797, 219.520662
99.783992, 220.106832
99.658663, 220.693002
99.504844, 221.279172
99.322579, 221.865341
99.111921, 222.451511
98.872930, 223.037681
98.605674, 223.623851
98.310229, 224.210021
97.986680, 224.796191
97.635120, 225.382361
97.255649, 225.968531
96.848375, 226.554701
96.413415, 227.140871
95.950893, 227.727041
95.460941, 228.313211
94.943700, 228.899381
94.399318, 229.485551
93.827949, 230.071721
93.229758, 230.657891
92.604915, 231.244061
91.953599, 231.830231
91.275996, 232.416401
90.572299, 233.002571
89.842711, 233.588741
89.087440, 234.174911
88.306701, 234.761081
87.500717, 235.347251
86.669720, 235.933421
85.813946, 236.519591
84.933641, 237.105761
84.029055, 237.691931
83.100448, 238.278101
82.148085, 238.864271
81.172239, 239.450441
80.173187, 240.036611
79.151216, 240.622781
78.106619, 241.208951
77.039692, 241.795121
75.950743, 242.381291
74.840081, 242.967461
73.708025, 243.553631
72.554897, 244.139801
71.381029, 244.725971
70.186754, 245.312141
68.972416, 245.898311
67.738360, 246.484481
66.484939, 247.070651
65.212513, 247.656821
63.921444, 248.242991
62.612101, 248.829161
61.284860, 249.415331
59.940099, 250.001501
58.578204, 250.587671
57.199562, 251.173841
55.804568, 251.760011
54.393622, 252.346181
52.967126, 252.932351
51.525489, 253.518521
50.069121, 254.104691
48.598441, 254.690861
47.113867, 255.277031
45.615825, 255.863201
44.104743, 256.449371
42.581052, 257.035541
41.045189, 257.621711
39.497592, 258.207881
37.938704, 258.794051
36.368971, 259.380221
34.788840, 259.966391
33.198765, 260.552561
31.599198, 261.138731
29.990599, 261.724901
28.373426, 262.311071
26.748142, 262.897241
25.115212, 263.483411
23.475101, 264.069581
21.828280, 264.655751
20.175219, 265.241921
18.516390, 265.828091
16.852268, 266.414261
15.183329, 267.000431
13.510049, 267.586601
11.832906, 268.172771
10.152382, 268.758941
8.468955, 269.345111
6.783106, 269.931281
5.095319, 270.517451
3.406075, 271.103621
1.715858, 271.689791
0.025150, 272.275961
1.665566, 92.862131
3.355805, 93.448301
5.045085, 94.034471
6.732922, 94.620641
8.418835, 95.206811
10.102341, 95.792981
11.782959, 96.379151
13.460209, 96.965321
15.133611, 97.551491
16.802686, 98.137661
18.466959, 98.723831
20.125952, 99.310001
21.779191, 99.896171
23.426205, 100.482341
25.066521, 101.068511
26.699672, 101.654681
28.325190, 102.240851
29.942611, 102.827021
31.551472, 103.413191
33.151314, 103.999361
34.741678, 104.585531
36.322111, 105.171700
37.892161, 105.757870
39.451378, 106.344040
40.999317, 106.930210
42.535536, 107.516380
44.059595, 108.102550
45.571058, 108.688720
47.069494, 109.274890
48.554475, 109.861060
50.025575, 110.447230
51.482374, 111.033400
52.924456, 111.619570
54.351408, 112.205740
55.762823, 112.791910
57.158296, 113.378080
58.537430, 113.964250
59.899830, 114.550420
61.245106, 115.136590
62.572874, 115.722760
63.882754, 116.308930
65.174372, 116.895100
66.447358, 117.481270
67.701349, 118.067440
68.935987, 118.653610
70.150917, 119.239780
71.345793, 119.825950
72.520274, 120.412120
73.674023, 120.998290
74.806711, 121.584460
75.918014, 122.170630
77.007614, 122.756800
78.075200, 123.342970
79.120466, 123.929140
80.143114, 124.515310
81.142851, 125.101480
82.119393, 125.687650
83.072458, 126.273820
84.001776, 126.859990
84.907080, 127.446160
85.788111, 128.032330
86.644618, 128.618500
87.476356, 129.204670
88.283087, 129.790840
89.064580, 130.377010
89.820612, 130.963180
90.550968, 131.549350
91.255437, 132.135520
91.933819, 132.721690
92.585920, 133.307860
93.211553, 133.894030
93.810540, 134.480200
94.382709, 135.066370
94.927897, 135.652540
95.445947, 136.238710
95.936712, 136.824880
96.400052, 137.411050
96.835834, 137.997220
97.243933, 138.583390
97.624233, 139.169560
97.976626, 139.755730
98.301009, 140.341900
98.597291, 140.928070
98.865387, 141.514240
99.105220, 142.100410
99.316722, 142.686580
99.499832, 143.272750
99.654498, 143.858920
99.780675, 144.445090
99.878329, 145.031260
99.947430, 145.617430
99.987958, 146.203600
99.999904, 146.789770
99.983262, 147.375940
99.938037, 147.962110
99.864244, 148.548280
99.761902, 149.134450
99.631041, 149.720620
99.471698, 150.306790
99.283920, 150.892960
99.067758, 151.479130
98.823277, 152.065300
98.550544, 152.651470
98.249639, 153.237640
97.920647, 153.823810
97.563663, 154.409980
97.178788, 154.996150
96.766132, 155.582320
96.325813, 156.168490
95.857958, 156.754660
95.362700, 157.340830
94.840180, 157.927000
94.290549, 158.513170
93.713962, 159.099340
93.110585, 159.685510
92.480591, 160.271680
91.824159, 160.857850
91.141477, 161.444020
90.432741, 162.030190
89.698152, 162.616360
88.937922, 163.202530
88.152266, 163.788700
87.341411, 164.374870
86.505587, 164.961040
85.645033, 165.547210
84.759996, 166.133380
83.850729, 166.719550
82.917491, 167.305720
81.960550, 167.891890
80.980178, 168.478059
79.976657, 169.064229
78.950272, 169.650399
77.901318, 170.236569
76.830094, 170.822739
75.736907, 171.408909
74.622068, 171.995079
73.485898, 172.581249
72.328720, 173.167419
71.150865, 173.753589
69.952670, 174.339759
68.734478, 174.925929
67.496636, 175.512099
66.239499, 176.098269
64.963427, 176.684439
63.668783, 177.270609
62.355938, 177.856779
61.025267, 178.442949
59.677151, 179.029119
58.311975, 179.615289
56.930129, 180.201459
55.532009, 180.787629
54.118014, 181.373799
52.688547, 181.959969
51.244019, 182.546139
49.784842, 183.132309
48.311432, 183.718479
46.824212, 184.304649
45.323606, 184.890819
43.810043, 185.476989
42.283956, 186.063159
##END=
