##TITLE= Parameter file, TopSpin 4.3.0
##JCAMPDX= 5.0
##DATATYPE= Parameter Values
##ORIGIN= Bruker BioSpin GmbH
##OWNER= nmrsu
$$ 2024-02-09 13:56:53.705 +0000  nmrsu@4CE1161FJM
$$ C:/Bruker/TopSpin4.3.0/exp/stan/nmr/lists/wave/user/multisupp_aux_d8
$$ process C:\Bruker\TopSpin4.3.0\prog\mod\xwinshape.exe
##MINX= 0.03010400
##MAXX= 99.99776500
##MINY= 0.28426600
##MAXY= 359.71573400
##$SHAPE_ADDPHASE= 0
##$SHAPE_AMP= 99.99776476
##$SHAPE_BWFAC= 0
##$SHAPE_BWFAC50= 0
##$SHAPE_CALCBW= yes
##$SHAPE_CALCINTEG= yes
##$SHAPE_EXMODE= <Excitation>
##$SHAPE_EXPAND= <>
##$SHAPE_EXPANDCF= (0..143)
0 0 0 0 0 0 0 0 0 0 0 0 0 0 0 0 0 0 0 0 0 0 0 0 0 0 0 0 0 0 0 0 0 0 0 0
0 0 0 0 0 0 0 0 0 0 0 0 0 0 0 0 0 0 0 0 0 0 0 0 0 0 0 0 0 0 0 0 0 0 0 0
0 0 0 0 0 0 0 0 0 0 0 0 0 0 0 0 0 0 0 0 0 0 0 0 0 0 0 0 0 0 0 0 0 0 0 0
0 0 0 0 0 0 0 0 0 0 0 0 0 0 0 0 0 0 0 0 0 0 0 0 0 0 0 0 0 0 0 0 0 0 0 0
##$SHAPE_EXPFAC= 0
##$SHAPE_FRACEND= 0
##$SHAPE_FRACORG= 0
##$SHAPE_FRACSTART= 0
##$SHAPE_INTEGFAC= 0
##$SHAPE_KEEPRES= yes
##$SHAPE_LENGTH= 25000.000373
##$SHAPE_MAN= <M>
##$SHAPE_MODE= 2
##$SHAPE_MODFREQ= 0
##$SHAPE_MODPHASE= 0
##$SHAPE_MODSCALE= 0
##$SHAPE_MODSW= 0
##$SHAPE_MODSWDIR= -1
##$SHAPE_NPOINTS= 1250
##$SHAPE_OFFS= <1 2>
##$SHAPE_OFFSCOEFF= (0..95)
56.198303 0 100 -214.12376 0 100 0 0 0 0 0 0 0 0 0 0 0 0 0 0 0 0 0 0 0
0 0 0 0 0 0 0 0 0 0 0 0 0 0 0 0 0 0 0 0 0 0 0 0 0 0 0 0 0 0 0 0 0 0 0 0
0 0 0 0 0 0 0 0 0 0 0 0 0 0 0 0 0 0 0 0 0 0 0 0 0 0 0 0 0 0 0 0 0 0 0
##$SHAPE_PARAMETER= <>
##$SHAPE_REPHFAC= 0
##$SHAPE_RES= 0
##$SHAPE_SCALEFAC= 1.00002235
##$SHAPE_SCALETYPE= 0
##$SHAPE_SPOAL= 0
##$SHAPE_SPOFFS= 0
##$SHAPE_SPOPH= 0
##$SHAPE_TOTROT= 90
##$SHAPE_TYPE= <Excitation>
##$SHAPE_USER_DEF= <>
##$SHAPE_VERSION= 2.1
##$SHL_ADDPHASE= (0..15)
0 0 0 0 0 0 0 0 0 0 0 0 0 0 0 0
##$SHL_ALIGNOFFSET= (0..15)
0 0 0 0 0 0 0 0 0 0 0 0 0 0 0 0
##$SHL_AMP= (0..15)
100 0 0 0 0 0 0 0 0 0 0 0 0 0 0 0
##$SHL_AMPFAC= (0..15)
0 0 0 0 0 0 0 0 0 0 0 0 0 0 0 0
##$SHL_BETA= (0..15)
0 0 0 0 0 0 0 0 0 0 0 0 0 0 0 0
##$SHL_BWFAC= (0..15)
1.116 0 0 0 0 0 0 0 0 0 0 0 0 0 0 0
##$SHL_CALCBW= (0..15)
yes yes yes yes yes yes yes yes yes yes yes yes yes yes yes yes
##$SHL_CALCINTEG= (0..15)
yes yes yes yes yes yes yes yes yes yes yes yes yes yes yes yes
##$SHL_CENTERAMP= (0..15)
0 0 0 0 0 0 0 0 0 0 0 0 0 0 0 0
##$SHL_CYCNUM= (0..15)
0 0 0 0 0 0 0 0 0 0 0 0 0 0 0 0
##$SHL_DIPOLCPL= (0..15)
0 0 0 0 0 0 0 0 0 0 0 0 0 0 0 0
##$SHL_ENDAMP= (0..15)
0 0 0 0 0 0 0 0 0 0 0 0 0 0 0 0
##$SHL_EXMODE= (0..15)
<Excitation> <> <> <> <> <> <> <> <> <> <> <> <> <> <> <>
##$SHL_EXPAND= (0..15)
<> <> <> <> <> <> <> <> <> <> <> <> <> <> <> <>
##$SHL_EXPANDCF0= (0..143)
0 0 0 0 0 0 0 0 0 0 0 0 0 0 0 0 0 0 0 0 0 0 0 0 0 0 0 0 0 0 0 0 0 0 0 0
0 0 0 0 0 0 0 0 0 0 0 0 0 0 0 0 0 0 0 0 0 0 0 0 0 0 0 0 0 0 0 0 0 0 0 0
0 0 0 0 0 0 0 0 0 0 0 0 0 0 0 0 0 0 0 0 0 0 0 0 0 0 0 0 0 0 0 0 0 0 0 0
0 0 0 0 0 0 0 0 0 0 0 0 0 0 0 0 0 0 0 0 0 0 0 0 0 0 0 0 0 0 0 0 0 0 0 0
##$SHL_EXPANDCF1= (0..143)
0 0 0 0 0 0 0 0 0 0 0 0 0 0 0 0 0 0 0 0 0 0 0 0 0 0 0 0 0 0 0 0 0 0 0 0
0 0 0 0 0 0 0 0 0 0 0 0 0 0 0 0 0 0 0 0 0 0 0 0 0 0 0 0 0 0 0 0 0 0 0 0
0 0 0 0 0 0 0 0 0 0 0 0 0 0 0 0 0 0 0 0 0 0 0 0 0 0 0 0 0 0 0 0 0 0 0 0
0 0 0 0 0 0 0 0 0 0 0 0 0 0 0 0 0 0 0 0 0 0 0 0 0 0 0 0 0 0 0 0 0 0 0 0
##$SHL_EXPANDCF10= (0..143)
0 0 0 0 0 0 0 0 0 0 0 0 0 0 0 0 0 0 0 0 0 0 0 0 0 0 0 0 0 0 0 0 0 0 0 0
0 0 0 0 0 0 0 0 0 0 0 0 0 0 0 0 0 0 0 0 0 0 0 0 0 0 0 0 0 0 0 0 0 0 0 0
0 0 0 0 0 0 0 0 0 0 0 0 0 0 0 0 0 0 0 0 0 0 0 0 0 0 0 0 0 0 0 0 0 0 0 0
0 0 0 0 0 0 0 0 0 0 0 0 0 0 0 0 0 0 0 0 0 0 0 0 0 0 0 0 0 0 0 0 0 0 0 0
##$SHL_EXPANDCF11= (0..143)
0 0 0 0 0 0 0 0 0 0 0 0 0 0 0 0 0 0 0 0 0 0 0 0 0 0 0 0 0 0 0 0 0 0 0 0
0 0 0 0 0 0 0 0 0 0 0 0 0 0 0 0 0 0 0 0 0 0 0 0 0 0 0 0 0 0 0 0 0 0 0 0
0 0 0 0 0 0 0 0 0 0 0 0 0 0 0 0 0 0 0 0 0 0 0 0 0 0 0 0 0 0 0 0 0 0 0 0
0 0 0 0 0 0 0 0 0 0 0 0 0 0 0 0 0 0 0 0 0 0 0 0 0 0 0 0 0 0 0 0 0 0 0 0
##$SHL_EXPANDCF12= (0..143)
0 0 0 0 0 0 0 0 0 0 0 0 0 0 0 0 0 0 0 0 0 0 0 0 0 0 0 0 0 0 0 0 0 0 0 0
0 0 0 0 0 0 0 0 0 0 0 0 0 0 0 0 0 0 0 0 0 0 0 0 0 0 0 0 0 0 0 0 0 0 0 0
0 0 0 0 0 0 0 0 0 0 0 0 0 0 0 0 0 0 0 0 0 0 0 0 0 0 0 0 0 0 0 0 0 0 0 0
0 0 0 0 0 0 0 0 0 0 0 0 0 0 0 0 0 0 0 0 0 0 0 0 0 0 0 0 0 0 0 0 0 0 0 0
##$SHL_EXPANDCF13= (0..143)
0 0 0 0 0 0 0 0 0 0 0 0 0 0 0 0 0 0 0 0 0 0 0 0 0 0 0 0 0 0 0 0 0 0 0 0
0 0 0 0 0 0 0 0 0 0 0 0 0 0 0 0 0 0 0 0 0 0 0 0 0 0 0 0 0 0 0 0 0 0 0 0
0 0 0 0 0 0 0 0 0 0 0 0 0 0 0 0 0 0 0 0 0 0 0 0 0 0 0 0 0 0 0 0 0 0 0 0
0 0 0 0 0 0 0 0 0 0 0 0 0 0 0 0 0 0 0 0 0 0 0 0 0 0 0 0 0 0 0 0 0 0 0 0
##$SHL_EXPANDCF14= (0..143)
0 0 0 0 0 0 0 0 0 0 0 0 0 0 0 0 0 0 0 0 0 0 0 0 0 0 0 0 0 0 0 0 0 0 0 0
0 0 0 0 0 0 0 0 0 0 0 0 0 0 0 0 0 0 0 0 0 0 0 0 0 0 0 0 0 0 0 0 0 0 0 0
0 0 0 0 0 0 0 0 0 0 0 0 0 0 0 0 0 0 0 0 0 0 0 0 0 0 0 0 0 0 0 0 0 0 0 0
0 0 0 0 0 0 0 0 0 0 0 0 0 0 0 0 0 0 0 0 0 0 0 0 0 0 0 0 0 0 0 0 0 0 0 0
##$SHL_EXPANDCF15= (0..143)
0 0 0 0 0 0 0 0 0 0 0 0 0 0 0 0 0 0 0 0 0 0 0 0 0 0 0 0 0 0 0 0 0 0 0 0
0 0 0 0 0 0 0 0 0 0 0 0 0 0 0 0 0 0 0 0 0 0 0 0 0 0 0 0 0 0 0 0 0 0 0 0
0 0 0 0 0 0 0 0 0 0 0 0 0 0 0 0 0 0 0 0 0 0 0 0 0 0 0 0 0 0 0 0 0 0 0 0
0 0 0 0 0 0 0 0 0 0 0 0 0 0 0 0 0 0 0 0 0 0 0 0 0 0 0 0 0 0 0 0 0 0 0 0
##$SHL_EXPANDCF2= (0..143)
0 0 0 0 0 0 0 0 0 0 0 0 0 0 0 0 0 0 0 0 0 0 0 0 0 0 0 0 0 0 0 0 0 0 0 0
0 0 0 0 0 0 0 0 0 0 0 0 0 0 0 0 0 0 0 0 0 0 0 0 0 0 0 0 0 0 0 0 0 0 0 0
0 0 0 0 0 0 0 0 0 0 0 0 0 0 0 0 0 0 0 0 0 0 0 0 0 0 0 0 0 0 0 0 0 0 0 0
0 0 0 0 0 0 0 0 0 0 0 0 0 0 0 0 0 0 0 0 0 0 0 0 0 0 0 0 0 0 0 0 0 0 0 0
##$SHL_EXPANDCF3= (0..143)
0 0 0 0 0 0 0 0 0 0 0 0 0 0 0 0 0 0 0 0 0 0 0 0 0 0 0 0 0 0 0 0 0 0 0 0
0 0 0 0 0 0 0 0 0 0 0 0 0 0 0 0 0 0 0 0 0 0 0 0 0 0 0 0 0 0 0 0 0 0 0 0
0 0 0 0 0 0 0 0 0 0 0 0 0 0 0 0 0 0 0 0 0 0 0 0 0 0 0 0 0 0 0 0 0 0 0 0
0 0 0 0 0 0 0 0 0 0 0 0 0 0 0 0 0 0 0 0 0 0 0 0 0 0 0 0 0 0 0 0 0 0 0 0
##$SHL_EXPANDCF4= (0..143)
0 0 0 0 0 0 0 0 0 0 0 0 0 0 0 0 0 0 0 0 0 0 0 0 0 0 0 0 0 0 0 0 0 0 0 0
0 0 0 0 0 0 0 0 0 0 0 0 0 0 0 0 0 0 0 0 0 0 0 0 0 0 0 0 0 0 0 0 0 0 0 0
0 0 0 0 0 0 0 0 0 0 0 0 0 0 0 0 0 0 0 0 0 0 0 0 0 0 0 0 0 0 0 0 0 0 0 0
0 0 0 0 0 0 0 0 0 0 0 0 0 0 0 0 0 0 0 0 0 0 0 0 0 0 0 0 0 0 0 0 0 0 0 0
##$SHL_EXPANDCF5= (0..143)
0 0 0 0 0 0 0 0 0 0 0 0 0 0 0 0 0 0 0 0 0 0 0 0 0 0 0 0 0 0 0 0 0 0 0 0
0 0 0 0 0 0 0 0 0 0 0 0 0 0 0 0 0 0 0 0 0 0 0 0 0 0 0 0 0 0 0 0 0 0 0 0
0 0 0 0 0 0 0 0 0 0 0 0 0 0 0 0 0 0 0 0 0 0 0 0 0 0 0 0 0 0 0 0 0 0 0 0
0 0 0 0 0 0 0 0 0 0 0 0 0 0 0 0 0 0 0 0 0 0 0 0 0 0 0 0 0 0 0 0 0 0 0 0
##$SHL_EXPANDCF6= (0..143)
0 0 0 0 0 0 0 0 0 0 0 0 0 0 0 0 0 0 0 0 0 0 0 0 0 0 0 0 0 0 0 0 0 0 0 0
0 0 0 0 0 0 0 0 0 0 0 0 0 0 0 0 0 0 0 0 0 0 0 0 0 0 0 0 0 0 0 0 0 0 0 0
0 0 0 0 0 0 0 0 0 0 0 0 0 0 0 0 0 0 0 0 0 0 0 0 0 0 0 0 0 0 0 0 0 0 0 0
0 0 0 0 0 0 0 0 0 0 0 0 0 0 0 0 0 0 0 0 0 0 0 0 0 0 0 0 0 0 0 0 0 0 0 0
##$SHL_EXPANDCF7= (0..143)
0 0 0 0 0 0 0 0 0 0 0 0 0 0 0 0 0 0 0 0 0 0 0 0 0 0 0 0 0 0 0 0 0 0 0 0
0 0 0 0 0 0 0 0 0 0 0 0 0 0 0 0 0 0 0 0 0 0 0 0 0 0 0 0 0 0 0 0 0 0 0 0
0 0 0 0 0 0 0 0 0 0 0 0 0 0 0 0 0 0 0 0 0 0 0 0 0 0 0 0 0 0 0 0 0 0 0 0
0 0 0 0 0 0 0 0 0 0 0 0 0 0 0 0 0 0 0 0 0 0 0 0 0 0 0 0 0 0 0 0 0 0 0 0
##$SHL_EXPANDCF8= (0..143)
0 0 0 0 0 0 0 0 0 0 0 0 0 0 0 0 0 0 0 0 0 0 0 0 0 0 0 0 0 0 0 0 0 0 0 0
0 0 0 0 0 0 0 0 0 0 0 0 0 0 0 0 0 0 0 0 0 0 0 0 0 0 0 0 0 0 0 0 0 0 0 0
0 0 0 0 0 0 0 0 0 0 0 0 0 0 0 0 0 0 0 0 0 0 0 0 0 0 0 0 0 0 0 0 0 0 0 0
0 0 0 0 0 0 0 0 0 0 0 0 0 0 0 0 0 0 0 0 0 0 0 0 0 0 0 0 0 0 0 0 0 0 0 0
##$SHL_EXPANDCF9= (0..143)
0 0 0 0 0 0 0 0 0 0 0 0 0 0 0 0 0 0 0 0 0 0 0 0 0 0 0 0 0 0 0 0 0 0 0 0
0 0 0 0 0 0 0 0 0 0 0 0 0 0 0 0 0 0 0 0 0 0 0 0 0 0 0 0 0 0 0 0 0 0 0 0
0 0 0 0 0 0 0 0 0 0 0 0 0 0 0 0 0 0 0 0 0 0 0 0 0 0 0 0 0 0 0 0 0 0 0 0
0 0 0 0 0 0 0 0 0 0 0 0 0 0 0 0 0 0 0 0 0 0 0 0 0 0 0 0 0 0 0 0 0 0 0 0
##$SHL_EXPFAC= (0..15)
0 0 0 0 0 0 0 0 0 0 0 0 0 0 0 0
##$SHL_FRACEND= (0..15)
0 0 0 0 0 0 0 0 0 0 0 0 0 0 0 0
##$SHL_FRACORG= (0..15)
0 0 0 0 0 0 0 0 0 0 0 0 0 0 0 0
##$SHL_FRACSTART= (0..15)
0 0 0 0 0 0 0 0 0 0 0 0 0 0 0 0
##$SHL_FULLHALF= (0..15)
0 0 0 0 0 0 0 0 0 0 0 0 0 0 0 0
##$SHL_FUNCAMP= (0..15)
100 0 0 0 0 0 0 0 0 0 0 0 0 0 0 0
##$SHL_FUNCTION= (0..15)
<Rectangle> <> <> <> <> <> <> <> <> <> <> <> <> <> <> <>
##$SHL_GCO= (0..15)
<> <> <> <> <> <> <> <> <> <> <> <> <> <> <> <>
##$SHL_GCOCOEFFS0= (0..59)
0 0 0 0 0 0 0 0 0 0 0 0 0 0 0 0 0 0 0 0 0 0 0 0 0 0 0 0 0 0 0 0 0 0 0 0
0 0 0 0 0 0 0 0 0 0 0 0 0 0 0 0 0 0 0 0 0 0 0 0
##$SHL_GCOCOEFFS1= (0..59)
0 0 0 0 0 0 0 0 0 0 0 0 0 0 0 0 0 0 0 0 0 0 0 0 0 0 0 0 0 0 0 0 0 0 0 0
0 0 0 0 0 0 0 0 0 0 0 0 0 0 0 0 0 0 0 0 0 0 0 0
##$SHL_GCOCOEFFS10= (0..59)
0 0 0 0 0 0 0 0 0 0 0 0 0 0 0 0 0 0 0 0 0 0 0 0 0 0 0 0 0 0 0 0 0 0 0 0
0 0 0 0 0 0 0 0 0 0 0 0 0 0 0 0 0 0 0 0 0 0 0 0
##$SHL_GCOCOEFFS11= (0..59)
0 0 0 0 0 0 0 0 0 0 0 0 0 0 0 0 0 0 0 0 0 0 0 0 0 0 0 0 0 0 0 0 0 0 0 0
0 0 0 0 0 0 0 0 0 0 0 0 0 0 0 0 0 0 0 0 0 0 0 0
##$SHL_GCOCOEFFS12= (0..59)
0 0 0 0 0 0 0 0 0 0 0 0 0 0 0 0 0 0 0 0 0 0 0 0 0 0 0 0 0 0 0 0 0 0 0 0
0 0 0 0 0 0 0 0 0 0 0 0 0 0 0 0 0 0 0 0 0 0 0 0
##$SHL_GCOCOEFFS13= (0..59)
0 0 0 0 0 0 0 0 0 0 0 0 0 0 0 0 0 0 0 0 0 0 0 0 0 0 0 0 0 0 0 0 0 0 0 0
0 0 0 0 0 0 0 0 0 0 0 0 0 0 0 0 0 0 0 0 0 0 0 0
##$SHL_GCOCOEFFS14= (0..59)
0 0 0 0 0 0 0 0 0 0 0 0 0 0 0 0 0 0 0 0 0 0 0 0 0 0 0 0 0 0 0 0 0 0 0 0
0 0 0 0 0 0 0 0 0 0 0 0 0 0 0 0 0 0 0 0 0 0 0 0
##$SHL_GCOCOEFFS15= (0..59)
0 0 0 0 0 0 0 0 0 0 0 0 0 0 0 0 0 0 0 0 0 0 0 0 0 0 0 0 0 0 0 0 0 0 0 0
0 0 0 0 0 0 0 0 0 0 0 0 0 0 0 0 0 0 0 0 0 0 0 0
##$SHL_GCOCOEFFS2= (0..59)
0 0 0 0 0 0 0 0 0 0 0 0 0 0 0 0 0 0 0 0 0 0 0 0 0 0 0 0 0 0 0 0 0 0 0 0
0 0 0 0 0 0 0 0 0 0 0 0 0 0 0 0 0 0 0 0 0 0 0 0
##$SHL_GCOCOEFFS3= (0..59)
0 0 0 0 0 0 0 0 0 0 0 0 0 0 0 0 0 0 0 0 0 0 0 0 0 0 0 0 0 0 0 0 0 0 0 0
0 0 0 0 0 0 0 0 0 0 0 0 0 0 0 0 0 0 0 0 0 0 0 0
##$SHL_GCOCOEFFS4= (0..59)
0 0 0 0 0 0 0 0 0 0 0 0 0 0 0 0 0 0 0 0 0 0 0 0 0 0 0 0 0 0 0 0 0 0 0 0
0 0 0 0 0 0 0 0 0 0 0 0 0 0 0 0 0 0 0 0 0 0 0 0
##$SHL_GCOCOEFFS5= (0..59)
0 0 0 0 0 0 0 0 0 0 0 0 0 0 0 0 0 0 0 0 0 0 0 0 0 0 0 0 0 0 0 0 0 0 0 0
0 0 0 0 0 0 0 0 0 0 0 0 0 0 0 0 0 0 0 0 0 0 0 0
##$SHL_GCOCOEFFS6= (0..59)
0 0 0 0 0 0 0 0 0 0 0 0 0 0 0 0 0 0 0 0 0 0 0 0 0 0 0 0 0 0 0 0 0 0 0 0
0 0 0 0 0 0 0 0 0 0 0 0 0 0 0 0 0 0 0 0 0 0 0 0
##$SHL_GCOCOEFFS7= (0..59)
0 0 0 0 0 0 0 0 0 0 0 0 0 0 0 0 0 0 0 0 0 0 0 0 0 0 0 0 0 0 0 0 0 0 0 0
0 0 0 0 0 0 0 0 0 0 0 0 0 0 0 0 0 0 0 0 0 0 0 0
##$SHL_GCOCOEFFS8= (0..59)
0 0 0 0 0 0 0 0 0 0 0 0 0 0 0 0 0 0 0 0 0 0 0 0 0 0 0 0 0 0 0 0 0 0 0 0
0 0 0 0 0 0 0 0 0 0 0 0 0 0 0 0 0 0 0 0 0 0 0 0
##$SHL_GCOCOEFFS9= (0..59)
0 0 0 0 0 0 0 0 0 0 0 0 0 0 0 0 0 0 0 0 0 0 0 0 0 0 0 0 0 0 0 0 0 0 0 0
0 0 0 0 0 0 0 0 0 0 0 0 0 0 0 0 0 0 0 0 0 0 0 0
##$SHL_INTEGFAC= (0..15)
1 0 0 0 0 0 0 0 0 0 0 0 0 0 0 0
##$SHL_LB= (0..15)
0 0 0 0 0 0 0 0 0 0 0 0 0 0 0 0
##$SHL_LEFTLIMIT= (0..15)
0 0 0 0 0 0 0 0 0 0 0 0 0 0 0 0
##$SHL_LENGTH= (0..15)
25000.000373 0 0 0 0 0 0 0 0 0 0 0 0 0 0 0
##$SHL_MAN= (0..15)
<> <> <> <> <> <> <> <> <> <> <> <> <> <> <> <>
##$SHL_MEANAMP= (0..15)
0 0 0 0 0 0 0 0 0 0 0 0 0 0 0 0
##$SHL_MODAMP= (0..15)
0 0 0 0 0 0 0 0 0 0 0 0 0 0 0 0
##$SHL_MODE= (0..15)
0 0 0 0 0 0 0 0 0 0 0 0 0 0 0 0
##$SHL_MODFREQ= (0..15)
0 0 0 0 0 0 0 0 0 0 0 0 0 0 0 0
##$SHL_MODPHASE= (0..15)
0 0 0 0 0 0 0 0 0 0 0 0 0 0 0 0
##$SHL_MODSCALE= (0..15)
0 0 0 0 0 0 0 0 0 0 0 0 0 0 0 0
##$SHL_MODSW= (0..15)
0 0 0 0 0 0 0 0 0 0 0 0 0 0 0 0
##$SHL_MODSWDIR= (0..15)
-1 -1 -1 -1 -1 -1 -1 -1 -1 -1 -1 -1 -1 -1 -1 -1
##$SHL_MU= (0..15)
0 0 0 0 0 0 0 0 0 0 0 0 0 0 0 0
##$SHL_NPOINTS= (0..15)
1250 0 0 0 0 0 0 0 0 0 0 0 0 0 0 0
##$SHL_OFFS= (0..15)
<> <> <> <> <> <> <> <> <> <> <> <> <> <> <> <>
##$SHL_OFFSCOEFF0= (0..95)
0 0 0 0 0 0 0 0 0 0 0 0 0 0 0 0 0 0 0 0 0 0 0 0 0 0 0 0 0 0 0 0 0 0 0 0
0 0 0 0 0 0 0 0 0 0 0 0 0 0 0 0 0 0 0 0 0 0 0 0 0 0 0 0 0 0 0 0 0 0 0 0
0 0 0 0 0 0 0 0 0 0 0 0 0 0 0 0 0 0 0 0 0 0 0 0
##$SHL_OFFSCOEFF1= (0..95)
0 0 0 0 0 0 0 0 0 0 0 0 0 0 0 0 0 0 0 0 0 0 0 0 0 0 0 0 0 0 0 0 0 0 0 0
0 0 0 0 0 0 0 0 0 0 0 0 0 0 0 0 0 0 0 0 0 0 0 0 0 0 0 0 0 0 0 0 0 0 0 0
0 0 0 0 0 0 0 0 0 0 0 0 0 0 0 0 0 0 0 0 0 0 0 0
##$SHL_OFFSCOEFF10= (0..95)
0 0 0 0 0 0 0 0 0 0 0 0 0 0 0 0 0 0 0 0 0 0 0 0 0 0 0 0 0 0 0 0 0 0 0 0
0 0 0 0 0 0 0 0 0 0 0 0 0 0 0 0 0 0 0 0 0 0 0 0 0 0 0 0 0 0 0 0 0 0 0 0
0 0 0 0 0 0 0 0 0 0 0 0 0 0 0 0 0 0 0 0 0 0 0 0
##$SHL_OFFSCOEFF11= (0..95)
0 0 0 0 0 0 0 0 0 0 0 0 0 0 0 0 0 0 0 0 0 0 0 0 0 0 0 0 0 0 0 0 0 0 0 0
0 0 0 0 0 0 0 0 0 0 0 0 0 0 0 0 0 0 0 0 0 0 0 0 0 0 0 0 0 0 0 0 0 0 0 0
0 0 0 0 0 0 0 0 0 0 0 0 0 0 0 0 0 0 0 0 0 0 0 0
##$SHL_OFFSCOEFF12= (0..95)
0 0 0 0 0 0 0 0 0 0 0 0 0 0 0 0 0 0 0 0 0 0 0 0 0 0 0 0 0 0 0 0 0 0 0 0
0 0 0 0 0 0 0 0 0 0 0 0 0 0 0 0 0 0 0 0 0 0 0 0 0 0 0 0 0 0 0 0 0 0 0 0
0 0 0 0 0 0 0 0 0 0 0 0 0 0 0 0 0 0 0 0 0 0 0 0
##$SHL_OFFSCOEFF13= (0..95)
0 0 0 0 0 0 0 0 0 0 0 0 0 0 0 0 0 0 0 0 0 0 0 0 0 0 0 0 0 0 0 0 0 0 0 0
0 0 0 0 0 0 0 0 0 0 0 0 0 0 0 0 0 0 0 0 0 0 0 0 0 0 0 0 0 0 0 0 0 0 0 0
0 0 0 0 0 0 0 0 0 0 0 0 0 0 0 0 0 0 0 0 0 0 0 0
##$SHL_OFFSCOEFF14= (0..95)
0 0 0 0 0 0 0 0 0 0 0 0 0 0 0 0 0 0 0 0 0 0 0 0 0 0 0 0 0 0 0 0 0 0 0 0
0 0 0 0 0 0 0 0 0 0 0 0 0 0 0 0 0 0 0 0 0 0 0 0 0 0 0 0 0 0 0 0 0 0 0 0
0 0 0 0 0 0 0 0 0 0 0 0 0 0 0 0 0 0 0 0 0 0 0 0
##$SHL_OFFSCOEFF15= (0..95)
0 0 0 0 0 0 0 0 0 0 0 0 0 0 0 0 0 0 0 0 0 0 0 0 0 0 0 0 0 0 0 0 0 0 0 0
0 0 0 0 0 0 0 0 0 0 0 0 0 0 0 0 0 0 0 0 0 0 0 0 0 0 0 0 0 0 0 0 0 0 0 0
0 0 0 0 0 0 0 0 0 0 0 0 0 0 0 0 0 0 0 0 0 0 0 0
##$SHL_OFFSCOEFF2= (0..95)
0 0 0 0 0 0 0 0 0 0 0 0 0 0 0 0 0 0 0 0 0 0 0 0 0 0 0 0 0 0 0 0 0 0 0 0
0 0 0 0 0 0 0 0 0 0 0 0 0 0 0 0 0 0 0 0 0 0 0 0 0 0 0 0 0 0 0 0 0 0 0 0
0 0 0 0 0 0 0 0 0 0 0 0 0 0 0 0 0 0 0 0 0 0 0 0
##$SHL_OFFSCOEFF3= (0..95)
0 0 0 0 0 0 0 0 0 0 0 0 0 0 0 0 0 0 0 0 0 0 0 0 0 0 0 0 0 0 0 0 0 0 0 0
0 0 0 0 0 0 0 0 0 0 0 0 0 0 0 0 0 0 0 0 0 0 0 0 0 0 0 0 0 0 0 0 0 0 0 0
0 0 0 0 0 0 0 0 0 0 0 0 0 0 0 0 0 0 0 0 0 0 0 0
##$SHL_OFFSCOEFF4= (0..95)
0 0 0 0 0 0 0 0 0 0 0 0 0 0 0 0 0 0 0 0 0 0 0 0 0 0 0 0 0 0 0 0 0 0 0 0
0 0 0 0 0 0 0 0 0 0 0 0 0 0 0 0 0 0 0 0 0 0 0 0 0 0 0 0 0 0 0 0 0 0 0 0
0 0 0 0 0 0 0 0 0 0 0 0 0 0 0 0 0 0 0 0 0 0 0 0
##$SHL_OFFSCOEFF5= (0..95)
0 0 0 0 0 0 0 0 0 0 0 0 0 0 0 0 0 0 0 0 0 0 0 0 0 0 0 0 0 0 0 0 0 0 0 0
0 0 0 0 0 0 0 0 0 0 0 0 0 0 0 0 0 0 0 0 0 0 0 0 0 0 0 0 0 0 0 0 0 0 0 0
0 0 0 0 0 0 0 0 0 0 0 0 0 0 0 0 0 0 0 0 0 0 0 0
##$SHL_OFFSCOEFF6= (0..95)
0 0 0 0 0 0 0 0 0 0 0 0 0 0 0 0 0 0 0 0 0 0 0 0 0 0 0 0 0 0 0 0 0 0 0 0
0 0 0 0 0 0 0 0 0 0 0 0 0 0 0 0 0 0 0 0 0 0 0 0 0 0 0 0 0 0 0 0 0 0 0 0
0 0 0 0 0 0 0 0 0 0 0 0 0 0 0 0 0 0 0 0 0 0 0 0
##$SHL_OFFSCOEFF7= (0..95)
0 0 0 0 0 0 0 0 0 0 0 0 0 0 0 0 0 0 0 0 0 0 0 0 0 0 0 0 0 0 0 0 0 0 0 0
0 0 0 0 0 0 0 0 0 0 0 0 0 0 0 0 0 0 0 0 0 0 0 0 0 0 0 0 0 0 0 0 0 0 0 0
0 0 0 0 0 0 0 0 0 0 0 0 0 0 0 0 0 0 0 0 0 0 0 0
##$SHL_OFFSCOEFF8= (0..95)
0 0 0 0 0 0 0 0 0 0 0 0 0 0 0 0 0 0 0 0 0 0 0 0 0 0 0 0 0 0 0 0 0 0 0 0
0 0 0 0 0 0 0 0 0 0 0 0 0 0 0 0 0 0 0 0 0 0 0 0 0 0 0 0 0 0 0 0 0 0 0 0
0 0 0 0 0 0 0 0 0 0 0 0 0 0 0 0 0 0 0 0 0 0 0 0
##$SHL_OFFSCOEFF9= (0..95)
0 0 0 0 0 0 0 0 0 0 0 0 0 0 0 0 0 0 0 0 0 0 0 0 0 0 0 0 0 0 0 0 0 0 0 0
0 0 0 0 0 0 0 0 0 0 0 0 0 0 0 0 0 0 0 0 0 0 0 0 0 0 0 0 0 0 0 0 0 0 0 0
0 0 0 0 0 0 0 0 0 0 0 0 0 0 0 0 0 0 0 0 0 0 0 0
##$SHL_PHASE= (0..15)
0 0 0 0 0 0 0 0 0 0 0 0 0 0 0 0
##$SHL_PHASEFAC= (0..15)
0 0 0 0 0 0 0 0 0 0 0 0 0 0 0 0
##$SHL_POWERINDEX= (0..15)
0 0 0 0 0 0 0 0 0 0 0 0 0 0 0 0
##$SHL_QUADCOEFF= (0..15)
0 0 0 0 0 0 0 0 0 0 0 0 0 0 0 0
##$SHL_RIGHTLIMIT= (0..15)
0 0 0 0 0 0 0 0 0 0 0 0 0 0 0 0
##$SHL_SCALEFACTOR= (0..15)
1 1 1 1 1 1 1 1 1 1 1 1 1 1 1 1
##$SHL_SF= (0..15)
<> <> <> <> <> <> <> <> <> <> <> <> <> <> <> <>
##$SHL_SFCOEFFS0= (0..200)
0 0 0 0 0 0 0 0 0 0 0 0 0 0 0 0 0 0 0 0 0 0 0 0 0 0 0 0 0 0 0 0 0 0 0 0
0 0 0 0 0 0 0 0 0 0 0 0 0 0 0 0 0 0 0 0 0 0 0 0 0 0 0 0 0 0 0 0 0 0 0 0
0 0 0 0 0 0 0 0 0 0 0 0 0 0 0 0 0 0 0 0 0 0 0 0 0 0 0 0 0 0 0 0 0 0 0 0
0 0 0 0 0 0 0 0 0 0 0 0 0 0 0 0 0 0 0 0 0 0 0 0 0 0 0 0 0 0 0 0 0 0 0 0
0 0 0 0 0 0 0 0 0 0 0 0 0 0 0 0 0 0 0 0 0 0 0 0 0 0 0 0 0 0 0 0 0 0 0 0
0 0 0 0 0 0 0 0 0 0 0 0 0 0 0 0 0 0 0 0 0
##$SHL_SFCOEFFS1= (0..200)
0 0 0 0 0 0 0 0 0 0 0 0 0 0 0 0 0 0 0 0 0 0 0 0 0 0 0 0 0 0 0 0 0 0 0 0
0 0 0 0 0 0 0 0 0 0 0 0 0 0 0 0 0 0 0 0 0 0 0 0 0 0 0 0 0 0 0 0 0 0 0 0
0 0 0 0 0 0 0 0 0 0 0 0 0 0 0 0 0 0 0 0 0 0 0 0 0 0 0 0 0 0 0 0 0 0 0 0
0 0 0 0 0 0 0 0 0 0 0 0 0 0 0 0 0 0 0 0 0 0 0 0 0 0 0 0 0 0 0 0 0 0 0 0
0 0 0 0 0 0 0 0 0 0 0 0 0 0 0 0 0 0 0 0 0 0 0 0 0 0 0 0 0 0 0 0 0 0 0 0
0 0 0 0 0 0 0 0 0 0 0 0 0 0 0 0 0 0 0 0 0
##$SHL_SFCOEFFS10= (0..200)
0 0 0 0 0 0 0 0 0 0 0 0 0 0 0 0 0 0 0 0 0 0 0 0 0 0 0 0 0 0 0 0 0 0 0 0
0 0 0 0 0 0 0 0 0 0 0 0 0 0 0 0 0 0 0 0 0 0 0 0 0 0 0 0 0 0 0 0 0 0 0 0
0 0 0 0 0 0 0 0 0 0 0 0 0 0 0 0 0 0 0 0 0 0 0 0 0 0 0 0 0 0 0 0 0 0 0 0
0 0 0 0 0 0 0 0 0 0 0 0 0 0 0 0 0 0 0 0 0 0 0 0 0 0 0 0 0 0 0 0 0 0 0 0
0 0 0 0 0 0 0 0 0 0 0 0 0 0 0 0 0 0 0 0 0 0 0 0 0 0 0 0 0 0 0 0 0 0 0 0
0 0 0 0 0 0 0 0 0 0 0 0 0 0 0 0 0 0 0 0 0
##$SHL_SFCOEFFS11= (0..200)
0 0 0 0 0 0 0 0 0 0 0 0 0 0 0 0 0 0 0 0 0 0 0 0 0 0 0 0 0 0 0 0 0 0 0 0
0 0 0 0 0 0 0 0 0 0 0 0 0 0 0 0 0 0 0 0 0 0 0 0 0 0 0 0 0 0 0 0 0 0 0 0
0 0 0 0 0 0 0 0 0 0 0 0 0 0 0 0 0 0 0 0 0 0 0 0 0 0 0 0 0 0 0 0 0 0 0 0
0 0 0 0 0 0 0 0 0 0 0 0 0 0 0 0 0 0 0 0 0 0 0 0 0 0 0 0 0 0 0 0 0 0 0 0
0 0 0 0 0 0 0 0 0 0 0 0 0 0 0 0 0 0 0 0 0 0 0 0 0 0 0 0 0 0 0 0 0 0 0 0
0 0 0 0 0 0 0 0 0 0 0 0 0 0 0 0 0 0 0 0 0
##$SHL_SFCOEFFS12= (0..200)
0 0 0 0 0 0 0 0 0 0 0 0 0 0 0 0 0 0 0 0 0 0 0 0 0 0 0 0 0 0 0 0 0 0 0 0
0 0 0 0 0 0 0 0 0 0 0 0 0 0 0 0 0 0 0 0 0 0 0 0 0 0 0 0 0 0 0 0 0 0 0 0
0 0 0 0 0 0 0 0 0 0 0 0 0 0 0 0 0 0 0 0 0 0 0 0 0 0 0 0 0 0 0 0 0 0 0 0
0 0 0 0 0 0 0 0 0 0 0 0 0 0 0 0 0 0 0 0 0 0 0 0 0 0 0 0 0 0 0 0 0 0 0 0
0 0 0 0 0 0 0 0 0 0 0 0 0 0 0 0 0 0 0 0 0 0 0 0 0 0 0 0 0 0 0 0 0 0 0 0
0 0 0 0 0 0 0 0 0 0 0 0 0 0 0 0 0 0 0 0 0
##$SHL_SFCOEFFS13= (0..200)
0 0 0 0 0 0 0 0 0 0 0 0 0 0 0 0 0 0 0 0 0 0 0 0 0 0 0 0 0 0 0 0 0 0 0 0
0 0 0 0 0 0 0 0 0 0 0 0 0 0 0 0 0 0 0 0 0 0 0 0 0 0 0 0 0 0 0 0 0 0 0 0
0 0 0 0 0 0 0 0 0 0 0 0 0 0 0 0 0 0 0 0 0 0 0 0 0 0 0 0 0 0 0 0 0 0 0 0
0 0 0 0 0 0 0 0 0 0 0 0 0 0 0 0 0 0 0 0 0 0 0 0 0 0 0 0 0 0 0 0 0 0 0 0
0 0 0 0 0 0 0 0 0 0 0 0 0 0 0 0 0 0 0 0 0 0 0 0 0 0 0 0 0 0 0 0 0 0 0 0
0 0 0 0 0 0 0 0 0 0 0 0 0 0 0 0 0 0 0 0 0
##$SHL_SFCOEFFS14= (0..200)
0 0 0 0 0 0 0 0 0 0 0 0 0 0 0 0 0 0 0 0 0 0 0 0 0 0 0 0 0 0 0 0 0 0 0 0
0 0 0 0 0 0 0 0 0 0 0 0 0 0 0 0 0 0 0 0 0 0 0 0 0 0 0 0 0 0 0 0 0 0 0 0
0 0 0 0 0 0 0 0 0 0 0 0 0 0 0 0 0 0 0 0 0 0 0 0 0 0 0 0 0 0 0 0 0 0 0 0
0 0 0 0 0 0 0 0 0 0 0 0 0 0 0 0 0 0 0 0 0 0 0 0 0 0 0 0 0 0 0 0 0 0 0 0
0 0 0 0 0 0 0 0 0 0 0 0 0 0 0 0 0 0 0 0 0 0 0 0 0 0 0 0 0 0 0 0 0 0 0 0
0 0 0 0 0 0 0 0 0 0 0 0 0 0 0 0 0 0 0 0 0
##$SHL_SFCOEFFS15= (0..200)
0 0 0 0 0 0 0 0 0 0 0 0 0 0 0 0 0 0 0 0 0 0 0 0 0 0 0 0 0 0 0 0 0 0 0 0
0 0 0 0 0 0 0 0 0 0 0 0 0 0 0 0 0 0 0 0 0 0 0 0 0 0 0 0 0 0 0 0 0 0 0 0
0 0 0 0 0 0 0 0 0 0 0 0 0 0 0 0 0 0 0 0 0 0 0 0 0 0 0 0 0 0 0 0 0 0 0 0
0 0 0 0 0 0 0 0 0 0 0 0 0 0 0 0 0 0 0 0 0 0 0 0 0 0 0 0 0 0 0 0 0 0 0 0
0 0 0 0 0 0 0 0 0 0 0 0 0 0 0 0 0 0 0 0 0 0 0 0 0 0 0 0 0 0 0 0 0 0 0 0
0 0 0 0 0 0 0 0 0 0 0 0 0 0 0 0 0 0 0 0 0
##$SHL_SFCOEFFS2= (0..200)
0 0 0 0 0 0 0 0 0 0 0 0 0 0 0 0 0 0 0 0 0 0 0 0 0 0 0 0 0 0 0 0 0 0 0 0
0 0 0 0 0 0 0 0 0 0 0 0 0 0 0 0 0 0 0 0 0 0 0 0 0 0 0 0 0 0 0 0 0 0 0 0
0 0 0 0 0 0 0 0 0 0 0 0 0 0 0 0 0 0 0 0 0 0 0 0 0 0 0 0 0 0 0 0 0 0 0 0
0 0 0 0 0 0 0 0 0 0 0 0 0 0 0 0 0 0 0 0 0 0 0 0 0 0 0 0 0 0 0 0 0 0 0 0
0 0 0 0 0 0 0 0 0 0 0 0 0 0 0 0 0 0 0 0 0 0 0 0 0 0 0 0 0 0 0 0 0 0 0 0
0 0 0 0 0 0 0 0 0 0 0 0 0 0 0 0 0 0 0 0 0
##$SHL_SFCOEFFS3= (0..200)
0 0 0 0 0 0 0 0 0 0 0 0 0 0 0 0 0 0 0 0 0 0 0 0 0 0 0 0 0 0 0 0 0 0 0 0
0 0 0 0 0 0 0 0 0 0 0 0 0 0 0 0 0 0 0 0 0 0 0 0 0 0 0 0 0 0 0 0 0 0 0 0
0 0 0 0 0 0 0 0 0 0 0 0 0 0 0 0 0 0 0 0 0 0 0 0 0 0 0 0 0 0 0 0 0 0 0 0
0 0 0 0 0 0 0 0 0 0 0 0 0 0 0 0 0 0 0 0 0 0 0 0 0 0 0 0 0 0 0 0 0 0 0 0
0 0 0 0 0 0 0 0 0 0 0 0 0 0 0 0 0 0 0 0 0 0 0 0 0 0 0 0 0 0 0 0 0 0 0 0
0 0 0 0 0 0 0 0 0 0 0 0 0 0 0 0 0 0 0 0 0
##$SHL_SFCOEFFS4= (0..200)
0 0 0 0 0 0 0 0 0 0 0 0 0 0 0 0 0 0 0 0 0 0 0 0 0 0 0 0 0 0 0 0 0 0 0 0
0 0 0 0 0 0 0 0 0 0 0 0 0 0 0 0 0 0 0 0 0 0 0 0 0 0 0 0 0 0 0 0 0 0 0 0
0 0 0 0 0 0 0 0 0 0 0 0 0 0 0 0 0 0 0 0 0 0 0 0 0 0 0 0 0 0 0 0 0 0 0 0
0 0 0 0 0 0 0 0 0 0 0 0 0 0 0 0 0 0 0 0 0 0 0 0 0 0 0 0 0 0 0 0 0 0 0 0
0 0 0 0 0 0 0 0 0 0 0 0 0 0 0 0 0 0 0 0 0 0 0 0 0 0 0 0 0 0 0 0 0 0 0 0
0 0 0 0 0 0 0 0 0 0 0 0 0 0 0 0 0 0 0 0 0
##$SHL_SFCOEFFS5= (0..200)
0 0 0 0 0 0 0 0 0 0 0 0 0 0 0 0 0 0 0 0 0 0 0 0 0 0 0 0 0 0 0 0 0 0 0 0
0 0 0 0 0 0 0 0 0 0 0 0 0 0 0 0 0 0 0 0 0 0 0 0 0 0 0 0 0 0 0 0 0 0 0 0
0 0 0 0 0 0 0 0 0 0 0 0 0 0 0 0 0 0 0 0 0 0 0 0 0 0 0 0 0 0 0 0 0 0 0 0
0 0 0 0 0 0 0 0 0 0 0 0 0 0 0 0 0 0 0 0 0 0 0 0 0 0 0 0 0 0 0 0 0 0 0 0
0 0 0 0 0 0 0 0 0 0 0 0 0 0 0 0 0 0 0 0 0 0 0 0 0 0 0 0 0 0 0 0 0 0 0 0
0 0 0 0 0 0 0 0 0 0 0 0 0 0 0 0 0 0 0 0 0
##$SHL_SFCOEFFS6= (0..200)
0 0 0 0 0 0 0 0 0 0 0 0 0 0 0 0 0 0 0 0 0 0 0 0 0 0 0 0 0 0 0 0 0 0 0 0
0 0 0 0 0 0 0 0 0 0 0 0 0 0 0 0 0 0 0 0 0 0 0 0 0 0 0 0 0 0 0 0 0 0 0 0
0 0 0 0 0 0 0 0 0 0 0 0 0 0 0 0 0 0 0 0 0 0 0 0 0 0 0 0 0 0 0 0 0 0 0 0
0 0 0 0 0 0 0 0 0 0 0 0 0 0 0 0 0 0 0 0 0 0 0 0 0 0 0 0 0 0 0 0 0 0 0 0
0 0 0 0 0 0 0 0 0 0 0 0 0 0 0 0 0 0 0 0 0 0 0 0 0 0 0 0 0 0 0 0 0 0 0 0
0 0 0 0 0 0 0 0 0 0 0 0 0 0 0 0 0 0 0 0 0
##$SHL_SFCOEFFS7= (0..200)
0 0 0 0 0 0 0 0 0 0 0 0 0 0 0 0 0 0 0 0 0 0 0 0 0 0 0 0 0 0 0 0 0 0 0 0
0 0 0 0 0 0 0 0 0 0 0 0 0 0 0 0 0 0 0 0 0 0 0 0 0 0 0 0 0 0 0 0 0 0 0 0
0 0 0 0 0 0 0 0 0 0 0 0 0 0 0 0 0 0 0 0 0 0 0 0 0 0 0 0 0 0 0 0 0 0 0 0
0 0 0 0 0 0 0 0 0 0 0 0 0 0 0 0 0 0 0 0 0 0 0 0 0 0 0 0 0 0 0 0 0 0 0 0
0 0 0 0 0 0 0 0 0 0 0 0 0 0 0 0 0 0 0 0 0 0 0 0 0 0 0 0 0 0 0 0 0 0 0 0
0 0 0 0 0 0 0 0 0 0 0 0 0 0 0 0 0 0 0 0 0
##$SHL_SFCOEFFS8= (0..200)
0 0 0 0 0 0 0 0 0 0 0 0 0 0 0 0 0 0 0 0 0 0 0 0 0 0 0 0 0 0 0 0 0 0 0 0
0 0 0 0 0 0 0 0 0 0 0 0 0 0 0 0 0 0 0 0 0 0 0 0 0 0 0 0 0 0 0 0 0 0 0 0
0 0 0 0 0 0 0 0 0 0 0 0 0 0 0 0 0 0 0 0 0 0 0 0 0 0 0 0 0 0 0 0 0 0 0 0
0 0 0 0 0 0 0 0 0 0 0 0 0 0 0 0 0 0 0 0 0 0 0 0 0 0 0 0 0 0 0 0 0 0 0 0
0 0 0 0 0 0 0 0 0 0 0 0 0 0 0 0 0 0 0 0 0 0 0 0 0 0 0 0 0 0 0 0 0 0 0 0
0 0 0 0 0 0 0 0 0 0 0 0 0 0 0 0 0 0 0 0 0
##$SHL_SFCOEFFS9= (0..200)
0 0 0 0 0 0 0 0 0 0 0 0 0 0 0 0 0 0 0 0 0 0 0 0 0 0 0 0 0 0 0 0 0 0 0 0
0 0 0 0 0 0 0 0 0 0 0 0 0 0 0 0 0 0 0 0 0 0 0 0 0 0 0 0 0 0 0 0 0 0 0 0
0 0 0 0 0 0 0 0 0 0 0 0 0 0 0 0 0 0 0 0 0 0 0 0 0 0 0 0 0 0 0 0 0 0 0 0
0 0 0 0 0 0 0 0 0 0 0 0 0 0 0 0 0 0 0 0 0 0 0 0 0 0 0 0 0 0 0 0 0 0 0 0
0 0 0 0 0 0 0 0 0 0 0 0 0 0 0 0 0 0 0 0 0 0 0 0 0 0 0 0 0 0 0 0 0 0 0 0
0 0 0 0 0 0 0 0 0 0 0 0 0 0 0 0 0 0 0 0 0
##$SHL_SMOOTHED= (0..15)
0 0 0 0 0 0 0 0 0 0 0 0 0 0 0 0
##$SHL_SMOOTHING= (0..15)
0 0 0 0 0 0 0 0 0 0 0 0 0 0 0 0
##$SHL_SPOAL= (0..15)
0 0 0 0 0 0 0 0 0 0 0 0 0 0 0 0
##$SHL_SPOFFS= (0..15)
0 0 0 0 0 0 0 0 0 0 0 0 0 0 0 0
##$SHL_SPOPH= (0..15)
0 0 0 0 0 0 0 0 0 0 0 0 0 0 0 0
##$SHL_STARTAMP= (0..15)
0 0 0 0 0 0 0 0 0 0 0 0 0 0 0 0
##$SHL_SW= (0..15)
0 0 0 0 0 0 0 0 0 0 0 0 0 0 0 0
##$SHL_SWDIR= (0..15)
-1 -1 -1 -1 -1 -1 -1 -1 -1 -1 -1 -1 -1 -1 -1 -1
##$SHL_TANKAPPA= (0..15)
0 0 0 0 0 0 0 0 0 0 0 0 0 0 0 0
##$SHL_TOTROT= (0..15)
90 0 0 0 0 0 0 0 0 0 0 0 0 0 0 0
##$SHL_TRUNCLEV= (0..15)
0 0 0 0 0 0 0 0 0 0 0 0 0 0 0 0
##$SHL_TYPE= (0..15)
<Excitation> <> <> <> <> <> <> <> <> <> <> <> <> <> <> <>
##$SHL_WINDOWSIZE= (0..15)
0 0 0 0 0 0 0 0 0 0 0 0 0 0 0 0
##$SHL_ZETA= (0..15)
0 0 0 0 0 0 0 0 0 0 0 0 0 0 0 0
##NPOINTS= 1250
##XYPOINTS= (XY..XY)
37.884131, 184.951982
39.450472, 185.520514
41.005433, 186.089046
42.548565, 186.657577
44.079422, 187.226109
45.597564, 187.794641
47.102552, 188.363172
48.593951, 188.931704
50.071332, 189.500236
51.534269, 190.068767
52.982340, 190.637299
54.415126, 191.205830
55.832215, 191.774362
57.233197, 192.342894
58.617669, 192.911425
59.985231, 193.479957
61.335488, 194.048489
62.668052, 194.617020
63.982537, 195.185552
65.278564, 195.754084
66.555761, 196.322615
67.813757, 196.891147
69.052191, 197.459679
70.270704, 198.028210
71.468947, 198.596742
72.646571, 199.165274
73.803239, 199.733805
74.938617, 200.302337
76.052376, 200.870869
77.144196, 201.439400
78.213761, 202.007932
79.260764, 202.576464
80.284902, 203.144995
81.285879, 203.713527
82.263407, 204.282059
83.217204, 204.850590
84.146994, 205.419122
85.052510, 205.987653
85.933490, 206.556185
86.789681, 207.124717
87.620834, 207.693248
88.426711, 208.261780
89.207079, 208.830312
89.961712, 209.398843
90.690393, 209.967375
91.392913, 210.535907
92.069067, 211.104438
92.718662, 211.672970
93.341509, 212.241502
93.937429, 212.810033
94.506251, 213.378565
95.047810, 213.947097
95.561949, 214.515628
96.048521, 215.084160
96.507385, 215.652692
96.938409, 216.221223
97.341468, 216.789755
97.716446, 217.358287
98.063236, 217.926818
98.381736, 218.495350
98.671855, 219.063881
98.933510, 219.632413
99.166625, 220.200945
99.371132, 220.769476
99.546973, 221.338008
99.694097, 221.906540
99.812461, 222.475071
99.902032, 223.043603
99.962783, 223.612135
99.994697, 224.180666
99.997765, 224.749198
99.971985, 225.317730
99.917366, 225.886261
99.833924, 226.454793
99.721681, 227.023325
99.580670, 227.591856
99.410933, 228.160388
99.212518, 228.728920
98.985483, 229.297451
98.729892, 229.865983
98.445820, 230.434515
98.133349, 231.003046
97.792568, 231.571578
97.423576, 232.140110
97.026480, 232.708641
96.601394, 233.277173
96.148440, 233.845704
95.667750, 234.414236
95.159462, 234.982768
94.623722, 235.551299
94.060686, 236.119831
93.470515, 236.688363
92.853380, 237.256894
92.209459, 237.825426
91.538937, 238.393958
90.842009, 238.962489
90.118874, 239.531021
89.369743, 240.099553
88.594830, 240.668084
87.794359, 241.236616
86.968562, 241.805148
86.117676, 242.373679
85.241947, 242.942211
84.341628, 243.510743
83.416978, 244.079274
82.468265, 244.647806
81.495761, 245.216338
80.499747, 245.784869
79.480511, 246.353401
78.438346, 246.921933
77.373554, 247.490464
76.286441, 248.058996
75.177322, 248.627527
74.046515, 249.196059
72.894347, 249.764591
71.721152, 250.333122
70.527266, 250.901654
69.313034, 251.470186
68.078808, 252.038717
66.824942, 252.607249
65.551799, 253.175781
64.259745, 253.744312
62.949154, 254.312844
61.620404, 254.881376
60.273877, 255.449907
58.909963, 256.018439
57.529054, 256.586971
56.131550, 257.155502
54.717853, 257.724034
53.288371, 258.292566
51.843516, 258.861097
50.383706, 259.429629
48.909361, 259.998161
47.420907, 260.566692
45.918774, 261.135224
44.403393, 261.703756
42.875203, 262.272287
41.334645, 262.840819
39.782163, 263.409350
38.218204, 263.977882
36.643220, 264.546414
35.057665, 265.114945
33.461997, 265.683477
31.856676, 266.252009
30.242166, 266.820540
28.618930, 267.389072
26.987439, 267.957604
25.348163, 268.526135
23.701574, 269.094667
22.048148, 269.663199
20.388362, 270.231730
18.722694, 270.800262
17.051625, 271.368794
15.375636, 271.937325
13.695213, 272.505857
12.010838, 273.074389
10.322999, 273.642920
8.632182, 274.211452
6.938874, 274.779984
5.243565, 275.348515
3.546743, 275.917047
1.848898, 276.485579
0.150520, 277.054110
1.547902, 97.622642
3.245877, 98.191173
4.942916, 98.759705
6.638529, 99.328237
8.332227, 99.896768
10.023521, 100.465300
11.711924, 101.033832
13.396948, 101.602363
15.078107, 102.170895
16.754917, 102.739427
18.426893, 103.307958
20.093553, 103.876490
21.754417, 104.445022
23.409005, 105.013553
25.056841, 105.582085
26.697447, 106.150617
28.330353, 106.719148
29.955085, 107.287680
31.571177, 107.856212
33.178160, 108.424743
34.775573, 108.993275
36.362953, 109.561807
37.939844, 110.130338
39.505790, 110.698870
41.060339, 111.267402
42.603043, 111.835933
44.133457, 112.404465
45.651140, 112.972996
47.155654, 113.541528
48.646564, 114.110060
50.123440, 114.678591
51.585857, 115.247123
53.033393, 115.815655
54.465630, 116.384186
55.882154, 116.952718
57.282558, 117.521250
58.666438, 118.089781
60.033393, 118.658313
61.383030, 119.226845
62.714959, 119.795376
64.028796, 120.363908
65.324163, 120.932440
66.600685, 121.500971
67.857994, 122.069503
69.095727, 122.638035
70.313528, 123.206566
71.511046, 123.775098
72.687933, 124.343630
73.843852, 124.912161
74.978469, 125.480693
76.091456, 126.049225
77.182492, 126.617756
78.251263, 127.186288
79.297460, 127.754819
80.320782, 128.323351
81.320933, 128.891883
82.297624, 129.460414
83.250575, 130.028946
84.179509, 130.597478
85.084160, 131.166009
85.964266, 131.734541
86.819573, 132.303073
87.649834, 132.871604
88.454811, 133.440136
89.234270, 134.008668
89.987987, 134.577199
90.715745, 135.145731
91.417333, 135.714263
92.092549, 136.282794
92.741199, 136.851326
93.363095, 137.419858
93.958057, 137.988389
94.525915, 138.556921
95.066504, 139.125453
95.579669, 139.693984
96.065261, 140.262516
96.523141, 140.831048
96.953175, 141.399579
97.355241, 141.968111
97.729222, 142.536642
98.075010, 143.105174
98.392506, 143.673706
98.681618, 144.242237
98.942262, 144.810769
99.174364, 145.379301
99.377856, 145.947832
99.552679, 146.516364
99.698785, 147.084896
99.816129, 147.653427
99.904678, 148.221959
99.964407, 148.790491
99.995299, 149.359022
99.997344, 149.927554
99.970542, 150.496086
99.914901, 151.064617
99.830437, 151.633149
99.717174, 152.201681
99.575144, 152.770212
99.404390, 153.338744
99.204959, 153.907276
98.976911, 154.475807
98.720309, 155.044339
98.435229, 155.612871
98.121752, 156.181402
97.779970, 156.749934
97.409980, 157.318465
97.011890, 157.886997
96.585813, 158.455529
96.131874, 159.024060
95.650203, 159.592592
95.140939, 160.161124
94.604230, 160.729655
94.040228, 161.298187
93.449099, 161.866719
92.831011, 162.435250
92.186144, 163.003782
91.514683, 163.572314
90.816822, 164.140845
90.092762, 164.709377
89.342713, 165.277909
88.566890, 165.846440
87.765518, 166.414972
86.938827, 166.983504
86.087057, 167.552035
85.210452, 168.120567
84.309266, 168.689099
83.383758, 169.257630
82.434196, 169.826162
81.460854, 170.394693
80.464012, 170.963225
79.443958, 171.531757
78.400986, 172.100288
77.335398, 172.668820
76.247499, 173.237352
75.137606, 173.805883
74.006036, 174.374415
72.853117, 174.942947
71.679182, 175.511478
70.484569, 176.080010
69.269623, 176.648542
68.034694, 177.217073
66.780139, 177.785605
65.506319, 178.354137
64.213602, 178.922668
62.902361, 179.491200
61.572973, 180.059732
60.225824, 180.628263
58.861300, 181.196795
57.479797, 181.765327
56.081711, 182.333858
54.667448, 182.902390
53.237414, 183.470922
51.792022, 184.039453
50.331689, 184.607985
48.856837, 185.176516
47.367891, 185.745048
45.865280, 186.313580
44.349438, 186.882111
42.820802, 187.450643
41.279814, 188.019175
39.726917, 188.587706
38.162559, 189.156238
36.587193, 189.724770
35.001272, 190.293301
33.405254, 190.861833
31.799599, 191.430365
30.184771, 191.998896
28.561236, 192.567428
26.929460, 193.135960
25.289917, 193.704491
23.643078, 194.273023
21.989418, 194.841555
20.329415, 195.410086
18.663547, 195.978618
16.992295, 196.547150
15.316142, 197.115681
13.635570, 197.684213
11.951064, 198.252745
10.263111, 198.821276
8.572197, 199.389808
6.878810, 199.958339
5.183439, 200.526871
3.486573, 201.095403
1.788700, 201.663934
0.090312, 202.232466
1.608102, 22.800998
3.306053, 23.369529
5.003049, 23.938061
6.698603, 24.506593
8.392224, 25.075124
10.083424, 25.643656
11.771715, 26.212188
13.456610, 26.780719
15.137624, 27.349251
16.814270, 27.917783
18.486066, 28.486314
20.152530, 29.054846
21.813179, 29.623378
23.467536, 30.191909
25.115123, 30.760441
26.755465, 31.328973
28.388089, 31.897504
30.012523, 32.466036
31.628300, 33.034568
33.234952, 33.603099
34.832017, 34.171631
36.419033, 34.740162
37.995543, 35.308694
39.561093, 35.877226
41.115230, 36.445757
42.657506, 37.014289
44.187477, 37.582821
45.704700, 38.151352
47.208739, 38.719884
48.699159, 39.288416
50.175530, 39.856947
51.637427, 40.425479
53.084427, 40.994011
54.516114, 41.562542
55.932074, 42.131074
57.331899, 42.699606
58.715185, 43.268137
60.081533, 43.836669
61.430549, 44.405201
62.761843, 44.973732
64.075033, 45.542264
65.369737, 46.110796
66.645585, 46.679327
67.902206, 47.247859
69.139239, 47.816391
70.356327, 48.384922
71.553119, 48.953454
72.729269, 49.521985
73.884438, 50.090517
75.018294, 50.659049
76.130508, 51.227580
77.220761, 51.796112
78.288737, 52.364644
79.334128, 52.933175
80.356633, 53.501707
81.355957, 54.070239
82.331812, 54.638770
83.283916, 55.207302
84.211994, 55.775834
85.115779, 56.344365
85.995010, 56.912897
86.849434, 57.481429
87.678803, 58.049960
88.482879, 58.618492
89.261429, 59.187024
90.014230, 59.755555
90.741063, 60.324087
91.441720, 60.892619
92.115998, 61.461150
92.763702, 62.029682
93.384646, 62.598214
93.978651, 63.166745
94.545545, 63.735277
95.085165, 64.303808
95.597355, 64.872340
96.081967, 65.440872
96.538861, 66.009403
96.967907, 66.577935
97.368979, 67.146467
97.741962, 67.714998
98.086749, 68.283530
98.403240, 68.852062
98.691344, 69.420593
98.950978, 69.989125
99.182067, 70.557657
99.384543, 71.126188
99.558350, 71.694720
99.703436, 72.263252
99.819760, 72.831783
99.907288, 73.400315
99.965995, 73.968847
99.995865, 74.537378
99.996887, 75.105910
99.969063, 75.674442
99.912400, 76.242973
99.826914, 76.811505
99.712631, 77.380037
99.569582, 77.948568
99.397810, 78.517100
99.197364, 79.085631
98.968302, 79.654163
98.710690, 80.222695
98.424602, 80.791226
98.110120, 81.359758
97.767336, 81.928290
97.396348, 82.496821
96.997264, 83.065353
96.570198, 83.633885
96.115273, 84.202416
95.632622, 84.770948
95.122382, 85.339480
94.584702, 85.908011
94.019737, 86.476543
93.427648, 87.045075
92.808608, 87.613606
92.162795, 88.182138
91.490395, 88.750670
90.791602, 89.319201
90.066617, 89.887733
89.315651, 90.456265
88.538918, 91.024796
87.736645, 91.593328
86.909061, 92.161860
86.056406, 92.730391
85.178925, 93.298923
84.276872, 93.867454
83.350508, 94.435986
82.400098, 95.004518
81.425918, 95.573049
80.428248, 96.141581
79.407377, 96.710113
78.363598, 97.278644
77.297213, 97.847176
76.208530, 98.415708
75.097862, 98.984239
73.965530, 99.552771
72.811861, 100.121303
71.637187, 100.689834
70.441847, 101.258366
69.226187, 101.826898
67.990556, 102.395429
66.735312, 102.963961
65.460815, 103.532493
64.167435, 104.101024
62.855544, 104.669556
61.525521, 105.238088
60.177749, 105.806619
58.812617, 106.375151
57.430518, 106.943683
56.031853, 107.512214
54.617023, 108.080746
53.186437, 108.649277
51.740509, 109.217809
50.279654, 109.786341
48.804295, 110.354872
47.314857, 110.923404
45.811770, 111.491936
44.295467, 112.060467
42.766386, 112.628999
41.224967, 113.197531
39.671657, 113.766062
38.106901, 114.334594
36.531153, 114.903126
34.944866, 115.471657
33.348499, 116.040189
31.742511, 116.608721
30.127366, 117.177252
28.503530, 117.745784
26.871472, 118.314316
25.231661, 118.882847
23.584572, 119.451379
21.930680, 120.019911
20.270460, 120.588442
18.604394, 121.156974
16.932960, 121.725505
15.256641, 122.294037
13.575921, 122.862569
11.891285, 123.431100
10.203219, 123.999632
8.512209, 124.568164
6.818743, 125.136695
5.123311, 125.705227
3.426400, 126.273759
1.728502, 126.842290
0.030104, 127.410822
1.668302, 307.979354
3.366227, 308.547885
5.063181, 309.116417
6.758674, 309.684949
8.452218, 310.253480
10.143323, 310.822012
11.831502, 311.390544
13.516268, 311.959075
15.197135, 312.527607
16.873618, 313.096139
18.545233, 313.664670
20.211499, 314.233202
21.871933, 314.801734
23.526058, 315.370265
25.173397, 315.938797
26.813473, 316.507328
28.445815, 317.075860
30.069950, 317.644392
31.685411, 318.212923
33.291731, 318.781455
34.888448, 319.349987
36.475100, 319.918518
38.051229, 320.487050
39.616382, 321.055582
41.170106, 321.624113
42.711954, 322.192645
44.241480, 322.761177
45.758243, 323.329708
47.261807, 323.898240
48.751736, 324.466772
50.227601, 325.035303
51.688977, 325.603835
53.135442, 326.172367
54.566578, 326.740898
55.981973, 327.309430
57.381219, 327.877962
58.763911, 328.446493
60.129652, 329.015025
61.478046, 329.583557
62.808705, 330.152088
64.121246, 330.720620
65.415288, 331.289151
66.690460, 331.857683
67.946393, 332.426215
69.182725, 332.994746
70.399100, 333.563278
71.595166, 334.131810
72.770578, 334.700341
73.924998, 335.268873
75.058092, 335.837405
76.169533, 336.405936
77.259001, 336.974468
78.326182, 337.543000
79.370767, 338.111531
80.392455, 338.680063
81.390952, 339.248595
82.365970, 339.817126
83.317227, 340.385658
84.244449, 340.954190
85.147368, 341.522721
86.025724, 342.091253
86.879263, 342.659785
87.707740, 343.228316
88.510915, 343.796848
89.288556, 344.365380
90.040440, 344.933911
90.766349, 345.502443
91.466074, 346.070974
92.139413, 346.639506
92.786172, 347.208038
93.406164, 347.776569
93.999211, 348.345101
94.565141, 348.913633
95.103791, 349.482164
95.615006, 350.050696
96.098637, 350.619228
96.554547, 351.187759
96.982603, 351.756291
97.382681, 352.324823
97.754667, 352.893354
98.098452, 353.461886
98.413939, 354.030418
98.701035, 354.598949
98.959658, 355.167481
99.189733, 355.736013
99.391195, 356.304544
99.563984, 356.873076
99.708051, 357.441608
99.823355, 358.010139
99.909862, 358.578671
99.967547, 359.147203
99.996394, 359.715734
99.996394, 0.284266
99.967547, 0.852797
99.909862, 1.421329
99.823355, 1.989861
99.708051, 2.558392
99.563984, 3.126924
99.391195, 3.695456
99.189733, 4.263987
98.959658, 4.832519
98.701035, 5.401051
98.413939, 5.969582
98.098452, 6.538114
97.754667, 7.106646
97.382681, 7.675177
96.982603, 8.243709
96.554547, 8.812241
96.098637, 9.380772
95.615006, 9.949304
95.103791, 10.517836
94.565141, 11.086367
93.999211, 11.654899
93.406164, 12.223431
92.786172, 12.791962
92.139413, 13.360494
91.466074, 13.929026
90.766349, 14.497557
90.040440, 15.066089
89.288556, 15.634620
88.510915, 16.203152
87.707740, 16.771684
86.879263, 17.340215
86.025724, 17.908747
85.147368, 18.477279
84.244449, 19.045810
83.317227, 19.614342
82.365970, 20.182874
81.390952, 20.751405
80.392455, 21.319937
79.370767, 21.888469
78.326182, 22.457000
77.259001, 23.025532
76.169533, 23.594064
75.058092, 24.162595
73.924998, 24.731127
72.770578, 25.299659
71.595166, 25.868190
70.399100, 26.436722
69.182725, 27.005254
67.946393, 27.573785
66.690460, 28.142317
65.415288, 28.710849
64.121246, 29.279380
62.808705, 29.847912
61.478046, 30.416443
60.129652, 30.984975
58.763911, 31.553507
57.381219, 32.122038
55.981973, 32.690570
54.566578, 33.259102
53.135442, 33.827633
51.688977, 34.396165
50.227601, 34.964697
48.751736, 35.533228
47.261807, 36.101760
45.758243, 36.670292
44.241480, 37.238823
42.711954, 37.807355
41.170106, 38.375887
39.616382, 38.944418
38.051229, 39.512950
36.475100, 40.081482
34.888448, 40.650013
33.291731, 41.218545
31.685411, 41.787077
30.069950, 42.355608
28.445815, 42.924140
26.813473, 43.492672
25.173397, 44.061203
23.526058, 44.629735
21.871933, 45.198266
20.211499, 45.766798
18.545233, 46.335330
16.873618, 46.903861
15.197135, 47.472393
13.516268, 48.040925
11.831502, 48.609456
10.143323, 49.177988
8.452218, 49.746520
6.758674, 50.315051
5.063181, 50.883583
3.366227, 51.452115
1.668302, 52.020646
0.030104, 232.589178
1.728502, 233.157710
3.426400, 233.726241
5.123311, 234.294773
6.818743, 234.863305
8.512209, 235.431836
10.203219, 236.000368
11.891285, 236.568900
13.575921, 237.137431
15.256641, 237.705963
16.932960, 238.274495
18.604394, 238.843026
20.270460, 239.411558
21.930680, 239.980089
23.584572, 240.548621
25.231661, 241.117153
26.871472, 241.685684
28.503530, 242.254216
30.127366, 242.822748
31.742511, 243.391279
33.348499, 243.959811
34.944866, 244.528343
36.531153, 245.096874
38.106901, 245.665406
39.671657, 246.233938
41.224967, 246.802469
42.766386, 247.371001
44.295467, 247.939533
45.811770, 248.508064
47.314857, 249.076596
48.804295, 249.645128
50.279654, 250.213659
51.740509, 250.782191
53.186437, 251.350723
54.617023, 251.919254
56.031853, 252.487786
57.430518, 253.056317
58.812617, 253.624849
60.177749, 254.193381
61.525521, 254.761912
62.855544, 255.330444
64.167435, 255.898976
65.460815, 256.467507
66.735312, 257.036039
67.990556, 257.604571
69.226187, 258.173102
70.441847, 258.741634
71.637187, 259.310166
72.811861, 259.878697
73.965530, 260.447229
75.097862, 261.015761
76.208530, 261.584292
77.297213, 262.152824
78.363598, 262.721356
79.407377, 263.289887
80.428248, 263.858419
81.425918, 264.426951
82.400098, 264.995482
83.350508, 265.564014
84.276872, 266.132546
85.178925, 266.701077
86.056406, 267.269609
86.909061, 267.838140
87.736645, 268.406672
88.538918, 268.975204
89.315651, 269.543735
90.066617, 270.112267
90.791602, 270.680799
91.490395, 271.249330
92.162795, 271.817862
92.808608, 272.386394
93.427648, 272.954925
94.019737, 273.523457
94.584702, 274.091989
95.122382, 274.660520
95.632622, 275.229052
96.115273, 275.797584
96.570198, 276.366115
96.997264, 276.934647
97.396348, 277.503179
97.767336, 278.071710
98.110120, 278.640242
98.424602, 279.208774
98.710690, 279.777305
98.968302, 280.345837
99.197364, 280.914369
99.397810, 281.482900
99.569582, 282.051432
99.712631, 282.619963
99.826914, 283.188495
99.912400, 283.757027
99.969063, 284.325558
99.996887, 284.894090
99.995865, 285.462622
99.965995, 286.031153
99.907288, 286.599685
99.819760, 287.168217
99.703436, 287.736748
99.558350, 288.305280
99.384543, 288.873812
99.182067, 289.442343
98.950978, 290.010875
98.691344, 290.579407
98.403240, 291.147938
98.086749, 291.716470
97.741962, 292.285002
97.368979, 292.853533
96.967907, 293.422065
96.538861, 293.990597
96.081967, 294.559128
95.597355, 295.127660
95.085165, 295.696192
94.545545, 296.264723
93.978651, 296.833255
93.384646, 297.401786
92.763702, 297.970318
92.115998, 298.538850
91.441720, 299.107381
90.741063, 299.675913
90.014230, 300.244445
89.261429, 300.812976
88.482879, 301.381508
87.678803, 301.950040
86.849434, 302.518571
85.995010, 303.087103
85.115779, 303.655635
84.211994, 304.224166
83.283916, 304.792698
82.331812, 305.361230
81.355957, 305.929761
80.356633, 306.498293
79.334128, 307.066825
78.288737, 307.635356
77.220761, 308.203888
76.130508, 308.772420
75.018294, 309.340951
73.884438, 309.909483
72.729269, 310.478015
71.553119, 311.046546
70.356327, 311.615078
69.139239, 312.183609
67.902206, 312.752141
66.645585, 313.320673
65.369737, 313.889204
64.075033, 314.457736
62.761843, 315.026268
61.430549, 315.594799
60.081533, 316.163331
58.715185, 316.731863
57.331899, 317.300394
55.932074, 317.868926
54.516114, 318.437458
53.084427, 319.005989
51.637427, 319.574521
50.175530, 320.143053
48.699159, 320.711584
47.208739, 321.280116
45.704700, 321.848648
44.187477, 322.417179
42.657506, 322.985711
41.115230, 323.554243
39.561093, 324.122774
37.995543, 324.691306
36.419033, 325.259838
34.832017, 325.828369
33.234952, 326.396901
31.628300, 326.965432
30.012523, 327.533964
28.388089, 328.102496
26.755465, 328.671027
25.115123, 329.239559
23.467536, 329.808091
21.813179, 330.376622
20.152530, 330.945154
18.486066, 331.513686
16.814270, 332.082217
15.137624, 332.650749
13.456610, 333.219281
11.771715, 333.787812
10.083424, 334.356344
8.392224, 334.924876
6.698603, 335.493407
5.003049, 336.061939
3.306053, 336.630471
1.608102, 337.199002
0.090312, 157.767534
1.788700, 158.336066
3.486573, 158.904597
5.183439, 159.473129
6.878810, 160.041661
8.572197, 160.610192
10.263111, 161.178724
11.951064, 161.747255
13.635570, 162.315787
15.316142, 162.884319
16.992295, 163.452850
18.663547, 164.021382
20.329415, 164.589914
21.989418, 165.158445
23.643078, 165.726977
25.289917, 166.295509
26.929460, 166.864040
28.561236, 167.432572
30.184771, 168.001104
31.799599, 168.569635
33.405254, 169.138167
35.001272, 169.706699
36.587193, 170.275230
38.162559, 170.843762
39.726917, 171.412294
41.279814, 171.980825
42.820802, 172.549357
44.349438, 173.117889
45.865280, 173.686420
47.367891, 174.254952
48.856837, 174.823484
50.331689, 175.392015
51.792022, 175.960547
53.237414, 176.529078
54.667448, 177.097610
56.081711, 177.666142
57.479797, 178.234673
58.861300, 178.803205
60.225824, 179.371737
61.572973, 179.940268
62.902361, 180.508800
64.213602, 181.077332
65.506319, 181.645863
66.780139, 182.214395
68.034694, 182.782927
69.269623, 183.351458
70.484569, 183.919990
71.679182, 184.488522
72.853117, 185.057053
74.006036, 185.625585
75.137606, 186.194117
76.247499, 186.762648
77.335398, 187.331180
78.400986, 187.899712
79.443958, 188.468243
80.464012, 189.036775
81.460854, 189.605307
82.434196, 190.173838
83.383758, 190.742370
84.309266, 191.310901
85.210452, 191.879433
86.087057, 192.447965
86.938827, 193.016496
87.765518, 193.585028
88.566890, 194.153560
89.342713, 194.722091
90.092762, 195.290623
90.816822, 195.859155
91.514683, 196.427686
92.186144, 196.996218
92.831011, 197.564750
93.449099, 198.133281
94.040228, 198.701813
94.604230, 199.270345
95.140939, 199.838876
95.650203, 200.407408
96.131874, 200.975940
96.585813, 201.544471
97.011890, 202.113003
97.409980, 202.681535
97.779970, 203.250066
98.121752, 203.818598
98.435229, 204.387129
98.720309, 204.955661
98.976911, 205.524193
99.204959, 206.092724
99.404390, 206.661256
99.575144, 207.229788
99.717174, 207.798319
99.830437, 208.366851
99.914901, 208.935383
99.970542, 209.503914
99.997344, 210.072446
99.995299, 210.640978
99.964407, 211.209509
99.904678, 211.778041
99.816129, 212.346573
99.698785, 212.915104
99.552679, 213.483636
99.377856, 214.052168
99.174364, 214.620699
98.942262, 215.189231
98.681618, 215.757763
98.392506, 216.326294
98.075010, 216.894826
97.729222, 217.463358
97.355241, 218.031889
96.953175, 218.600421
96.523141, 219.168952
96.065261, 219.737484
95.579669, 220.306016
95.066504, 220.874547
94.525915, 221.443079
93.958057, 222.011611
93.363095, 222.580142
92.741199, 223.148674
92.092549, 223.717206
91.417333, 224.285737
90.715745, 224.854269
89.987987, 225.422801
89.234270, 225.991332
88.454811, 226.559864
87.649834, 227.128396
86.819573, 227.696927
85.964266, 228.265459
85.084160, 228.833991
84.179509, 229.402522
83.250575, 229.971054
82.297624, 230.539586
81.320933, 231.108117
80.320782, 231.676649
79.297460, 232.245181
78.251263, 232.813712
77.182492, 233.382244
76.091456, 233.950775
74.978469, 234.519307
73.843852, 235.087839
72.687933, 235.656370
71.511046, 236.224902
70.313528, 236.793434
69.095727, 237.361965
67.857994, 237.930497
66.600685, 238.499029
65.324163, 239.067560
64.028796, 239.636092
62.714959, 240.204624
61.383030, 240.773155
60.033393, 241.341687
58.666438, 241.910219
57.282558, 242.478750
55.882154, 243.047282
54.465630, 243.615814
53.033393, 244.184345
51.585857, 244.752877
50.123440, 245.321409
48.646564, 245.889940
47.155654, 246.458472
45.651140, 247.027004
44.133457, 247.595535
42.603043, 248.164067
41.060339, 248.732598
39.505790, 249.301130
37.939844, 249.869662
36.362953, 250.438193
34.775573, 251.006725
33.178160, 251.575257
31.571177, 252.143788
29.955085, 252.712320
28.330353, 253.280852
26.697447, 253.849383
25.056841, 254.417915
23.409005, 254.986447
21.754417, 255.554978
20.093553, 256.123510
18.426893, 256.692042
16.754917, 257.260573
15.078107, 257.829105
13.396948, 258.397637
11.711924, 258.966168
10.023521, 259.534700
8.332227, 260.103232
6.638529, 260.671763
4.942916, 261.240295
3.245877, 261.808827
1.547902, 262.377358
0.150520, 82.945890
1.848898, 83.514421
3.546743, 84.082953
5.243565, 84.651485
6.938874, 85.220016
8.632182, 85.788548
10.322999, 86.357080
12.010838, 86.925611
13.695213, 87.494143
15.375636, 88.062675
17.051625, 88.631206
18.722694, 89.199738
20.388362, 89.768270
22.048148, 90.336801
23.701574, 90.905333
25.348163, 91.473865
26.987439, 92.042396
28.618930, 92.610928
30.242166, 93.179460
31.856676, 93.747991
33.461997, 94.316523
35.057665, 94.885055
36.643220, 95.453586
38.218204, 96.022118
39.782163, 96.590650
41.334645, 97.159181
42.875203, 97.727713
44.403393, 98.296244
45.918774, 98.864776
47.420907, 99.433308
48.909361, 100.001839
50.383706, 100.570371
51.843516, 101.138903
53.288371, 101.707434
54.717853, 102.275966
56.131550, 102.844498
57.529054, 103.413029
58.909963, 103.981561
60.273877, 104.550093
61.620404, 105.118624
62.949154, 105.687156
64.259745, 106.255688
65.551799, 106.824219
66.824942, 107.392751
68.078808, 107.961283
69.313034, 108.529814
70.527266, 109.098346
71.721152, 109.666878
72.894347, 110.235409
74.046515, 110.803941
75.177322, 111.372473
76.286441, 111.941004
77.373554, 112.509536
78.438346, 113.078067
79.480511, 113.646599
80.499747, 114.215131
81.495761, 114.783662
82.468265, 115.352194
83.416978, 115.920726
84.341628, 116.489257
85.241947, 117.057789
86.117676, 117.626321
86.968562, 118.194852
87.794359, 118.763384
88.594830, 119.331916
89.369743, 119.900447
90.118874, 120.468979
90.842009, 121.037511
91.538937, 121.606042
92.209459, 122.174574
92.853380, 122.743106
93.470515, 123.311637
94.060686, 123.880169
94.623722, 124.448701
95.159462, 125.017232
95.667750, 125.585764
96.148440, 126.154296
96.601394, 126.722827
97.026480, 127.291359
97.423576, 127.859890
97.792568, 128.428422
98.133349, 128.996954
98.445820, 129.565485
98.729892, 130.134017
98.985483, 130.702549
99.212518, 131.271080
99.410933, 131.839612
99.580670, 132.408144
99.721681, 132.976675
99.833924, 133.545207
99.917366, 134.113739
99.971985, 134.682270
99.997765, 135.250802
99.994697, 135.819334
99.962783, 136.387865
99.902032, 136.956397
99.812461, 137.524929
99.694097, 138.093460
99.546973, 138.661992
99.371132, 139.230524
99.166625, 139.799055
98.933510, 140.367587
98.671855, 140.936119
98.381736, 141.504650
98.063236, 142.073182
97.716446, 142.641713
97.341468, 143.210245
96.938409, 143.778777
96.507385, 144.347308
96.048521, 144.915840
95.561949, 145.484372
95.047810, 146.052903
94.506251, 146.621435
93.937429, 147.189967
93.341509, 147.758498
92.718662, 148.327030
92.069067, 148.895562
91.392913, 149.464093
90.690393, 150.032625
89.961712, 150.601157
89.207079, 151.169688
88.426711, 151.738220
87.620834, 152.306752
86.789681, 152.875283
85.933490, 153.443815
85.052510, 154.012347
84.146994, 154.580878
83.217204, 155.149410
82.263407, 155.717941
81.285879, 156.286473
80.284902, 156.855005
79.260764, 157.423536
78.213761, 157.992068
77.144196, 158.560600
76.052376, 159.129131
74.938617, 159.697663
73.803239, 160.266195
72.646571, 160.834726
71.468947, 161.403258
70.270704, 161.971790
69.052191, 162.540321
67.813757, 163.108853
66.555761, 163.677385
65.278564, 164.245916
63.982537, 164.814448
62.668052, 165.382980
61.335488, 165.951511
59.985231, 166.520043
58.617669, 167.088575
57.233197, 167.657106
55.832215, 168.225638
54.415126, 168.794170
52.982340, 169.362701
51.534269, 169.931233
50.071332, 170.499764
48.593951, 171.068296
47.102552, 171.636828
45.597564, 172.205359
44.079422, 172.773891
42.548565, 173.342423
41.005433, 173.910954
39.450472, 174.479486
37.884131, 175.048018
##END=
