##TITLE= Parameter file, TopSpin 4.3.0
##JCAMPDX= 5.0
##DATATYPE= Parameter Values
##ORIGIN= Bruker BioSpin GmbH
##OWNER= nmrsu
$$ 2024-02-09 13:34:32.036 +0000  nmrsu@4CE1161FJM
$$ C:/Bruker/TopSpin4.3.0/exp/stan/nmr/lists/wave/user/multisupp_aux_d8
$$ process C:\Bruker\TopSpin4.3.0\prog\mod\xwinshape.exe
##MINX= 0.03440100
##MAXX= 99.99793400
##MINY= 0.28352900
##MAXY= 359.71647100
##$SHAPE_ADDPHASE= 0
##$SHAPE_AMP= 99.99793368
##$SHAPE_BWFAC= 0
##$SHAPE_BWFAC50= 0
##$SHAPE_CALCBW= yes
##$SHAPE_CALCINTEG= yes
##$SHAPE_EXMODE= <Excitation>
##$SHAPE_EXPAND= <>
##$SHAPE_EXPANDCF= (0..143)
0 0 0 0 0 0 0 0 0 0 0 0 0 0 0 0 0 0 0 0 0 0 0 0 0 0 0 0 0 0 0 0 0 0 0 0
0 0 0 0 0 0 0 0 0 0 0 0 0 0 0 0 0 0 0 0 0 0 0 0 0 0 0 0 0 0 0 0 0 0 0 0
0 0 0 0 0 0 0 0 0 0 0 0 0 0 0 0 0 0 0 0 0 0 0 0 0 0 0 0 0 0 0 0 0 0 0 0
0 0 0 0 0 0 0 0 0 0 0 0 0 0 0 0 0 0 0 0 0 0 0 0 0 0 0 0 0 0 0 0 0 0 0 0
##$SHAPE_EXPFAC= 0
##$SHAPE_FRACEND= 0
##$SHAPE_FRACORG= 0
##$SHAPE_FRACSTART= 0
##$SHAPE_INTEGFAC= 0
##$SHAPE_KEEPRES= yes
##$SHAPE_LENGTH= 25000.000373
##$SHAPE_MAN= <M>
##$SHAPE_MODE= 2
##$SHAPE_MODFREQ= 0
##$SHAPE_MODPHASE= 0
##$SHAPE_MODSCALE= 0
##$SHAPE_MODSW= 0
##$SHAPE_MODSWDIR= -1
##$SHAPE_NPOINTS= 1250
##$SHAPE_OFFS= <1 2>
##$SHAPE_OFFSCOEFF= (0..95)
56.406647 0 100 -213.92281 0 100 0 0 0 0 0 0 0 0 0 0 0 0 0 0 0 0 0 0 0
0 0 0 0 0 0 0 0 0 0 0 0 0 0 0 0 0 0 0 0 0 0 0 0 0 0 0 0 0 0 0 0 0 0 0 0
0 0 0 0 0 0 0 0 0 0 0 0 0 0 0 0 0 0 0 0 0 0 0 0 0 0 0 0 0 0 0 0 0 0 0
##$SHAPE_PARAMETER= <>
##$SHAPE_REPHFAC= 0
##$SHAPE_RES= 0
##$SHAPE_SCALEFAC= 1.00002066
##$SHAPE_SCALETYPE= 0
##$SHAPE_SPOAL= 0
##$SHAPE_SPOFFS= 0
##$SHAPE_SPOPH= 0
##$SHAPE_TOTROT= 90
##$SHAPE_TYPE= <Excitation>
##$SHAPE_USER_DEF= <>
##$SHAPE_VERSION= 2.1
##$SHL_ADDPHASE= (0..15)
0 0 0 0 0 0 0 0 0 0 0 0 0 0 0 0
##$SHL_ALIGNOFFSET= (0..15)
0 0 0 0 0 0 0 0 0 0 0 0 0 0 0 0
##$SHL_AMP= (0..15)
100 0 0 0 0 0 0 0 0 0 0 0 0 0 0 0
##$SHL_AMPFAC= (0..15)
0 0 0 0 0 0 0 0 0 0 0 0 0 0 0 0
##$SHL_BETA= (0..15)
0 0 0 0 0 0 0 0 0 0 0 0 0 0 0 0
##$SHL_BWFAC= (0..15)
1.116 0 0 0 0 0 0 0 0 0 0 0 0 0 0 0
##$SHL_CALCBW= (0..15)
yes yes yes yes yes yes yes yes yes yes yes yes yes yes yes yes
##$SHL_CALCINTEG= (0..15)
yes yes yes yes yes yes yes yes yes yes yes yes yes yes yes yes
##$SHL_CENTERAMP= (0..15)
0 0 0 0 0 0 0 0 0 0 0 0 0 0 0 0
##$SHL_CYCNUM= (0..15)
0 0 0 0 0 0 0 0 0 0 0 0 0 0 0 0
##$SHL_DIPOLCPL= (0..15)
0 0 0 0 0 0 0 0 0 0 0 0 0 0 0 0
##$SHL_ENDAMP= (0..15)
0 0 0 0 0 0 0 0 0 0 0 0 0 0 0 0
##$SHL_EXMODE= (0..15)
<Excitation> <> <> <> <> <> <> <> <> <> <> <> <> <> <> <>
##$SHL_EXPAND= (0..15)
<> <> <> <> <> <> <> <> <> <> <> <> <> <> <> <>
##$SHL_EXPANDCF0= (0..143)
0 0 0 0 0 0 0 0 0 0 0 0 0 0 0 0 0 0 0 0 0 0 0 0 0 0 0 0 0 0 0 0 0 0 0 0
0 0 0 0 0 0 0 0 0 0 0 0 0 0 0 0 0 0 0 0 0 0 0 0 0 0 0 0 0 0 0 0 0 0 0 0
0 0 0 0 0 0 0 0 0 0 0 0 0 0 0 0 0 0 0 0 0 0 0 0 0 0 0 0 0 0 0 0 0 0 0 0
0 0 0 0 0 0 0 0 0 0 0 0 0 0 0 0 0 0 0 0 0 0 0 0 0 0 0 0 0 0 0 0 0 0 0 0
##$SHL_EXPANDCF1= (0..143)
0 0 0 0 0 0 0 0 0 0 0 0 0 0 0 0 0 0 0 0 0 0 0 0 0 0 0 0 0 0 0 0 0 0 0 0
0 0 0 0 0 0 0 0 0 0 0 0 0 0 0 0 0 0 0 0 0 0 0 0 0 0 0 0 0 0 0 0 0 0 0 0
0 0 0 0 0 0 0 0 0 0 0 0 0 0 0 0 0 0 0 0 0 0 0 0 0 0 0 0 0 0 0 0 0 0 0 0
0 0 0 0 0 0 0 0 0 0 0 0 0 0 0 0 0 0 0 0 0 0 0 0 0 0 0 0 0 0 0 0 0 0 0 0
##$SHL_EXPANDCF10= (0..143)
0 0 0 0 0 0 0 0 0 0 0 0 0 0 0 0 0 0 0 0 0 0 0 0 0 0 0 0 0 0 0 0 0 0 0 0
0 0 0 0 0 0 0 0 0 0 0 0 0 0 0 0 0 0 0 0 0 0 0 0 0 0 0 0 0 0 0 0 0 0 0 0
0 0 0 0 0 0 0 0 0 0 0 0 0 0 0 0 0 0 0 0 0 0 0 0 0 0 0 0 0 0 0 0 0 0 0 0
0 0 0 0 0 0 0 0 0 0 0 0 0 0 0 0 0 0 0 0 0 0 0 0 0 0 0 0 0 0 0 0 0 0 0 0
##$SHL_EXPANDCF11= (0..143)
0 0 0 0 0 0 0 0 0 0 0 0 0 0 0 0 0 0 0 0 0 0 0 0 0 0 0 0 0 0 0 0 0 0 0 0
0 0 0 0 0 0 0 0 0 0 0 0 0 0 0 0 0 0 0 0 0 0 0 0 0 0 0 0 0 0 0 0 0 0 0 0
0 0 0 0 0 0 0 0 0 0 0 0 0 0 0 0 0 0 0 0 0 0 0 0 0 0 0 0 0 0 0 0 0 0 0 0
0 0 0 0 0 0 0 0 0 0 0 0 0 0 0 0 0 0 0 0 0 0 0 0 0 0 0 0 0 0 0 0 0 0 0 0
##$SHL_EXPANDCF12= (0..143)
0 0 0 0 0 0 0 0 0 0 0 0 0 0 0 0 0 0 0 0 0 0 0 0 0 0 0 0 0 0 0 0 0 0 0 0
0 0 0 0 0 0 0 0 0 0 0 0 0 0 0 0 0 0 0 0 0 0 0 0 0 0 0 0 0 0 0 0 0 0 0 0
0 0 0 0 0 0 0 0 0 0 0 0 0 0 0 0 0 0 0 0 0 0 0 0 0 0 0 0 0 0 0 0 0 0 0 0
0 0 0 0 0 0 0 0 0 0 0 0 0 0 0 0 0 0 0 0 0 0 0 0 0 0 0 0 0 0 0 0 0 0 0 0
##$SHL_EXPANDCF13= (0..143)
0 0 0 0 0 0 0 0 0 0 0 0 0 0 0 0 0 0 0 0 0 0 0 0 0 0 0 0 0 0 0 0 0 0 0 0
0 0 0 0 0 0 0 0 0 0 0 0 0 0 0 0 0 0 0 0 0 0 0 0 0 0 0 0 0 0 0 0 0 0 0 0
0 0 0 0 0 0 0 0 0 0 0 0 0 0 0 0 0 0 0 0 0 0 0 0 0 0 0 0 0 0 0 0 0 0 0 0
0 0 0 0 0 0 0 0 0 0 0 0 0 0 0 0 0 0 0 0 0 0 0 0 0 0 0 0 0 0 0 0 0 0 0 0
##$SHL_EXPANDCF14= (0..143)
0 0 0 0 0 0 0 0 0 0 0 0 0 0 0 0 0 0 0 0 0 0 0 0 0 0 0 0 0 0 0 0 0 0 0 0
0 0 0 0 0 0 0 0 0 0 0 0 0 0 0 0 0 0 0 0 0 0 0 0 0 0 0 0 0 0 0 0 0 0 0 0
0 0 0 0 0 0 0 0 0 0 0 0 0 0 0 0 0 0 0 0 0 0 0 0 0 0 0 0 0 0 0 0 0 0 0 0
0 0 0 0 0 0 0 0 0 0 0 0 0 0 0 0 0 0 0 0 0 0 0 0 0 0 0 0 0 0 0 0 0 0 0 0
##$SHL_EXPANDCF15= (0..143)
0 0 0 0 0 0 0 0 0 0 0 0 0 0 0 0 0 0 0 0 0 0 0 0 0 0 0 0 0 0 0 0 0 0 0 0
0 0 0 0 0 0 0 0 0 0 0 0 0 0 0 0 0 0 0 0 0 0 0 0 0 0 0 0 0 0 0 0 0 0 0 0
0 0 0 0 0 0 0 0 0 0 0 0 0 0 0 0 0 0 0 0 0 0 0 0 0 0 0 0 0 0 0 0 0 0 0 0
0 0 0 0 0 0 0 0 0 0 0 0 0 0 0 0 0 0 0 0 0 0 0 0 0 0 0 0 0 0 0 0 0 0 0 0
##$SHL_EXPANDCF2= (0..143)
0 0 0 0 0 0 0 0 0 0 0 0 0 0 0 0 0 0 0 0 0 0 0 0 0 0 0 0 0 0 0 0 0 0 0 0
0 0 0 0 0 0 0 0 0 0 0 0 0 0 0 0 0 0 0 0 0 0 0 0 0 0 0 0 0 0 0 0 0 0 0 0
0 0 0 0 0 0 0 0 0 0 0 0 0 0 0 0 0 0 0 0 0 0 0 0 0 0 0 0 0 0 0 0 0 0 0 0
0 0 0 0 0 0 0 0 0 0 0 0 0 0 0 0 0 0 0 0 0 0 0 0 0 0 0 0 0 0 0 0 0 0 0 0
##$SHL_EXPANDCF3= (0..143)
0 0 0 0 0 0 0 0 0 0 0 0 0 0 0 0 0 0 0 0 0 0 0 0 0 0 0 0 0 0 0 0 0 0 0 0
0 0 0 0 0 0 0 0 0 0 0 0 0 0 0 0 0 0 0 0 0 0 0 0 0 0 0 0 0 0 0 0 0 0 0 0
0 0 0 0 0 0 0 0 0 0 0 0 0 0 0 0 0 0 0 0 0 0 0 0 0 0 0 0 0 0 0 0 0 0 0 0
0 0 0 0 0 0 0 0 0 0 0 0 0 0 0 0 0 0 0 0 0 0 0 0 0 0 0 0 0 0 0 0 0 0 0 0
##$SHL_EXPANDCF4= (0..143)
0 0 0 0 0 0 0 0 0 0 0 0 0 0 0 0 0 0 0 0 0 0 0 0 0 0 0 0 0 0 0 0 0 0 0 0
0 0 0 0 0 0 0 0 0 0 0 0 0 0 0 0 0 0 0 0 0 0 0 0 0 0 0 0 0 0 0 0 0 0 0 0
0 0 0 0 0 0 0 0 0 0 0 0 0 0 0 0 0 0 0 0 0 0 0 0 0 0 0 0 0 0 0 0 0 0 0 0
0 0 0 0 0 0 0 0 0 0 0 0 0 0 0 0 0 0 0 0 0 0 0 0 0 0 0 0 0 0 0 0 0 0 0 0
##$SHL_EXPANDCF5= (0..143)
0 0 0 0 0 0 0 0 0 0 0 0 0 0 0 0 0 0 0 0 0 0 0 0 0 0 0 0 0 0 0 0 0 0 0 0
0 0 0 0 0 0 0 0 0 0 0 0 0 0 0 0 0 0 0 0 0 0 0 0 0 0 0 0 0 0 0 0 0 0 0 0
0 0 0 0 0 0 0 0 0 0 0 0 0 0 0 0 0 0 0 0 0 0 0 0 0 0 0 0 0 0 0 0 0 0 0 0
0 0 0 0 0 0 0 0 0 0 0 0 0 0 0 0 0 0 0 0 0 0 0 0 0 0 0 0 0 0 0 0 0 0 0 0
##$SHL_EXPANDCF6= (0..143)
0 0 0 0 0 0 0 0 0 0 0 0 0 0 0 0 0 0 0 0 0 0 0 0 0 0 0 0 0 0 0 0 0 0 0 0
0 0 0 0 0 0 0 0 0 0 0 0 0 0 0 0 0 0 0 0 0 0 0 0 0 0 0 0 0 0 0 0 0 0 0 0
0 0 0 0 0 0 0 0 0 0 0 0 0 0 0 0 0 0 0 0 0 0 0 0 0 0 0 0 0 0 0 0 0 0 0 0
0 0 0 0 0 0 0 0 0 0 0 0 0 0 0 0 0 0 0 0 0 0 0 0 0 0 0 0 0 0 0 0 0 0 0 0
##$SHL_EXPANDCF7= (0..143)
0 0 0 0 0 0 0 0 0 0 0 0 0 0 0 0 0 0 0 0 0 0 0 0 0 0 0 0 0 0 0 0 0 0 0 0
0 0 0 0 0 0 0 0 0 0 0 0 0 0 0 0 0 0 0 0 0 0 0 0 0 0 0 0 0 0 0 0 0 0 0 0
0 0 0 0 0 0 0 0 0 0 0 0 0 0 0 0 0 0 0 0 0 0 0 0 0 0 0 0 0 0 0 0 0 0 0 0
0 0 0 0 0 0 0 0 0 0 0 0 0 0 0 0 0 0 0 0 0 0 0 0 0 0 0 0 0 0 0 0 0 0 0 0
##$SHL_EXPANDCF8= (0..143)
0 0 0 0 0 0 0 0 0 0 0 0 0 0 0 0 0 0 0 0 0 0 0 0 0 0 0 0 0 0 0 0 0 0 0 0
0 0 0 0 0 0 0 0 0 0 0 0 0 0 0 0 0 0 0 0 0 0 0 0 0 0 0 0 0 0 0 0 0 0 0 0
0 0 0 0 0 0 0 0 0 0 0 0 0 0 0 0 0 0 0 0 0 0 0 0 0 0 0 0 0 0 0 0 0 0 0 0
0 0 0 0 0 0 0 0 0 0 0 0 0 0 0 0 0 0 0 0 0 0 0 0 0 0 0 0 0 0 0 0 0 0 0 0
##$SHL_EXPANDCF9= (0..143)
0 0 0 0 0 0 0 0 0 0 0 0 0 0 0 0 0 0 0 0 0 0 0 0 0 0 0 0 0 0 0 0 0 0 0 0
0 0 0 0 0 0 0 0 0 0 0 0 0 0 0 0 0 0 0 0 0 0 0 0 0 0 0 0 0 0 0 0 0 0 0 0
0 0 0 0 0 0 0 0 0 0 0 0 0 0 0 0 0 0 0 0 0 0 0 0 0 0 0 0 0 0 0 0 0 0 0 0
0 0 0 0 0 0 0 0 0 0 0 0 0 0 0 0 0 0 0 0 0 0 0 0 0 0 0 0 0 0 0 0 0 0 0 0
##$SHL_EXPFAC= (0..15)
0 0 0 0 0 0 0 0 0 0 0 0 0 0 0 0
##$SHL_FRACEND= (0..15)
0 0 0 0 0 0 0 0 0 0 0 0 0 0 0 0
##$SHL_FRACORG= (0..15)
0 0 0 0 0 0 0 0 0 0 0 0 0 0 0 0
##$SHL_FRACSTART= (0..15)
0 0 0 0 0 0 0 0 0 0 0 0 0 0 0 0
##$SHL_FULLHALF= (0..15)
0 0 0 0 0 0 0 0 0 0 0 0 0 0 0 0
##$SHL_FUNCAMP= (0..15)
100 0 0 0 0 0 0 0 0 0 0 0 0 0 0 0
##$SHL_FUNCTION= (0..15)
<Rectangle> <> <> <> <> <> <> <> <> <> <> <> <> <> <> <>
##$SHL_GCO= (0..15)
<> <> <> <> <> <> <> <> <> <> <> <> <> <> <> <>
##$SHL_GCOCOEFFS0= (0..59)
0 0 0 0 0 0 0 0 0 0 0 0 0 0 0 0 0 0 0 0 0 0 0 0 0 0 0 0 0 0 0 0 0 0 0 0
0 0 0 0 0 0 0 0 0 0 0 0 0 0 0 0 0 0 0 0 0 0 0 0
##$SHL_GCOCOEFFS1= (0..59)
0 0 0 0 0 0 0 0 0 0 0 0 0 0 0 0 0 0 0 0 0 0 0 0 0 0 0 0 0 0 0 0 0 0 0 0
0 0 0 0 0 0 0 0 0 0 0 0 0 0 0 0 0 0 0 0 0 0 0 0
##$SHL_GCOCOEFFS10= (0..59)
0 0 0 0 0 0 0 0 0 0 0 0 0 0 0 0 0 0 0 0 0 0 0 0 0 0 0 0 0 0 0 0 0 0 0 0
0 0 0 0 0 0 0 0 0 0 0 0 0 0 0 0 0 0 0 0 0 0 0 0
##$SHL_GCOCOEFFS11= (0..59)
0 0 0 0 0 0 0 0 0 0 0 0 0 0 0 0 0 0 0 0 0 0 0 0 0 0 0 0 0 0 0 0 0 0 0 0
0 0 0 0 0 0 0 0 0 0 0 0 0 0 0 0 0 0 0 0 0 0 0 0
##$SHL_GCOCOEFFS12= (0..59)
0 0 0 0 0 0 0 0 0 0 0 0 0 0 0 0 0 0 0 0 0 0 0 0 0 0 0 0 0 0 0 0 0 0 0 0
0 0 0 0 0 0 0 0 0 0 0 0 0 0 0 0 0 0 0 0 0 0 0 0
##$SHL_GCOCOEFFS13= (0..59)
0 0 0 0 0 0 0 0 0 0 0 0 0 0 0 0 0 0 0 0 0 0 0 0 0 0 0 0 0 0 0 0 0 0 0 0
0 0 0 0 0 0 0 0 0 0 0 0 0 0 0 0 0 0 0 0 0 0 0 0
##$SHL_GCOCOEFFS14= (0..59)
0 0 0 0 0 0 0 0 0 0 0 0 0 0 0 0 0 0 0 0 0 0 0 0 0 0 0 0 0 0 0 0 0 0 0 0
0 0 0 0 0 0 0 0 0 0 0 0 0 0 0 0 0 0 0 0 0 0 0 0
##$SHL_GCOCOEFFS15= (0..59)
0 0 0 0 0 0 0 0 0 0 0 0 0 0 0 0 0 0 0 0 0 0 0 0 0 0 0 0 0 0 0 0 0 0 0 0
0 0 0 0 0 0 0 0 0 0 0 0 0 0 0 0 0 0 0 0 0 0 0 0
##$SHL_GCOCOEFFS2= (0..59)
0 0 0 0 0 0 0 0 0 0 0 0 0 0 0 0 0 0 0 0 0 0 0 0 0 0 0 0 0 0 0 0 0 0 0 0
0 0 0 0 0 0 0 0 0 0 0 0 0 0 0 0 0 0 0 0 0 0 0 0
##$SHL_GCOCOEFFS3= (0..59)
0 0 0 0 0 0 0 0 0 0 0 0 0 0 0 0 0 0 0 0 0 0 0 0 0 0 0 0 0 0 0 0 0 0 0 0
0 0 0 0 0 0 0 0 0 0 0 0 0 0 0 0 0 0 0 0 0 0 0 0
##$SHL_GCOCOEFFS4= (0..59)
0 0 0 0 0 0 0 0 0 0 0 0 0 0 0 0 0 0 0 0 0 0 0 0 0 0 0 0 0 0 0 0 0 0 0 0
0 0 0 0 0 0 0 0 0 0 0 0 0 0 0 0 0 0 0 0 0 0 0 0
##$SHL_GCOCOEFFS5= (0..59)
0 0 0 0 0 0 0 0 0 0 0 0 0 0 0 0 0 0 0 0 0 0 0 0 0 0 0 0 0 0 0 0 0 0 0 0
0 0 0 0 0 0 0 0 0 0 0 0 0 0 0 0 0 0 0 0 0 0 0 0
##$SHL_GCOCOEFFS6= (0..59)
0 0 0 0 0 0 0 0 0 0 0 0 0 0 0 0 0 0 0 0 0 0 0 0 0 0 0 0 0 0 0 0 0 0 0 0
0 0 0 0 0 0 0 0 0 0 0 0 0 0 0 0 0 0 0 0 0 0 0 0
##$SHL_GCOCOEFFS7= (0..59)
0 0 0 0 0 0 0 0 0 0 0 0 0 0 0 0 0 0 0 0 0 0 0 0 0 0 0 0 0 0 0 0 0 0 0 0
0 0 0 0 0 0 0 0 0 0 0 0 0 0 0 0 0 0 0 0 0 0 0 0
##$SHL_GCOCOEFFS8= (0..59)
0 0 0 0 0 0 0 0 0 0 0 0 0 0 0 0 0 0 0 0 0 0 0 0 0 0 0 0 0 0 0 0 0 0 0 0
0 0 0 0 0 0 0 0 0 0 0 0 0 0 0 0 0 0 0 0 0 0 0 0
##$SHL_GCOCOEFFS9= (0..59)
0 0 0 0 0 0 0 0 0 0 0 0 0 0 0 0 0 0 0 0 0 0 0 0 0 0 0 0 0 0 0 0 0 0 0 0
0 0 0 0 0 0 0 0 0 0 0 0 0 0 0 0 0 0 0 0 0 0 0 0
##$SHL_INTEGFAC= (0..15)
1 0 0 0 0 0 0 0 0 0 0 0 0 0 0 0
##$SHL_LB= (0..15)
0 0 0 0 0 0 0 0 0 0 0 0 0 0 0 0
##$SHL_LEFTLIMIT= (0..15)
0 0 0 0 0 0 0 0 0 0 0 0 0 0 0 0
##$SHL_LENGTH= (0..15)
25000.000373 0 0 0 0 0 0 0 0 0 0 0 0 0 0 0
##$SHL_MAN= (0..15)
<> <> <> <> <> <> <> <> <> <> <> <> <> <> <> <>
##$SHL_MEANAMP= (0..15)
0 0 0 0 0 0 0 0 0 0 0 0 0 0 0 0
##$SHL_MODAMP= (0..15)
0 0 0 0 0 0 0 0 0 0 0 0 0 0 0 0
##$SHL_MODE= (0..15)
0 0 0 0 0 0 0 0 0 0 0 0 0 0 0 0
##$SHL_MODFREQ= (0..15)
0 0 0 0 0 0 0 0 0 0 0 0 0 0 0 0
##$SHL_MODPHASE= (0..15)
0 0 0 0 0 0 0 0 0 0 0 0 0 0 0 0
##$SHL_MODSCALE= (0..15)
0 0 0 0 0 0 0 0 0 0 0 0 0 0 0 0
##$SHL_MODSW= (0..15)
0 0 0 0 0 0 0 0 0 0 0 0 0 0 0 0
##$SHL_MODSWDIR= (0..15)
-1 -1 -1 -1 -1 -1 -1 -1 -1 -1 -1 -1 -1 -1 -1 -1
##$SHL_MU= (0..15)
0 0 0 0 0 0 0 0 0 0 0 0 0 0 0 0
##$SHL_NPOINTS= (0..15)
1250 0 0 0 0 0 0 0 0 0 0 0 0 0 0 0
##$SHL_OFFS= (0..15)
<> <> <> <> <> <> <> <> <> <> <> <> <> <> <> <>
##$SHL_OFFSCOEFF0= (0..95)
0 0 0 0 0 0 0 0 0 0 0 0 0 0 0 0 0 0 0 0 0 0 0 0 0 0 0 0 0 0 0 0 0 0 0 0
0 0 0 0 0 0 0 0 0 0 0 0 0 0 0 0 0 0 0 0 0 0 0 0 0 0 0 0 0 0 0 0 0 0 0 0
0 0 0 0 0 0 0 0 0 0 0 0 0 0 0 0 0 0 0 0 0 0 0 0
##$SHL_OFFSCOEFF1= (0..95)
0 0 0 0 0 0 0 0 0 0 0 0 0 0 0 0 0 0 0 0 0 0 0 0 0 0 0 0 0 0 0 0 0 0 0 0
0 0 0 0 0 0 0 0 0 0 0 0 0 0 0 0 0 0 0 0 0 0 0 0 0 0 0 0 0 0 0 0 0 0 0 0
0 0 0 0 0 0 0 0 0 0 0 0 0 0 0 0 0 0 0 0 0 0 0 0
##$SHL_OFFSCOEFF10= (0..95)
0 0 0 0 0 0 0 0 0 0 0 0 0 0 0 0 0 0 0 0 0 0 0 0 0 0 0 0 0 0 0 0 0 0 0 0
0 0 0 0 0 0 0 0 0 0 0 0 0 0 0 0 0 0 0 0 0 0 0 0 0 0 0 0 0 0 0 0 0 0 0 0
0 0 0 0 0 0 0 0 0 0 0 0 0 0 0 0 0 0 0 0 0 0 0 0
##$SHL_OFFSCOEFF11= (0..95)
0 0 0 0 0 0 0 0 0 0 0 0 0 0 0 0 0 0 0 0 0 0 0 0 0 0 0 0 0 0 0 0 0 0 0 0
0 0 0 0 0 0 0 0 0 0 0 0 0 0 0 0 0 0 0 0 0 0 0 0 0 0 0 0 0 0 0 0 0 0 0 0
0 0 0 0 0 0 0 0 0 0 0 0 0 0 0 0 0 0 0 0 0 0 0 0
##$SHL_OFFSCOEFF12= (0..95)
0 0 0 0 0 0 0 0 0 0 0 0 0 0 0 0 0 0 0 0 0 0 0 0 0 0 0 0 0 0 0 0 0 0 0 0
0 0 0 0 0 0 0 0 0 0 0 0 0 0 0 0 0 0 0 0 0 0 0 0 0 0 0 0 0 0 0 0 0 0 0 0
0 0 0 0 0 0 0 0 0 0 0 0 0 0 0 0 0 0 0 0 0 0 0 0
##$SHL_OFFSCOEFF13= (0..95)
0 0 0 0 0 0 0 0 0 0 0 0 0 0 0 0 0 0 0 0 0 0 0 0 0 0 0 0 0 0 0 0 0 0 0 0
0 0 0 0 0 0 0 0 0 0 0 0 0 0 0 0 0 0 0 0 0 0 0 0 0 0 0 0 0 0 0 0 0 0 0 0
0 0 0 0 0 0 0 0 0 0 0 0 0 0 0 0 0 0 0 0 0 0 0 0
##$SHL_OFFSCOEFF14= (0..95)
0 0 0 0 0 0 0 0 0 0 0 0 0 0 0 0 0 0 0 0 0 0 0 0 0 0 0 0 0 0 0 0 0 0 0 0
0 0 0 0 0 0 0 0 0 0 0 0 0 0 0 0 0 0 0 0 0 0 0 0 0 0 0 0 0 0 0 0 0 0 0 0
0 0 0 0 0 0 0 0 0 0 0 0 0 0 0 0 0 0 0 0 0 0 0 0
##$SHL_OFFSCOEFF15= (0..95)
0 0 0 0 0 0 0 0 0 0 0 0 0 0 0 0 0 0 0 0 0 0 0 0 0 0 0 0 0 0 0 0 0 0 0 0
0 0 0 0 0 0 0 0 0 0 0 0 0 0 0 0 0 0 0 0 0 0 0 0 0 0 0 0 0 0 0 0 0 0 0 0
0 0 0 0 0 0 0 0 0 0 0 0 0 0 0 0 0 0 0 0 0 0 0 0
##$SHL_OFFSCOEFF2= (0..95)
0 0 0 0 0 0 0 0 0 0 0 0 0 0 0 0 0 0 0 0 0 0 0 0 0 0 0 0 0 0 0 0 0 0 0 0
0 0 0 0 0 0 0 0 0 0 0 0 0 0 0 0 0 0 0 0 0 0 0 0 0 0 0 0 0 0 0 0 0 0 0 0
0 0 0 0 0 0 0 0 0 0 0 0 0 0 0 0 0 0 0 0 0 0 0 0
##$SHL_OFFSCOEFF3= (0..95)
0 0 0 0 0 0 0 0 0 0 0 0 0 0 0 0 0 0 0 0 0 0 0 0 0 0 0 0 0 0 0 0 0 0 0 0
0 0 0 0 0 0 0 0 0 0 0 0 0 0 0 0 0 0 0 0 0 0 0 0 0 0 0 0 0 0 0 0 0 0 0 0
0 0 0 0 0 0 0 0 0 0 0 0 0 0 0 0 0 0 0 0 0 0 0 0
##$SHL_OFFSCOEFF4= (0..95)
0 0 0 0 0 0 0 0 0 0 0 0 0 0 0 0 0 0 0 0 0 0 0 0 0 0 0 0 0 0 0 0 0 0 0 0
0 0 0 0 0 0 0 0 0 0 0 0 0 0 0 0 0 0 0 0 0 0 0 0 0 0 0 0 0 0 0 0 0 0 0 0
0 0 0 0 0 0 0 0 0 0 0 0 0 0 0 0 0 0 0 0 0 0 0 0
##$SHL_OFFSCOEFF5= (0..95)
0 0 0 0 0 0 0 0 0 0 0 0 0 0 0 0 0 0 0 0 0 0 0 0 0 0 0 0 0 0 0 0 0 0 0 0
0 0 0 0 0 0 0 0 0 0 0 0 0 0 0 0 0 0 0 0 0 0 0 0 0 0 0 0 0 0 0 0 0 0 0 0
0 0 0 0 0 0 0 0 0 0 0 0 0 0 0 0 0 0 0 0 0 0 0 0
##$SHL_OFFSCOEFF6= (0..95)
0 0 0 0 0 0 0 0 0 0 0 0 0 0 0 0 0 0 0 0 0 0 0 0 0 0 0 0 0 0 0 0 0 0 0 0
0 0 0 0 0 0 0 0 0 0 0 0 0 0 0 0 0 0 0 0 0 0 0 0 0 0 0 0 0 0 0 0 0 0 0 0
0 0 0 0 0 0 0 0 0 0 0 0 0 0 0 0 0 0 0 0 0 0 0 0
##$SHL_OFFSCOEFF7= (0..95)
0 0 0 0 0 0 0 0 0 0 0 0 0 0 0 0 0 0 0 0 0 0 0 0 0 0 0 0 0 0 0 0 0 0 0 0
0 0 0 0 0 0 0 0 0 0 0 0 0 0 0 0 0 0 0 0 0 0 0 0 0 0 0 0 0 0 0 0 0 0 0 0
0 0 0 0 0 0 0 0 0 0 0 0 0 0 0 0 0 0 0 0 0 0 0 0
##$SHL_OFFSCOEFF8= (0..95)
0 0 0 0 0 0 0 0 0 0 0 0 0 0 0 0 0 0 0 0 0 0 0 0 0 0 0 0 0 0 0 0 0 0 0 0
0 0 0 0 0 0 0 0 0 0 0 0 0 0 0 0 0 0 0 0 0 0 0 0 0 0 0 0 0 0 0 0 0 0 0 0
0 0 0 0 0 0 0 0 0 0 0 0 0 0 0 0 0 0 0 0 0 0 0 0
##$SHL_OFFSCOEFF9= (0..95)
0 0 0 0 0 0 0 0 0 0 0 0 0 0 0 0 0 0 0 0 0 0 0 0 0 0 0 0 0 0 0 0 0 0 0 0
0 0 0 0 0 0 0 0 0 0 0 0 0 0 0 0 0 0 0 0 0 0 0 0 0 0 0 0 0 0 0 0 0 0 0 0
0 0 0 0 0 0 0 0 0 0 0 0 0 0 0 0 0 0 0 0 0 0 0 0
##$SHL_PHASE= (0..15)
0 0 0 0 0 0 0 0 0 0 0 0 0 0 0 0
##$SHL_PHASEFAC= (0..15)
0 0 0 0 0 0 0 0 0 0 0 0 0 0 0 0
##$SHL_POWERINDEX= (0..15)
0 0 0 0 0 0 0 0 0 0 0 0 0 0 0 0
##$SHL_QUADCOEFF= (0..15)
0 0 0 0 0 0 0 0 0 0 0 0 0 0 0 0
##$SHL_RIGHTLIMIT= (0..15)
0 0 0 0 0 0 0 0 0 0 0 0 0 0 0 0
##$SHL_SCALEFACTOR= (0..15)
1 1 1 1 1 1 1 1 1 1 1 1 1 1 1 1
##$SHL_SF= (0..15)
<> <> <> <> <> <> <> <> <> <> <> <> <> <> <> <>
##$SHL_SFCOEFFS0= (0..200)
0 0 0 0 0 0 0 0 0 0 0 0 0 0 0 0 0 0 0 0 0 0 0 0 0 0 0 0 0 0 0 0 0 0 0 0
0 0 0 0 0 0 0 0 0 0 0 0 0 0 0 0 0 0 0 0 0 0 0 0 0 0 0 0 0 0 0 0 0 0 0 0
0 0 0 0 0 0 0 0 0 0 0 0 0 0 0 0 0 0 0 0 0 0 0 0 0 0 0 0 0 0 0 0 0 0 0 0
0 0 0 0 0 0 0 0 0 0 0 0 0 0 0 0 0 0 0 0 0 0 0 0 0 0 0 0 0 0 0 0 0 0 0 0
0 0 0 0 0 0 0 0 0 0 0 0 0 0 0 0 0 0 0 0 0 0 0 0 0 0 0 0 0 0 0 0 0 0 0 0
0 0 0 0 0 0 0 0 0 0 0 0 0 0 0 0 0 0 0 0 0
##$SHL_SFCOEFFS1= (0..200)
0 0 0 0 0 0 0 0 0 0 0 0 0 0 0 0 0 0 0 0 0 0 0 0 0 0 0 0 0 0 0 0 0 0 0 0
0 0 0 0 0 0 0 0 0 0 0 0 0 0 0 0 0 0 0 0 0 0 0 0 0 0 0 0 0 0 0 0 0 0 0 0
0 0 0 0 0 0 0 0 0 0 0 0 0 0 0 0 0 0 0 0 0 0 0 0 0 0 0 0 0 0 0 0 0 0 0 0
0 0 0 0 0 0 0 0 0 0 0 0 0 0 0 0 0 0 0 0 0 0 0 0 0 0 0 0 0 0 0 0 0 0 0 0
0 0 0 0 0 0 0 0 0 0 0 0 0 0 0 0 0 0 0 0 0 0 0 0 0 0 0 0 0 0 0 0 0 0 0 0
0 0 0 0 0 0 0 0 0 0 0 0 0 0 0 0 0 0 0 0 0
##$SHL_SFCOEFFS10= (0..200)
0 0 0 0 0 0 0 0 0 0 0 0 0 0 0 0 0 0 0 0 0 0 0 0 0 0 0 0 0 0 0 0 0 0 0 0
0 0 0 0 0 0 0 0 0 0 0 0 0 0 0 0 0 0 0 0 0 0 0 0 0 0 0 0 0 0 0 0 0 0 0 0
0 0 0 0 0 0 0 0 0 0 0 0 0 0 0 0 0 0 0 0 0 0 0 0 0 0 0 0 0 0 0 0 0 0 0 0
0 0 0 0 0 0 0 0 0 0 0 0 0 0 0 0 0 0 0 0 0 0 0 0 0 0 0 0 0 0 0 0 0 0 0 0
0 0 0 0 0 0 0 0 0 0 0 0 0 0 0 0 0 0 0 0 0 0 0 0 0 0 0 0 0 0 0 0 0 0 0 0
0 0 0 0 0 0 0 0 0 0 0 0 0 0 0 0 0 0 0 0 0
##$SHL_SFCOEFFS11= (0..200)
0 0 0 0 0 0 0 0 0 0 0 0 0 0 0 0 0 0 0 0 0 0 0 0 0 0 0 0 0 0 0 0 0 0 0 0
0 0 0 0 0 0 0 0 0 0 0 0 0 0 0 0 0 0 0 0 0 0 0 0 0 0 0 0 0 0 0 0 0 0 0 0
0 0 0 0 0 0 0 0 0 0 0 0 0 0 0 0 0 0 0 0 0 0 0 0 0 0 0 0 0 0 0 0 0 0 0 0
0 0 0 0 0 0 0 0 0 0 0 0 0 0 0 0 0 0 0 0 0 0 0 0 0 0 0 0 0 0 0 0 0 0 0 0
0 0 0 0 0 0 0 0 0 0 0 0 0 0 0 0 0 0 0 0 0 0 0 0 0 0 0 0 0 0 0 0 0 0 0 0
0 0 0 0 0 0 0 0 0 0 0 0 0 0 0 0 0 0 0 0 0
##$SHL_SFCOEFFS12= (0..200)
0 0 0 0 0 0 0 0 0 0 0 0 0 0 0 0 0 0 0 0 0 0 0 0 0 0 0 0 0 0 0 0 0 0 0 0
0 0 0 0 0 0 0 0 0 0 0 0 0 0 0 0 0 0 0 0 0 0 0 0 0 0 0 0 0 0 0 0 0 0 0 0
0 0 0 0 0 0 0 0 0 0 0 0 0 0 0 0 0 0 0 0 0 0 0 0 0 0 0 0 0 0 0 0 0 0 0 0
0 0 0 0 0 0 0 0 0 0 0 0 0 0 0 0 0 0 0 0 0 0 0 0 0 0 0 0 0 0 0 0 0 0 0 0
0 0 0 0 0 0 0 0 0 0 0 0 0 0 0 0 0 0 0 0 0 0 0 0 0 0 0 0 0 0 0 0 0 0 0 0
0 0 0 0 0 0 0 0 0 0 0 0 0 0 0 0 0 0 0 0 0
##$SHL_SFCOEFFS13= (0..200)
0 0 0 0 0 0 0 0 0 0 0 0 0 0 0 0 0 0 0 0 0 0 0 0 0 0 0 0 0 0 0 0 0 0 0 0
0 0 0 0 0 0 0 0 0 0 0 0 0 0 0 0 0 0 0 0 0 0 0 0 0 0 0 0 0 0 0 0 0 0 0 0
0 0 0 0 0 0 0 0 0 0 0 0 0 0 0 0 0 0 0 0 0 0 0 0 0 0 0 0 0 0 0 0 0 0 0 0
0 0 0 0 0 0 0 0 0 0 0 0 0 0 0 0 0 0 0 0 0 0 0 0 0 0 0 0 0 0 0 0 0 0 0 0
0 0 0 0 0 0 0 0 0 0 0 0 0 0 0 0 0 0 0 0 0 0 0 0 0 0 0 0 0 0 0 0 0 0 0 0
0 0 0 0 0 0 0 0 0 0 0 0 0 0 0 0 0 0 0 0 0
##$SHL_SFCOEFFS14= (0..200)
0 0 0 0 0 0 0 0 0 0 0 0 0 0 0 0 0 0 0 0 0 0 0 0 0 0 0 0 0 0 0 0 0 0 0 0
0 0 0 0 0 0 0 0 0 0 0 0 0 0 0 0 0 0 0 0 0 0 0 0 0 0 0 0 0 0 0 0 0 0 0 0
0 0 0 0 0 0 0 0 0 0 0 0 0 0 0 0 0 0 0 0 0 0 0 0 0 0 0 0 0 0 0 0 0 0 0 0
0 0 0 0 0 0 0 0 0 0 0 0 0 0 0 0 0 0 0 0 0 0 0 0 0 0 0 0 0 0 0 0 0 0 0 0
0 0 0 0 0 0 0 0 0 0 0 0 0 0 0 0 0 0 0 0 0 0 0 0 0 0 0 0 0 0 0 0 0 0 0 0
0 0 0 0 0 0 0 0 0 0 0 0 0 0 0 0 0 0 0 0 0
##$SHL_SFCOEFFS15= (0..200)
0 0 0 0 0 0 0 0 0 0 0 0 0 0 0 0 0 0 0 0 0 0 0 0 0 0 0 0 0 0 0 0 0 0 0 0
0 0 0 0 0 0 0 0 0 0 0 0 0 0 0 0 0 0 0 0 0 0 0 0 0 0 0 0 0 0 0 0 0 0 0 0
0 0 0 0 0 0 0 0 0 0 0 0 0 0 0 0 0 0 0 0 0 0 0 0 0 0 0 0 0 0 0 0 0 0 0 0
0 0 0 0 0 0 0 0 0 0 0 0 0 0 0 0 0 0 0 0 0 0 0 0 0 0 0 0 0 0 0 0 0 0 0 0
0 0 0 0 0 0 0 0 0 0 0 0 0 0 0 0 0 0 0 0 0 0 0 0 0 0 0 0 0 0 0 0 0 0 0 0
0 0 0 0 0 0 0 0 0 0 0 0 0 0 0 0 0 0 0 0 0
##$SHL_SFCOEFFS2= (0..200)
0 0 0 0 0 0 0 0 0 0 0 0 0 0 0 0 0 0 0 0 0 0 0 0 0 0 0 0 0 0 0 0 0 0 0 0
0 0 0 0 0 0 0 0 0 0 0 0 0 0 0 0 0 0 0 0 0 0 0 0 0 0 0 0 0 0 0 0 0 0 0 0
0 0 0 0 0 0 0 0 0 0 0 0 0 0 0 0 0 0 0 0 0 0 0 0 0 0 0 0 0 0 0 0 0 0 0 0
0 0 0 0 0 0 0 0 0 0 0 0 0 0 0 0 0 0 0 0 0 0 0 0 0 0 0 0 0 0 0 0 0 0 0 0
0 0 0 0 0 0 0 0 0 0 0 0 0 0 0 0 0 0 0 0 0 0 0 0 0 0 0 0 0 0 0 0 0 0 0 0
0 0 0 0 0 0 0 0 0 0 0 0 0 0 0 0 0 0 0 0 0
##$SHL_SFCOEFFS3= (0..200)
0 0 0 0 0 0 0 0 0 0 0 0 0 0 0 0 0 0 0 0 0 0 0 0 0 0 0 0 0 0 0 0 0 0 0 0
0 0 0 0 0 0 0 0 0 0 0 0 0 0 0 0 0 0 0 0 0 0 0 0 0 0 0 0 0 0 0 0 0 0 0 0
0 0 0 0 0 0 0 0 0 0 0 0 0 0 0 0 0 0 0 0 0 0 0 0 0 0 0 0 0 0 0 0 0 0 0 0
0 0 0 0 0 0 0 0 0 0 0 0 0 0 0 0 0 0 0 0 0 0 0 0 0 0 0 0 0 0 0 0 0 0 0 0
0 0 0 0 0 0 0 0 0 0 0 0 0 0 0 0 0 0 0 0 0 0 0 0 0 0 0 0 0 0 0 0 0 0 0 0
0 0 0 0 0 0 0 0 0 0 0 0 0 0 0 0 0 0 0 0 0
##$SHL_SFCOEFFS4= (0..200)
0 0 0 0 0 0 0 0 0 0 0 0 0 0 0 0 0 0 0 0 0 0 0 0 0 0 0 0 0 0 0 0 0 0 0 0
0 0 0 0 0 0 0 0 0 0 0 0 0 0 0 0 0 0 0 0 0 0 0 0 0 0 0 0 0 0 0 0 0 0 0 0
0 0 0 0 0 0 0 0 0 0 0 0 0 0 0 0 0 0 0 0 0 0 0 0 0 0 0 0 0 0 0 0 0 0 0 0
0 0 0 0 0 0 0 0 0 0 0 0 0 0 0 0 0 0 0 0 0 0 0 0 0 0 0 0 0 0 0 0 0 0 0 0
0 0 0 0 0 0 0 0 0 0 0 0 0 0 0 0 0 0 0 0 0 0 0 0 0 0 0 0 0 0 0 0 0 0 0 0
0 0 0 0 0 0 0 0 0 0 0 0 0 0 0 0 0 0 0 0 0
##$SHL_SFCOEFFS5= (0..200)
0 0 0 0 0 0 0 0 0 0 0 0 0 0 0 0 0 0 0 0 0 0 0 0 0 0 0 0 0 0 0 0 0 0 0 0
0 0 0 0 0 0 0 0 0 0 0 0 0 0 0 0 0 0 0 0 0 0 0 0 0 0 0 0 0 0 0 0 0 0 0 0
0 0 0 0 0 0 0 0 0 0 0 0 0 0 0 0 0 0 0 0 0 0 0 0 0 0 0 0 0 0 0 0 0 0 0 0
0 0 0 0 0 0 0 0 0 0 0 0 0 0 0 0 0 0 0 0 0 0 0 0 0 0 0 0 0 0 0 0 0 0 0 0
0 0 0 0 0 0 0 0 0 0 0 0 0 0 0 0 0 0 0 0 0 0 0 0 0 0 0 0 0 0 0 0 0 0 0 0
0 0 0 0 0 0 0 0 0 0 0 0 0 0 0 0 0 0 0 0 0
##$SHL_SFCOEFFS6= (0..200)
0 0 0 0 0 0 0 0 0 0 0 0 0 0 0 0 0 0 0 0 0 0 0 0 0 0 0 0 0 0 0 0 0 0 0 0
0 0 0 0 0 0 0 0 0 0 0 0 0 0 0 0 0 0 0 0 0 0 0 0 0 0 0 0 0 0 0 0 0 0 0 0
0 0 0 0 0 0 0 0 0 0 0 0 0 0 0 0 0 0 0 0 0 0 0 0 0 0 0 0 0 0 0 0 0 0 0 0
0 0 0 0 0 0 0 0 0 0 0 0 0 0 0 0 0 0 0 0 0 0 0 0 0 0 0 0 0 0 0 0 0 0 0 0
0 0 0 0 0 0 0 0 0 0 0 0 0 0 0 0 0 0 0 0 0 0 0 0 0 0 0 0 0 0 0 0 0 0 0 0
0 0 0 0 0 0 0 0 0 0 0 0 0 0 0 0 0 0 0 0 0
##$SHL_SFCOEFFS7= (0..200)
0 0 0 0 0 0 0 0 0 0 0 0 0 0 0 0 0 0 0 0 0 0 0 0 0 0 0 0 0 0 0 0 0 0 0 0
0 0 0 0 0 0 0 0 0 0 0 0 0 0 0 0 0 0 0 0 0 0 0 0 0 0 0 0 0 0 0 0 0 0 0 0
0 0 0 0 0 0 0 0 0 0 0 0 0 0 0 0 0 0 0 0 0 0 0 0 0 0 0 0 0 0 0 0 0 0 0 0
0 0 0 0 0 0 0 0 0 0 0 0 0 0 0 0 0 0 0 0 0 0 0 0 0 0 0 0 0 0 0 0 0 0 0 0
0 0 0 0 0 0 0 0 0 0 0 0 0 0 0 0 0 0 0 0 0 0 0 0 0 0 0 0 0 0 0 0 0 0 0 0
0 0 0 0 0 0 0 0 0 0 0 0 0 0 0 0 0 0 0 0 0
##$SHL_SFCOEFFS8= (0..200)
0 0 0 0 0 0 0 0 0 0 0 0 0 0 0 0 0 0 0 0 0 0 0 0 0 0 0 0 0 0 0 0 0 0 0 0
0 0 0 0 0 0 0 0 0 0 0 0 0 0 0 0 0 0 0 0 0 0 0 0 0 0 0 0 0 0 0 0 0 0 0 0
0 0 0 0 0 0 0 0 0 0 0 0 0 0 0 0 0 0 0 0 0 0 0 0 0 0 0 0 0 0 0 0 0 0 0 0
0 0 0 0 0 0 0 0 0 0 0 0 0 0 0 0 0 0 0 0 0 0 0 0 0 0 0 0 0 0 0 0 0 0 0 0
0 0 0 0 0 0 0 0 0 0 0 0 0 0 0 0 0 0 0 0 0 0 0 0 0 0 0 0 0 0 0 0 0 0 0 0
0 0 0 0 0 0 0 0 0 0 0 0 0 0 0 0 0 0 0 0 0
##$SHL_SFCOEFFS9= (0..200)
0 0 0 0 0 0 0 0 0 0 0 0 0 0 0 0 0 0 0 0 0 0 0 0 0 0 0 0 0 0 0 0 0 0 0 0
0 0 0 0 0 0 0 0 0 0 0 0 0 0 0 0 0 0 0 0 0 0 0 0 0 0 0 0 0 0 0 0 0 0 0 0
0 0 0 0 0 0 0 0 0 0 0 0 0 0 0 0 0 0 0 0 0 0 0 0 0 0 0 0 0 0 0 0 0 0 0 0
0 0 0 0 0 0 0 0 0 0 0 0 0 0 0 0 0 0 0 0 0 0 0 0 0 0 0 0 0 0 0 0 0 0 0 0
0 0 0 0 0 0 0 0 0 0 0 0 0 0 0 0 0 0 0 0 0 0 0 0 0 0 0 0 0 0 0 0 0 0 0 0
0 0 0 0 0 0 0 0 0 0 0 0 0 0 0 0 0 0 0 0 0
##$SHL_SMOOTHED= (0..15)
0 0 0 0 0 0 0 0 0 0 0 0 0 0 0 0
##$SHL_SMOOTHING= (0..15)
0 0 0 0 0 0 0 0 0 0 0 0 0 0 0 0
##$SHL_SPOAL= (0..15)
0 0 0 0 0 0 0 0 0 0 0 0 0 0 0 0
##$SHL_SPOFFS= (0..15)
0 0 0 0 0 0 0 0 0 0 0 0 0 0 0 0
##$SHL_SPOPH= (0..15)
0 0 0 0 0 0 0 0 0 0 0 0 0 0 0 0
##$SHL_STARTAMP= (0..15)
0 0 0 0 0 0 0 0 0 0 0 0 0 0 0 0
##$SHL_SW= (0..15)
0 0 0 0 0 0 0 0 0 0 0 0 0 0 0 0
##$SHL_SWDIR= (0..15)
-1 -1 -1 -1 -1 -1 -1 -1 -1 -1 -1 -1 -1 -1 -1 -1
##$SHL_TANKAPPA= (0..15)
0 0 0 0 0 0 0 0 0 0 0 0 0 0 0 0
##$SHL_TOTROT= (0..15)
90 0 0 0 0 0 0 0 0 0 0 0 0 0 0 0
##$SHL_TRUNCLEV= (0..15)
0 0 0 0 0 0 0 0 0 0 0 0 0 0 0 0
##$SHL_TYPE= (0..15)
<Excitation> <> <> <> <> <> <> <> <> <> <> <> <> <> <> <>
##$SHL_WINDOWSIZE= (0..15)
0 0 0 0 0 0 0 0 0 0 0 0 0 0 0 0
##$SHL_ZETA= (0..15)
0 0 0 0 0 0 0 0 0 0 0 0 0 0 0 0
##NPOINTS= 1250
##XYPOINTS= (XY..XY)
37.857279, 185.872157
39.423853, 186.439215
40.979054, 187.006273
42.522433, 187.573332
44.053545, 188.140390
45.571947, 188.707448
47.077203, 189.274506
48.568876, 189.841564
50.046538, 190.408623
51.509762, 190.975681
52.958126, 191.542739
54.391211, 192.109797
55.808605, 192.676855
57.209899, 193.243914
58.594687, 193.810972
59.962572, 194.378030
61.313158, 194.945088
62.646055, 195.512146
63.960880, 196.079205
65.257252, 196.646263
66.534798, 197.213321
67.793149, 197.780379
69.031942, 198.347437
70.250820, 198.914496
71.449431, 199.481554
72.627429, 200.048612
73.784475, 200.615670
74.920234, 201.182728
76.034379, 201.749787
77.126589, 202.316845
78.196549, 202.883903
79.243949, 203.450961
80.268488, 204.018019
81.269870, 204.585078
82.247806, 205.152136
83.202014, 205.719194
84.132219, 206.286252
85.038152, 206.853310
85.919552, 207.420368
86.776165, 207.987427
87.607744, 208.554485
88.414049, 209.121543
89.194846, 209.688601
89.949912, 210.255659
90.679027, 210.822718
91.381982, 211.389776
92.058574, 211.956834
92.708608, 212.523892
93.331896, 213.090950
93.928258, 213.658009
94.497523, 214.225067
95.039526, 214.792125
95.554110, 215.359183
96.041128, 215.926241
96.500438, 216.493300
96.931909, 217.060358
97.335415, 217.627416
97.710841, 218.194474
98.058078, 218.761532
98.377025, 219.328591
98.667592, 219.895649
98.929694, 220.462707
99.163255, 221.029765
99.368208, 221.596823
99.544494, 222.163882
99.692062, 222.730940
99.810869, 223.297998
99.900882, 223.865056
99.962074, 224.432114
99.994428, 224.999173
99.997934, 225.566231
99.972591, 226.133289
99.918406, 226.700347
99.835396, 227.267405
99.723584, 227.834464
99.583003, 228.401522
99.413692, 228.968580
99.215701, 229.535638
98.989087, 230.102696
98.733915, 230.669754
98.450260, 231.236813
98.138202, 231.803871
97.797831, 232.370929
97.429247, 232.937987
97.032555, 233.505045
96.607870, 234.072104
96.155314, 234.639162
95.675018, 235.206220
95.167120, 235.773278
94.631767, 236.340336
94.069113, 236.907395
93.479321, 237.474453
92.862561, 238.041511
92.219011, 238.608569
91.548856, 239.175627
90.852290, 239.742686
90.129513, 240.309744
89.380735, 240.876802
88.606171, 241.443860
87.806045, 242.010918
86.980587, 242.577977
86.130036, 243.145035
85.254637, 243.712093
84.354642, 244.279151
83.430312, 244.846209
82.481913, 245.413268
81.509718, 245.980326
80.514008, 246.547384
79.495070, 247.114442
78.453199, 247.681500
77.388694, 248.248559
76.301864, 248.815617
75.193020, 249.382675
74.062484, 249.949733
72.910581, 250.516791
71.737644, 251.083850
70.544012, 251.650908
69.330027, 252.217966
68.096042, 252.785024
66.842411, 253.352082
65.569497, 253.919140
64.277666, 254.486199
62.967292, 255.053257
61.638752, 255.620315
60.292429, 256.187373
58.928713, 256.754431
57.547996, 257.321490
56.150676, 257.888548
54.737158, 258.455606
53.307848, 259.022664
51.863160, 259.589722
50.403509, 260.156781
48.929317, 260.723839
47.441010, 261.290897
45.939015, 261.857955
44.423768, 262.425013
42.895705, 262.992072
41.355267, 263.559130
39.802898, 264.126188
38.239046, 264.693246
36.664162, 265.260304
35.078701, 265.827363
33.483120, 266.394421
31.877880, 266.961479
30.263442, 267.528537
28.640274, 268.095595
27.008844, 268.662654
25.369622, 269.229712
23.723080, 269.796770
22.069695, 270.363828
20.409943, 270.930886
18.744302, 271.497945
17.073254, 272.065003
15.397280, 272.632061
13.716865, 273.199119
12.032492, 273.766177
10.344648, 274.333236
8.653819, 274.900294
6.960494, 275.467352
5.265161, 276.034410
3.568309, 276.601468
1.870428, 277.168526
0.172007, 277.735585
1.526464, 98.302643
3.224494, 98.869701
4.921594, 99.436759
6.617275, 100.003817
8.311046, 100.570876
10.002420, 101.137934
11.690907, 101.704992
13.376023, 102.272050
15.057279, 102.839108
16.734191, 103.406167
18.406276, 103.973225
20.073050, 104.540283
21.734034, 105.107341
23.388747, 105.674399
25.036713, 106.241458
26.677456, 106.808516
28.310503, 107.375574
29.935382, 107.942632
31.551626, 108.509690
33.158766, 109.076749
34.756341, 109.643807
36.343889, 110.210865
37.920951, 110.777923
39.487074, 111.344981
41.041805, 111.912040
42.584696, 112.479098
44.115301, 113.046156
45.633180, 113.613214
47.137893, 114.180272
48.629007, 114.747331
50.106093, 115.314389
51.568723, 115.881447
53.016476, 116.448505
54.448933, 117.015563
55.865683, 117.582622
57.266316, 118.149680
58.650428, 118.716738
60.017619, 119.283796
61.367496, 119.850854
62.699669, 120.417913
64.013753, 120.984971
65.309370, 121.552029
66.586146, 122.119087
67.843711, 122.686145
69.081705, 123.253203
70.299768, 123.820262
71.497551, 124.387320
72.674707, 124.954378
73.830897, 125.521436
74.965787, 126.088494
76.079050, 126.655553
77.170365, 127.222611
78.239416, 127.789669
79.285896, 128.356727
80.309503, 128.923785
81.309941, 129.490844
82.286921, 130.057902
83.240162, 130.624960
84.169389, 131.192018
85.074334, 131.759076
85.954735, 132.326135
86.810339, 132.893193
87.640898, 133.460251
88.446174, 134.027309
89.225933, 134.594367
89.979952, 135.161426
90.708012, 135.728484
91.409903, 136.295542
92.085423, 136.862600
92.734377, 137.429658
93.356577, 137.996717
93.951845, 138.563775
94.520009, 139.130833
95.060904, 139.697891
95.574374, 140.264949
96.060272, 140.832008
96.518458, 141.399066
96.948798, 141.966124
97.351169, 142.533182
97.725455, 143.100240
98.071548, 143.667299
98.389348, 144.234357
98.678763, 144.801415
98.939710, 145.368473
99.172113, 145.935531
99.375906, 146.502589
99.551030, 147.069648
99.697434, 147.636706
99.815075, 148.203764
99.903921, 148.770822
99.963945, 149.337880
99.995130, 149.904939
99.997468, 150.471997
99.970956, 151.039055
99.915604, 151.606113
99.831427, 152.173171
99.718449, 152.740230
99.576702, 153.307288
99.406229, 153.874346
99.207077, 154.441404
98.979305, 155.008462
98.722978, 155.575521
98.438170, 156.142579
98.124964, 156.709637
97.783449, 157.276695
97.413724, 157.843753
97.015895, 158.410812
96.590079, 158.977870
96.136397, 159.544928
95.654979, 160.111986
95.145967, 160.679044
94.609505, 161.246103
94.045749, 161.813161
93.454861, 162.380219
92.837012, 162.947277
92.192381, 163.514335
91.521152, 164.081394
90.823520, 164.648452
90.099686, 165.215510
89.349859, 165.782568
88.574256, 166.349626
87.773099, 166.916685
86.946620, 167.483743
86.095057, 168.050801
85.218657, 168.617859
84.317672, 169.184917
83.392361, 169.751975
82.442993, 170.319034
81.469840, 170.886092
80.473183, 171.453150
79.453311, 172.020208
78.410517, 172.587266
77.345102, 173.154325
76.257373, 173.721383
75.147645, 174.288441
74.016237, 174.855499
72.863475, 175.422557
71.689694, 175.989616
70.495230, 176.556674
69.280428, 177.123732
68.045640, 177.690790
66.791221, 178.257848
65.517533, 178.824907
64.224944, 179.391965
62.913827, 179.959023
61.584559, 180.526081
60.237524, 181.093139
58.873111, 181.660198
57.491714, 182.227256
56.093731, 182.794314
54.679565, 183.361372
53.249624, 183.928430
51.804321, 184.495489
50.344073, 185.062547
48.869301, 185.629605
47.380431, 186.196663
45.877892, 186.763721
44.362117, 187.330780
42.833544, 187.897838
41.292614, 188.464896
39.739771, 189.031954
38.175463, 189.599012
36.600142, 190.166071
35.014262, 190.733129
33.418281, 191.300187
31.812659, 191.867245
30.197859, 192.434303
28.574347, 193.001361
26.942592, 193.568420
25.303064, 194.135478
23.656236, 194.702536
22.002583, 195.269594
20.342583, 195.836652
18.676714, 196.403711
17.005457, 196.970769
15.329295, 197.537827
13.648709, 198.104885
11.964186, 198.671943
10.276212, 199.239002
8.585273, 199.806060
6.891857, 200.373118
5.196453, 200.940176
3.499550, 201.507234
1.801637, 202.074293
0.103204, 202.641351
1.595258, 23.208409
3.293261, 23.775467
4.990313, 24.342525
6.685925, 24.909584
8.379609, 25.476642
10.070875, 26.043700
11.759236, 26.610758
13.444204, 27.177816
15.125294, 27.744875
16.802020, 28.311933
18.473899, 28.878991
20.140448, 29.446049
21.801187, 30.013107
23.455636, 30.580166
25.103319, 31.147224
26.743759, 31.714282
28.376484, 32.281340
30.001023, 32.848398
31.616906, 33.415457
33.223669, 33.982515
34.820846, 34.549573
36.407978, 35.116631
37.984606, 35.683689
39.550276, 36.250748
41.104536, 36.817806
42.646938, 37.384864
44.177036, 37.951922
45.694390, 38.518980
47.198561, 39.086038
48.689116, 39.653097
50.165624, 40.220155
51.627659, 40.787213
53.074800, 41.354271
54.506630, 41.921329
55.922735, 42.488388
57.322706, 43.055446
58.706140, 43.622504
60.072638, 44.189562
61.421806, 44.756620
62.753253, 45.323679
64.066597, 45.890737
65.361457, 46.457795
66.637462, 47.024853
67.894242, 47.591911
69.131435, 48.158970
70.348684, 48.726028
71.545637, 49.293086
72.721951, 49.860144
73.877284, 50.427202
75.011305, 50.994261
76.123685, 51.561319
77.214104, 52.128377
78.282247, 52.695435
79.327806, 53.262493
80.350480, 53.829552
81.349973, 54.396610
82.325997, 54.963668
83.278271, 55.530726
84.206519, 56.097784
85.110475, 56.664843
85.989876, 57.231901
86.844470, 57.798959
87.674010, 58.366017
88.478257, 58.933075
89.256978, 59.500134
90.009949, 60.067192
90.736953, 60.634250
91.437780, 61.201308
92.112228, 61.768366
92.760102, 62.335424
93.381215, 62.902483
93.975388, 63.469541
94.542450, 64.036599
95.082237, 64.603657
95.594594, 65.170715
96.079372, 65.737774
96.536431, 66.304832
96.965641, 66.871890
97.366877, 67.438948
97.740023, 68.006006
98.084971, 68.573065
98.401623, 69.140123
98.689887, 69.707181
98.949679, 70.274239
99.180925, 70.841297
99.383557, 71.408356
99.557519, 71.975414
99.702758, 72.542472
99.819234, 73.109530
99.906913, 73.676588
99.965769, 74.243647
99.995786, 74.810705
99.996954, 75.377763
99.969275, 75.944821
99.912754, 76.511879
99.827410, 77.078938
99.713266, 77.645996
99.570355, 78.213054
99.398719, 78.780112
99.198407, 79.347170
98.969477, 79.914229
98.711995, 80.481287
98.426035, 81.048345
98.111679, 81.615403
97.769020, 82.182461
97.398154, 82.749520
96.999190, 83.316578
96.572242, 83.883636
96.117434, 84.450694
95.634896, 85.017752
95.124768, 85.584810
94.587198, 86.151869
94.022340, 86.718927
93.430356, 87.285985
92.811419, 87.853043
92.165707, 88.420101
91.493405, 88.987160
90.794708, 89.554218
90.069817, 90.121276
89.318941, 90.688334
88.542298, 91.255392
87.740111, 91.822451
86.912611, 92.389509
86.060038, 92.956567
85.182637, 93.523625
84.280661, 94.090683
83.354371, 94.657742
82.404033, 95.224800
81.429923, 95.791858
80.432320, 96.358916
79.411514, 96.925974
78.367797, 97.493033
77.301472, 98.060091
76.212846, 98.627149
75.102234, 99.194207
73.969954, 99.761265
72.816335, 100.328324
71.641709, 100.895382
70.446414, 101.462440
69.230797, 102.029498
67.995206, 102.596556
66.740000, 103.163615
65.465539, 103.730673
64.172192, 104.297731
62.860332, 104.864789
61.530337, 105.431847
60.182591, 105.998906
58.817482, 106.565964
57.435405, 107.133022
56.036759, 107.700080
54.621946, 108.267138
53.191375, 108.834196
51.745458, 109.401255
50.284614, 109.968313
48.809263, 110.535371
47.319830, 111.102429
45.816746, 111.669487
44.300444, 112.236546
42.771362, 112.803604
41.229941, 113.370662
39.676625, 113.937720
38.111862, 114.504778
36.536105, 115.071837
34.949807, 115.638895
33.353426, 116.205953
31.747423, 116.773011
30.132261, 117.340069
28.508406, 117.907128
26.876327, 118.474186
25.236494, 119.041244
23.589380, 119.608302
21.935462, 120.175360
20.275214, 120.742419
18.609118, 121.309477
16.937653, 121.876535
15.261301, 122.443593
13.580547, 123.010651
11.895875, 123.577710
10.207771, 124.144768
8.516722, 124.711826
6.823216, 125.278884
5.127742, 125.845942
3.430788, 126.413001
1.732845, 126.980059
0.034401, 127.547117
1.664052, 308.114175
3.362025, 308.681233
5.059028, 309.248292
6.754572, 309.815350
8.448167, 310.382408
10.139325, 310.949466
11.827558, 311.516524
13.512379, 312.083583
15.193301, 312.650641
16.869840, 313.217699
18.541513, 313.784757
20.207836, 314.351815
21.868329, 314.918873
23.522514, 315.485932
25.169912, 316.052990
26.810049, 316.620048
28.442452, 317.187106
30.066649, 317.754164
31.682172, 318.321223
33.288555, 318.888281
34.885335, 319.455339
36.472050, 320.022397
38.048243, 320.589455
39.613460, 321.156514
41.167248, 321.723572
42.709160, 322.290630
44.238751, 322.857688
45.755579, 323.424746
47.259207, 323.991805
48.749201, 324.558863
50.225131, 325.125921
51.686571, 325.692979
53.133100, 326.260037
54.564301, 326.827096
55.979760, 327.394154
57.379069, 327.961212
58.761825, 328.528270
60.127629, 329.095328
61.476086, 329.662387
62.806807, 330.229445
64.119410, 330.796503
65.413514, 331.363561
66.688747, 331.930619
67.944740, 332.497678
69.181132, 333.064736
70.397566, 333.631794
71.593690, 334.198852
72.769160, 334.765910
73.923637, 335.332969
75.056787, 335.900027
76.168284, 336.467085
77.257806, 337.034143
78.325041, 337.601201
79.369679, 338.168259
80.391419, 338.735318
81.389967, 339.302376
82.365035, 339.869434
83.316341, 340.436492
84.243610, 341.003550
85.146576, 341.570609
86.024977, 342.137667
86.878561, 342.704725
87.707081, 343.271783
88.510298, 343.838841
89.287981, 344.405900
90.039904, 344.972958
90.765852, 345.540016
91.465614, 346.107074
92.138989, 346.674132
92.785782, 347.241191
93.405808, 347.808249
93.998886, 348.375307
94.564846, 348.942365
95.103525, 349.509423
95.614767, 350.076482
96.098425, 350.643540
96.554360, 351.210598
96.982438, 351.777656
97.382539, 352.344714
97.754544, 352.911773
98.098349, 353.478831
98.413852, 354.045889
98.700964, 354.612947
98.959601, 355.180005
99.189689, 355.747064
99.391162, 356.314122
99.563960, 356.881180
99.708035, 357.448238
99.823346, 358.015296
99.909857, 358.582355
99.967545, 359.149413
99.996394, 359.716471
99.996394, 0.283529
99.967545, 0.850587
99.909857, 1.417645
99.823346, 1.984704
99.708035, 2.551762
99.563960, 3.118820
99.391162, 3.685878
99.189689, 4.252936
98.959601, 4.819995
98.700964, 5.387053
98.413852, 5.954111
98.098349, 6.521169
97.754544, 7.088227
97.382539, 7.655286
96.982438, 8.222344
96.554360, 8.789402
96.098425, 9.356460
95.614767, 9.923518
95.103525, 10.490577
94.564846, 11.057635
93.998886, 11.624693
93.405808, 12.191751
92.785782, 12.758809
92.138989, 13.325868
91.465614, 13.892926
90.765852, 14.459984
90.039904, 15.027042
89.287981, 15.594100
88.510298, 16.161159
87.707081, 16.728217
86.878561, 17.295275
86.024977, 17.862333
85.146576, 18.429391
84.243610, 18.996450
83.316341, 19.563508
82.365035, 20.130566
81.389967, 20.697624
80.391419, 21.264682
79.369679, 21.831741
78.325041, 22.398799
77.257806, 22.965857
76.168284, 23.532915
75.056787, 24.099973
73.923637, 24.667031
72.769160, 25.234090
71.593690, 25.801148
70.397566, 26.368206
69.181132, 26.935264
67.944740, 27.502322
66.688747, 28.069381
65.413514, 28.636439
64.119410, 29.203497
62.806807, 29.770555
61.476086, 30.337613
60.127629, 30.904672
58.761825, 31.471730
57.379069, 32.038788
55.979760, 32.605846
54.564301, 33.172904
53.133100, 33.739963
51.686571, 34.307021
50.225131, 34.874079
48.749201, 35.441137
47.259207, 36.008195
45.755579, 36.575254
44.238751, 37.142312
42.709160, 37.709370
41.167248, 38.276428
39.613460, 38.843486
38.048243, 39.410545
36.472050, 39.977603
34.885335, 40.544661
33.288555, 41.111719
31.682172, 41.678777
30.066649, 42.245836
28.442452, 42.812894
26.810049, 43.379952
25.169912, 43.947010
23.522514, 44.514068
21.868329, 45.081127
20.207836, 45.648185
18.541513, 46.215243
16.869840, 46.782301
15.193301, 47.349359
13.512379, 47.916417
11.827558, 48.483476
10.139325, 49.050534
8.448167, 49.617592
6.754572, 50.184650
5.059028, 50.751708
3.362025, 51.318767
1.664052, 51.885825
0.034401, 232.452883
1.732845, 233.019941
3.430788, 233.586999
5.127742, 234.154058
6.823216, 234.721116
8.516722, 235.288174
10.207771, 235.855232
11.895875, 236.422290
13.580547, 236.989349
15.261301, 237.556407
16.937653, 238.123465
18.609118, 238.690523
20.275214, 239.257581
21.935462, 239.824640
23.589380, 240.391698
25.236494, 240.958756
26.876327, 241.525814
28.508406, 242.092872
30.132261, 242.659931
31.747423, 243.226989
33.353426, 243.794047
34.949807, 244.361105
36.536105, 244.928163
38.111862, 245.495222
39.676625, 246.062280
41.229941, 246.629338
42.771362, 247.196396
44.300444, 247.763454
45.816746, 248.330513
47.319830, 248.897571
48.809263, 249.464629
50.284614, 250.031687
51.745458, 250.598745
53.191375, 251.165804
54.621946, 251.732862
56.036759, 252.299920
57.435405, 252.866978
58.817482, 253.434036
60.182591, 254.001094
61.530337, 254.568153
62.860332, 255.135211
64.172192, 255.702269
65.465539, 256.269327
66.740000, 256.836385
67.995206, 257.403444
69.230797, 257.970502
70.446414, 258.537560
71.641709, 259.104618
72.816335, 259.671676
73.969954, 260.238735
75.102234, 260.805793
76.212846, 261.372851
77.301472, 261.939909
78.367797, 262.506967
79.411514, 263.074026
80.432320, 263.641084
81.429923, 264.208142
82.404033, 264.775200
83.354371, 265.342258
84.280661, 265.909317
85.182637, 266.476375
86.060038, 267.043433
86.912611, 267.610491
87.740111, 268.177549
88.542298, 268.744608
89.318941, 269.311666
90.069817, 269.878724
90.794708, 270.445782
91.493405, 271.012840
92.165707, 271.579899
92.811419, 272.146957
93.430356, 272.714015
94.022340, 273.281073
94.587198, 273.848131
95.124768, 274.415190
95.634896, 274.982248
96.117434, 275.549306
96.572242, 276.116364
96.999190, 276.683422
97.398154, 277.250480
97.769020, 277.817539
98.111679, 278.384597
98.426035, 278.951655
98.711995, 279.518713
98.969477, 280.085771
99.198407, 280.652830
99.398719, 281.219888
99.570355, 281.786946
99.713266, 282.354004
99.827410, 282.921062
99.912754, 283.488121
99.969275, 284.055179
99.996954, 284.622237
99.995786, 285.189295
99.965769, 285.756353
99.906913, 286.323412
99.819234, 286.890470
99.702758, 287.457528
99.557519, 288.024586
99.383557, 288.591644
99.180925, 289.158703
98.949679, 289.725761
98.689887, 290.292819
98.401623, 290.859877
98.084971, 291.426935
97.740023, 291.993994
97.366877, 292.561052
96.965641, 293.128110
96.536431, 293.695168
96.079372, 294.262226
95.594594, 294.829285
95.082237, 295.396343
94.542450, 295.963401
93.975388, 296.530459
93.381215, 297.097517
92.760102, 297.664576
92.112228, 298.231634
91.437780, 298.798692
90.736953, 299.365750
90.009949, 299.932808
89.256978, 300.499866
88.478257, 301.066925
87.674010, 301.633983
86.844470, 302.201041
85.989876, 302.768099
85.110475, 303.335157
84.206519, 303.902216
83.278271, 304.469274
82.325997, 305.036332
81.349973, 305.603390
80.350480, 306.170448
79.327806, 306.737507
78.282247, 307.304565
77.214104, 307.871623
76.123685, 308.438681
75.011305, 309.005739
73.877284, 309.572798
72.721951, 310.139856
71.545637, 310.706914
70.348684, 311.273972
69.131435, 311.841030
67.894242, 312.408089
66.637462, 312.975147
65.361457, 313.542205
64.066597, 314.109263
62.753253, 314.676321
61.421806, 315.243380
60.072638, 315.810438
58.706140, 316.377496
57.322706, 316.944554
55.922735, 317.511612
54.506630, 318.078671
53.074800, 318.645729
51.627659, 319.212787
50.165624, 319.779845
48.689116, 320.346903
47.198561, 320.913962
45.694390, 321.481020
44.177036, 322.048078
42.646938, 322.615136
41.104536, 323.182194
39.550276, 323.749252
37.984606, 324.316311
36.407978, 324.883369
34.820846, 325.450427
33.223669, 326.017485
31.616906, 326.584543
30.001023, 327.151602
28.376484, 327.718660
26.743759, 328.285718
25.103319, 328.852776
23.455636, 329.419834
21.801187, 329.986893
20.140448, 330.553951
18.473899, 331.121009
16.802020, 331.688067
15.125294, 332.255125
13.444204, 332.822184
11.759236, 333.389242
10.070875, 333.956300
8.379609, 334.523358
6.685925, 335.090416
4.990313, 335.657475
3.293261, 336.224533
1.595258, 336.791591
0.103204, 157.358649
1.801637, 157.925707
3.499550, 158.492766
5.196453, 159.059824
6.891857, 159.626882
8.585273, 160.193940
10.276212, 160.760998
11.964186, 161.328057
13.648709, 161.895115
15.329295, 162.462173
17.005457, 163.029231
18.676714, 163.596289
20.342583, 164.163348
22.002583, 164.730406
23.656236, 165.297464
25.303064, 165.864522
26.942592, 166.431580
28.574347, 166.998639
30.197859, 167.565697
31.812659, 168.132755
33.418281, 168.699813
35.014262, 169.266871
36.600142, 169.833929
38.175463, 170.400988
39.739771, 170.968046
41.292614, 171.535104
42.833544, 172.102162
44.362117, 172.669220
45.877892, 173.236279
47.380431, 173.803337
48.869301, 174.370395
50.344073, 174.937453
51.804321, 175.504511
53.249624, 176.071570
54.679565, 176.638628
56.093731, 177.205686
57.491714, 177.772744
58.873111, 178.339802
60.237524, 178.906861
61.584559, 179.473919
62.913827, 180.040977
64.224944, 180.608035
65.517533, 181.175093
66.791221, 181.742152
68.045640, 182.309210
69.280428, 182.876268
70.495230, 183.443326
71.689694, 184.010384
72.863475, 184.577443
74.016237, 185.144501
75.147645, 185.711559
76.257373, 186.278617
77.345102, 186.845675
78.410517, 187.412734
79.453311, 187.979792
80.473183, 188.546850
81.469840, 189.113908
82.442993, 189.680966
83.392361, 190.248025
84.317672, 190.815083
85.218657, 191.382141
86.095057, 191.949199
86.946620, 192.516257
87.773099, 193.083315
88.574256, 193.650374
89.349859, 194.217432
90.099686, 194.784490
90.823520, 195.351548
91.521152, 195.918606
92.192381, 196.485665
92.837012, 197.052723
93.454861, 197.619781
94.045749, 198.186839
94.609505, 198.753897
95.145967, 199.320956
95.654979, 199.888014
96.136397, 200.455072
96.590079, 201.022130
97.015895, 201.589188
97.413724, 202.156247
97.783449, 202.723305
98.124964, 203.290363
98.438170, 203.857421
98.722978, 204.424479
98.979305, 204.991538
99.207077, 205.558596
99.406229, 206.125654
99.576702, 206.692712
99.718449, 207.259770
99.831427, 207.826829
99.915604, 208.393887
99.970956, 208.960945
99.997468, 209.528003
99.995130, 210.095061
99.963945, 210.662120
99.903921, 211.229178
99.815075, 211.796236
99.697434, 212.363294
99.551030, 212.930352
99.375906, 213.497411
99.172113, 214.064469
98.939710, 214.631527
98.678763, 215.198585
98.389348, 215.765643
98.071548, 216.332701
97.725455, 216.899760
97.351169, 217.466818
96.948798, 218.033876
96.518458, 218.600934
96.060272, 219.167992
95.574374, 219.735051
95.060904, 220.302109
94.520009, 220.869167
93.951845, 221.436225
93.356577, 222.003283
92.734377, 222.570342
92.085423, 223.137400
91.409903, 223.704458
90.708012, 224.271516
89.979952, 224.838574
89.225933, 225.405633
88.446174, 225.972691
87.640898, 226.539749
86.810339, 227.106807
85.954735, 227.673865
85.074334, 228.240924
84.169389, 228.807982
83.240162, 229.375040
82.286921, 229.942098
81.309941, 230.509156
80.309503, 231.076215
79.285896, 231.643273
78.239416, 232.210331
77.170365, 232.777389
76.079050, 233.344447
74.965787, 233.911506
73.830897, 234.478564
72.674707, 235.045622
71.497551, 235.612680
70.299768, 236.179738
69.081705, 236.746797
67.843711, 237.313855
66.586146, 237.880913
65.309370, 238.447971
64.013753, 239.015029
62.699669, 239.582087
61.367496, 240.149146
60.017619, 240.716204
58.650428, 241.283262
57.266316, 241.850320
55.865683, 242.417378
54.448933, 242.984437
53.016476, 243.551495
51.568723, 244.118553
50.106093, 244.685611
48.629007, 245.252669
47.137893, 245.819728
45.633180, 246.386786
44.115301, 246.953844
42.584696, 247.520902
41.041805, 248.087960
39.487074, 248.655019
37.920951, 249.222077
36.343889, 249.789135
34.756341, 250.356193
33.158766, 250.923251
31.551626, 251.490310
29.935382, 252.057368
28.310503, 252.624426
26.677456, 253.191484
25.036713, 253.758542
23.388747, 254.325601
21.734034, 254.892659
20.073050, 255.459717
18.406276, 256.026775
16.734191, 256.593833
15.057279, 257.160892
13.376023, 257.727950
11.690907, 258.295008
10.002420, 258.862066
8.311046, 259.429124
6.617275, 259.996183
4.921594, 260.563241
3.224494, 261.130299
1.526464, 261.697357
0.172007, 82.264415
1.870428, 82.831474
3.568309, 83.398532
5.265161, 83.965590
6.960494, 84.532648
8.653819, 85.099706
10.344648, 85.666764
12.032492, 86.233823
13.716865, 86.800881
15.397280, 87.367939
17.073254, 87.934997
18.744302, 88.502055
20.409943, 89.069114
22.069695, 89.636172
23.723080, 90.203230
25.369622, 90.770288
27.008844, 91.337346
28.640274, 91.904405
30.263442, 92.471463
31.877880, 93.038521
33.483120, 93.605579
35.078701, 94.172637
36.664162, 94.739696
38.239046, 95.306754
39.802898, 95.873812
41.355267, 96.440870
42.895705, 97.007928
44.423768, 97.574987
45.939015, 98.142045
47.441010, 98.709103
48.929317, 99.276161
50.403509, 99.843219
51.863160, 100.410278
53.307848, 100.977336
54.737158, 101.544394
56.150676, 102.111452
57.547996, 102.678510
58.928713, 103.245569
60.292429, 103.812627
61.638752, 104.379685
62.967292, 104.946743
64.277666, 105.513801
65.569497, 106.080860
66.842411, 106.647918
68.096042, 107.214976
69.330027, 107.782034
70.544012, 108.349092
71.737644, 108.916150
72.910581, 109.483209
74.062484, 110.050267
75.193020, 110.617325
76.301864, 111.184383
77.388694, 111.751441
78.453199, 112.318500
79.495070, 112.885558
80.514008, 113.452616
81.509718, 114.019674
82.481913, 114.586732
83.430312, 115.153791
84.354642, 115.720849
85.254637, 116.287907
86.130036, 116.854965
86.980587, 117.422023
87.806045, 117.989082
88.606171, 118.556140
89.380735, 119.123198
90.129513, 119.690256
90.852290, 120.257314
91.548856, 120.824373
92.219011, 121.391431
92.862561, 121.958489
93.479321, 122.525547
94.069113, 123.092605
94.631767, 123.659664
95.167120, 124.226722
95.675018, 124.793780
96.155314, 125.360838
96.607870, 125.927896
97.032555, 126.494955
97.429247, 127.062013
97.797831, 127.629071
98.138202, 128.196129
98.450260, 128.763187
98.733915, 129.330246
98.989087, 129.897304
99.215701, 130.464362
99.413692, 131.031420
99.583003, 131.598478
99.723584, 132.165536
99.835396, 132.732595
99.918406, 133.299653
99.972591, 133.866711
99.997934, 134.433769
99.994428, 135.000827
99.962074, 135.567886
99.900882, 136.134944
99.810869, 136.702002
99.692062, 137.269060
99.544494, 137.836118
99.368208, 138.403177
99.163255, 138.970235
98.929694, 139.537293
98.667592, 140.104351
98.377025, 140.671409
98.058078, 141.238468
97.710841, 141.805526
97.335415, 142.372584
96.931909, 142.939642
96.500438, 143.506700
96.041128, 144.073759
95.554110, 144.640817
95.039526, 145.207875
94.497523, 145.774933
93.928258, 146.341991
93.331896, 146.909050
92.708608, 147.476108
92.058574, 148.043166
91.381982, 148.610224
90.679027, 149.177282
89.949912, 149.744341
89.194846, 150.311399
88.414049, 150.878457
87.607744, 151.445515
86.776165, 152.012573
85.919552, 152.579632
85.038152, 153.146690
84.132219, 153.713748
83.202014, 154.280806
82.247806, 154.847864
81.269870, 155.414922
80.268488, 155.981981
79.243949, 156.549039
78.196549, 157.116097
77.126589, 157.683155
76.034379, 158.250213
74.920234, 158.817272
73.784475, 159.384330
72.627429, 159.951388
71.449431, 160.518446
70.250820, 161.085504
69.031942, 161.652563
67.793149, 162.219621
66.534798, 162.786679
65.257252, 163.353737
63.960880, 163.920795
62.646055, 164.487854
61.313158, 165.054912
59.962572, 165.621970
58.594687, 166.189028
57.209899, 166.756086
55.808605, 167.323145
54.391211, 167.890203
52.958126, 168.457261
51.509762, 169.024319
50.046538, 169.591377
48.568876, 170.158436
47.077203, 170.725494
45.571947, 171.292552
44.053545, 171.859610
42.522433, 172.426668
40.979054, 172.993727
39.423853, 173.560785
37.857279, 174.127843
##END=
