##TITLE= Parameter file, TopSpin 4.3.0
##JCAMPDX= 5.0
##DATATYPE= Parameter Values
##ORIGIN= Bruker BioSpin GmbH
##OWNER= nmrsu
$$ 2024-02-10 16:41:48.811 +0000  nmrsu@4CE1161FJM
$$ C:/Bruker/TopSpin4.3.0/exp/stan/nmr/lists/wave/user/multisupp_aux_d8
$$ process C:\Bruker\TopSpin4.3.0\prog\mod\xwinshape.exe
##MINX= 8.36202800
##MAXX= 99.99652600
##MINY= 0.23628300
##MAXY= 359.76371700
##$SHAPE_ADDPHASE= 0
##$SHAPE_AMP= 99.99652576
##$SHAPE_BWFAC= 0
##$SHAPE_BWFAC50= 0
##$SHAPE_CALCBW= yes
##$SHAPE_CALCINTEG= yes
##$SHAPE_EXMODE= <Excitation>
##$SHAPE_EXPAND= <>
##$SHAPE_EXPANDCF= (0..143)
0 0 0 0 0 0 0 0 0 0 0 0 0 0 0 0 0 0 0 0 0 0 0 0 0 0 0 0 0 0 0 0 0 0 0 0
0 0 0 0 0 0 0 0 0 0 0 0 0 0 0 0 0 0 0 0 0 0 0 0 0 0 0 0 0 0 0 0 0 0 0 0
0 0 0 0 0 0 0 0 0 0 0 0 0 0 0 0 0 0 0 0 0 0 0 0 0 0 0 0 0 0 0 0 0 0 0 0
0 0 0 0 0 0 0 0 0 0 0 0 0 0 0 0 0 0 0 0 0 0 0 0 0 0 0 0 0 0 0 0 0 0 0 0
##$SHAPE_EXPFAC= 0
##$SHAPE_FRACEND= 0
##$SHAPE_FRACORG= 0
##$SHAPE_FRACSTART= 0
##$SHAPE_INTEGFAC= 0
##$SHAPE_KEEPRES= yes
##$SHAPE_LENGTH= 25000.000373
##$SHAPE_MAN= <M>
##$SHAPE_MODE= 4
##$SHAPE_MODFREQ= 0
##$SHAPE_MODPHASE= 0
##$SHAPE_MODSCALE= 0
##$SHAPE_MODSW= 0
##$SHAPE_MODSWDIR= -1
##$SHAPE_NPOINTS= 1250
##$SHAPE_OFFS= <1 4>
##$SHAPE_OFFSCOEFF= (0..95)
54.734894 0 100 -61.90448 0 100 -216.74025 0 100 -285.38409 0 100 0 0 0
0 0 0 0 0 0 0 0 0 0 0 0 0 0 0 0 0 0 0 0 0 0 0 0 0 0 0 0 0 0 0 0 0 0 0 0
0 0 0 0 0 0 0 0 0 0 0 0 0 0 0 0 0 0 0 0 0 0 0 0 0 0 0 0 0 0 0 0 0 0 0 0
0 0 0 0 0 0 0 0 0
##$SHAPE_PARAMETER= <>
##$SHAPE_REPHFAC= 0
##$SHAPE_RES= 0
##$SHAPE_SCALEFAC= 1.00003474
##$SHAPE_SCALETYPE= 0
##$SHAPE_SPOAL= 0
##$SHAPE_SPOFFS= 0
##$SHAPE_SPOPH= 0
##$SHAPE_TOTROT= 90
##$SHAPE_TYPE= <Excitation>
##$SHAPE_USER_DEF= <>
##$SHAPE_VERSION= 2.1
##$SHL_ADDPHASE= (0..15)
0 0 0 0 0 0 0 0 0 0 0 0 0 0 0 0
##$SHL_ALIGNOFFSET= (0..15)
0 0 0 0 0 0 0 0 0 0 0 0 0 0 0 0
##$SHL_AMP= (0..15)
100 0 0 0 0 0 0 0 0 0 0 0 0 0 0 0
##$SHL_AMPFAC= (0..15)
0 0 0 0 0 0 0 0 0 0 0 0 0 0 0 0
##$SHL_BETA= (0..15)
0 0 0 0 0 0 0 0 0 0 0 0 0 0 0 0
##$SHL_BWFAC= (0..15)
1.116 0 0 0 0 0 0 0 0 0 0 0 0 0 0 0
##$SHL_CALCBW= (0..15)
yes yes yes yes yes yes yes yes yes yes yes yes yes yes yes yes
##$SHL_CALCINTEG= (0..15)
yes yes yes yes yes yes yes yes yes yes yes yes yes yes yes yes
##$SHL_CENTERAMP= (0..15)
0 0 0 0 0 0 0 0 0 0 0 0 0 0 0 0
##$SHL_CYCNUM= (0..15)
0 0 0 0 0 0 0 0 0 0 0 0 0 0 0 0
##$SHL_DIPOLCPL= (0..15)
0 0 0 0 0 0 0 0 0 0 0 0 0 0 0 0
##$SHL_ENDAMP= (0..15)
0 0 0 0 0 0 0 0 0 0 0 0 0 0 0 0
##$SHL_EXMODE= (0..15)
<Excitation> <> <> <> <> <> <> <> <> <> <> <> <> <> <> <>
##$SHL_EXPAND= (0..15)
<> <> <> <> <> <> <> <> <> <> <> <> <> <> <> <>
##$SHL_EXPANDCF0= (0..143)
0 0 0 0 0 0 0 0 0 0 0 0 0 0 0 0 0 0 0 0 0 0 0 0 0 0 0 0 0 0 0 0 0 0 0 0
0 0 0 0 0 0 0 0 0 0 0 0 0 0 0 0 0 0 0 0 0 0 0 0 0 0 0 0 0 0 0 0 0 0 0 0
0 0 0 0 0 0 0 0 0 0 0 0 0 0 0 0 0 0 0 0 0 0 0 0 0 0 0 0 0 0 0 0 0 0 0 0
0 0 0 0 0 0 0 0 0 0 0 0 0 0 0 0 0 0 0 0 0 0 0 0 0 0 0 0 0 0 0 0 0 0 0 0
##$SHL_EXPANDCF1= (0..143)
0 0 0 0 0 0 0 0 0 0 0 0 0 0 0 0 0 0 0 0 0 0 0 0 0 0 0 0 0 0 0 0 0 0 0 0
0 0 0 0 0 0 0 0 0 0 0 0 0 0 0 0 0 0 0 0 0 0 0 0 0 0 0 0 0 0 0 0 0 0 0 0
0 0 0 0 0 0 0 0 0 0 0 0 0 0 0 0 0 0 0 0 0 0 0 0 0 0 0 0 0 0 0 0 0 0 0 0
0 0 0 0 0 0 0 0 0 0 0 0 0 0 0 0 0 0 0 0 0 0 0 0 0 0 0 0 0 0 0 0 0 0 0 0
##$SHL_EXPANDCF10= (0..143)
0 0 0 0 0 0 0 0 0 0 0 0 0 0 0 0 0 0 0 0 0 0 0 0 0 0 0 0 0 0 0 0 0 0 0 0
0 0 0 0 0 0 0 0 0 0 0 0 0 0 0 0 0 0 0 0 0 0 0 0 0 0 0 0 0 0 0 0 0 0 0 0
0 0 0 0 0 0 0 0 0 0 0 0 0 0 0 0 0 0 0 0 0 0 0 0 0 0 0 0 0 0 0 0 0 0 0 0
0 0 0 0 0 0 0 0 0 0 0 0 0 0 0 0 0 0 0 0 0 0 0 0 0 0 0 0 0 0 0 0 0 0 0 0
##$SHL_EXPANDCF11= (0..143)
0 0 0 0 0 0 0 0 0 0 0 0 0 0 0 0 0 0 0 0 0 0 0 0 0 0 0 0 0 0 0 0 0 0 0 0
0 0 0 0 0 0 0 0 0 0 0 0 0 0 0 0 0 0 0 0 0 0 0 0 0 0 0 0 0 0 0 0 0 0 0 0
0 0 0 0 0 0 0 0 0 0 0 0 0 0 0 0 0 0 0 0 0 0 0 0 0 0 0 0 0 0 0 0 0 0 0 0
0 0 0 0 0 0 0 0 0 0 0 0 0 0 0 0 0 0 0 0 0 0 0 0 0 0 0 0 0 0 0 0 0 0 0 0
##$SHL_EXPANDCF12= (0..143)
0 0 0 0 0 0 0 0 0 0 0 0 0 0 0 0 0 0 0 0 0 0 0 0 0 0 0 0 0 0 0 0 0 0 0 0
0 0 0 0 0 0 0 0 0 0 0 0 0 0 0 0 0 0 0 0 0 0 0 0 0 0 0 0 0 0 0 0 0 0 0 0
0 0 0 0 0 0 0 0 0 0 0 0 0 0 0 0 0 0 0 0 0 0 0 0 0 0 0 0 0 0 0 0 0 0 0 0
0 0 0 0 0 0 0 0 0 0 0 0 0 0 0 0 0 0 0 0 0 0 0 0 0 0 0 0 0 0 0 0 0 0 0 0
##$SHL_EXPANDCF13= (0..143)
0 0 0 0 0 0 0 0 0 0 0 0 0 0 0 0 0 0 0 0 0 0 0 0 0 0 0 0 0 0 0 0 0 0 0 0
0 0 0 0 0 0 0 0 0 0 0 0 0 0 0 0 0 0 0 0 0 0 0 0 0 0 0 0 0 0 0 0 0 0 0 0
0 0 0 0 0 0 0 0 0 0 0 0 0 0 0 0 0 0 0 0 0 0 0 0 0 0 0 0 0 0 0 0 0 0 0 0
0 0 0 0 0 0 0 0 0 0 0 0 0 0 0 0 0 0 0 0 0 0 0 0 0 0 0 0 0 0 0 0 0 0 0 0
##$SHL_EXPANDCF14= (0..143)
0 0 0 0 0 0 0 0 0 0 0 0 0 0 0 0 0 0 0 0 0 0 0 0 0 0 0 0 0 0 0 0 0 0 0 0
0 0 0 0 0 0 0 0 0 0 0 0 0 0 0 0 0 0 0 0 0 0 0 0 0 0 0 0 0 0 0 0 0 0 0 0
0 0 0 0 0 0 0 0 0 0 0 0 0 0 0 0 0 0 0 0 0 0 0 0 0 0 0 0 0 0 0 0 0 0 0 0
0 0 0 0 0 0 0 0 0 0 0 0 0 0 0 0 0 0 0 0 0 0 0 0 0 0 0 0 0 0 0 0 0 0 0 0
##$SHL_EXPANDCF15= (0..143)
0 0 0 0 0 0 0 0 0 0 0 0 0 0 0 0 0 0 0 0 0 0 0 0 0 0 0 0 0 0 0 0 0 0 0 0
0 0 0 0 0 0 0 0 0 0 0 0 0 0 0 0 0 0 0 0 0 0 0 0 0 0 0 0 0 0 0 0 0 0 0 0
0 0 0 0 0 0 0 0 0 0 0 0 0 0 0 0 0 0 0 0 0 0 0 0 0 0 0 0 0 0 0 0 0 0 0 0
0 0 0 0 0 0 0 0 0 0 0 0 0 0 0 0 0 0 0 0 0 0 0 0 0 0 0 0 0 0 0 0 0 0 0 0
##$SHL_EXPANDCF2= (0..143)
0 0 0 0 0 0 0 0 0 0 0 0 0 0 0 0 0 0 0 0 0 0 0 0 0 0 0 0 0 0 0 0 0 0 0 0
0 0 0 0 0 0 0 0 0 0 0 0 0 0 0 0 0 0 0 0 0 0 0 0 0 0 0 0 0 0 0 0 0 0 0 0
0 0 0 0 0 0 0 0 0 0 0 0 0 0 0 0 0 0 0 0 0 0 0 0 0 0 0 0 0 0 0 0 0 0 0 0
0 0 0 0 0 0 0 0 0 0 0 0 0 0 0 0 0 0 0 0 0 0 0 0 0 0 0 0 0 0 0 0 0 0 0 0
##$SHL_EXPANDCF3= (0..143)
0 0 0 0 0 0 0 0 0 0 0 0 0 0 0 0 0 0 0 0 0 0 0 0 0 0 0 0 0 0 0 0 0 0 0 0
0 0 0 0 0 0 0 0 0 0 0 0 0 0 0 0 0 0 0 0 0 0 0 0 0 0 0 0 0 0 0 0 0 0 0 0
0 0 0 0 0 0 0 0 0 0 0 0 0 0 0 0 0 0 0 0 0 0 0 0 0 0 0 0 0 0 0 0 0 0 0 0
0 0 0 0 0 0 0 0 0 0 0 0 0 0 0 0 0 0 0 0 0 0 0 0 0 0 0 0 0 0 0 0 0 0 0 0
##$SHL_EXPANDCF4= (0..143)
0 0 0 0 0 0 0 0 0 0 0 0 0 0 0 0 0 0 0 0 0 0 0 0 0 0 0 0 0 0 0 0 0 0 0 0
0 0 0 0 0 0 0 0 0 0 0 0 0 0 0 0 0 0 0 0 0 0 0 0 0 0 0 0 0 0 0 0 0 0 0 0
0 0 0 0 0 0 0 0 0 0 0 0 0 0 0 0 0 0 0 0 0 0 0 0 0 0 0 0 0 0 0 0 0 0 0 0
0 0 0 0 0 0 0 0 0 0 0 0 0 0 0 0 0 0 0 0 0 0 0 0 0 0 0 0 0 0 0 0 0 0 0 0
##$SHL_EXPANDCF5= (0..143)
0 0 0 0 0 0 0 0 0 0 0 0 0 0 0 0 0 0 0 0 0 0 0 0 0 0 0 0 0 0 0 0 0 0 0 0
0 0 0 0 0 0 0 0 0 0 0 0 0 0 0 0 0 0 0 0 0 0 0 0 0 0 0 0 0 0 0 0 0 0 0 0
0 0 0 0 0 0 0 0 0 0 0 0 0 0 0 0 0 0 0 0 0 0 0 0 0 0 0 0 0 0 0 0 0 0 0 0
0 0 0 0 0 0 0 0 0 0 0 0 0 0 0 0 0 0 0 0 0 0 0 0 0 0 0 0 0 0 0 0 0 0 0 0
##$SHL_EXPANDCF6= (0..143)
0 0 0 0 0 0 0 0 0 0 0 0 0 0 0 0 0 0 0 0 0 0 0 0 0 0 0 0 0 0 0 0 0 0 0 0
0 0 0 0 0 0 0 0 0 0 0 0 0 0 0 0 0 0 0 0 0 0 0 0 0 0 0 0 0 0 0 0 0 0 0 0
0 0 0 0 0 0 0 0 0 0 0 0 0 0 0 0 0 0 0 0 0 0 0 0 0 0 0 0 0 0 0 0 0 0 0 0
0 0 0 0 0 0 0 0 0 0 0 0 0 0 0 0 0 0 0 0 0 0 0 0 0 0 0 0 0 0 0 0 0 0 0 0
##$SHL_EXPANDCF7= (0..143)
0 0 0 0 0 0 0 0 0 0 0 0 0 0 0 0 0 0 0 0 0 0 0 0 0 0 0 0 0 0 0 0 0 0 0 0
0 0 0 0 0 0 0 0 0 0 0 0 0 0 0 0 0 0 0 0 0 0 0 0 0 0 0 0 0 0 0 0 0 0 0 0
0 0 0 0 0 0 0 0 0 0 0 0 0 0 0 0 0 0 0 0 0 0 0 0 0 0 0 0 0 0 0 0 0 0 0 0
0 0 0 0 0 0 0 0 0 0 0 0 0 0 0 0 0 0 0 0 0 0 0 0 0 0 0 0 0 0 0 0 0 0 0 0
##$SHL_EXPANDCF8= (0..143)
0 0 0 0 0 0 0 0 0 0 0 0 0 0 0 0 0 0 0 0 0 0 0 0 0 0 0 0 0 0 0 0 0 0 0 0
0 0 0 0 0 0 0 0 0 0 0 0 0 0 0 0 0 0 0 0 0 0 0 0 0 0 0 0 0 0 0 0 0 0 0 0
0 0 0 0 0 0 0 0 0 0 0 0 0 0 0 0 0 0 0 0 0 0 0 0 0 0 0 0 0 0 0 0 0 0 0 0
0 0 0 0 0 0 0 0 0 0 0 0 0 0 0 0 0 0 0 0 0 0 0 0 0 0 0 0 0 0 0 0 0 0 0 0
##$SHL_EXPANDCF9= (0..143)
0 0 0 0 0 0 0 0 0 0 0 0 0 0 0 0 0 0 0 0 0 0 0 0 0 0 0 0 0 0 0 0 0 0 0 0
0 0 0 0 0 0 0 0 0 0 0 0 0 0 0 0 0 0 0 0 0 0 0 0 0 0 0 0 0 0 0 0 0 0 0 0
0 0 0 0 0 0 0 0 0 0 0 0 0 0 0 0 0 0 0 0 0 0 0 0 0 0 0 0 0 0 0 0 0 0 0 0
0 0 0 0 0 0 0 0 0 0 0 0 0 0 0 0 0 0 0 0 0 0 0 0 0 0 0 0 0 0 0 0 0 0 0 0
##$SHL_EXPFAC= (0..15)
0 0 0 0 0 0 0 0 0 0 0 0 0 0 0 0
##$SHL_FRACEND= (0..15)
0 0 0 0 0 0 0 0 0 0 0 0 0 0 0 0
##$SHL_FRACORG= (0..15)
0 0 0 0 0 0 0 0 0 0 0 0 0 0 0 0
##$SHL_FRACSTART= (0..15)
0 0 0 0 0 0 0 0 0 0 0 0 0 0 0 0
##$SHL_FULLHALF= (0..15)
0 0 0 0 0 0 0 0 0 0 0 0 0 0 0 0
##$SHL_FUNCAMP= (0..15)
100 0 0 0 0 0 0 0 0 0 0 0 0 0 0 0
##$SHL_FUNCTION= (0..15)
<Rectangle> <> <> <> <> <> <> <> <> <> <> <> <> <> <> <>
##$SHL_GCO= (0..15)
<> <> <> <> <> <> <> <> <> <> <> <> <> <> <> <>
##$SHL_GCOCOEFFS0= (0..59)
0 0 0 0 0 0 0 0 0 0 0 0 0 0 0 0 0 0 0 0 0 0 0 0 0 0 0 0 0 0 0 0 0 0 0 0
0 0 0 0 0 0 0 0 0 0 0 0 0 0 0 0 0 0 0 0 0 0 0 0
##$SHL_GCOCOEFFS1= (0..59)
0 0 0 0 0 0 0 0 0 0 0 0 0 0 0 0 0 0 0 0 0 0 0 0 0 0 0 0 0 0 0 0 0 0 0 0
0 0 0 0 0 0 0 0 0 0 0 0 0 0 0 0 0 0 0 0 0 0 0 0
##$SHL_GCOCOEFFS10= (0..59)
0 0 0 0 0 0 0 0 0 0 0 0 0 0 0 0 0 0 0 0 0 0 0 0 0 0 0 0 0 0 0 0 0 0 0 0
0 0 0 0 0 0 0 0 0 0 0 0 0 0 0 0 0 0 0 0 0 0 0 0
##$SHL_GCOCOEFFS11= (0..59)
0 0 0 0 0 0 0 0 0 0 0 0 0 0 0 0 0 0 0 0 0 0 0 0 0 0 0 0 0 0 0 0 0 0 0 0
0 0 0 0 0 0 0 0 0 0 0 0 0 0 0 0 0 0 0 0 0 0 0 0
##$SHL_GCOCOEFFS12= (0..59)
0 0 0 0 0 0 0 0 0 0 0 0 0 0 0 0 0 0 0 0 0 0 0 0 0 0 0 0 0 0 0 0 0 0 0 0
0 0 0 0 0 0 0 0 0 0 0 0 0 0 0 0 0 0 0 0 0 0 0 0
##$SHL_GCOCOEFFS13= (0..59)
0 0 0 0 0 0 0 0 0 0 0 0 0 0 0 0 0 0 0 0 0 0 0 0 0 0 0 0 0 0 0 0 0 0 0 0
0 0 0 0 0 0 0 0 0 0 0 0 0 0 0 0 0 0 0 0 0 0 0 0
##$SHL_GCOCOEFFS14= (0..59)
0 0 0 0 0 0 0 0 0 0 0 0 0 0 0 0 0 0 0 0 0 0 0 0 0 0 0 0 0 0 0 0 0 0 0 0
0 0 0 0 0 0 0 0 0 0 0 0 0 0 0 0 0 0 0 0 0 0 0 0
##$SHL_GCOCOEFFS15= (0..59)
0 0 0 0 0 0 0 0 0 0 0 0 0 0 0 0 0 0 0 0 0 0 0 0 0 0 0 0 0 0 0 0 0 0 0 0
0 0 0 0 0 0 0 0 0 0 0 0 0 0 0 0 0 0 0 0 0 0 0 0
##$SHL_GCOCOEFFS2= (0..59)
0 0 0 0 0 0 0 0 0 0 0 0 0 0 0 0 0 0 0 0 0 0 0 0 0 0 0 0 0 0 0 0 0 0 0 0
0 0 0 0 0 0 0 0 0 0 0 0 0 0 0 0 0 0 0 0 0 0 0 0
##$SHL_GCOCOEFFS3= (0..59)
0 0 0 0 0 0 0 0 0 0 0 0 0 0 0 0 0 0 0 0 0 0 0 0 0 0 0 0 0 0 0 0 0 0 0 0
0 0 0 0 0 0 0 0 0 0 0 0 0 0 0 0 0 0 0 0 0 0 0 0
##$SHL_GCOCOEFFS4= (0..59)
0 0 0 0 0 0 0 0 0 0 0 0 0 0 0 0 0 0 0 0 0 0 0 0 0 0 0 0 0 0 0 0 0 0 0 0
0 0 0 0 0 0 0 0 0 0 0 0 0 0 0 0 0 0 0 0 0 0 0 0
##$SHL_GCOCOEFFS5= (0..59)
0 0 0 0 0 0 0 0 0 0 0 0 0 0 0 0 0 0 0 0 0 0 0 0 0 0 0 0 0 0 0 0 0 0 0 0
0 0 0 0 0 0 0 0 0 0 0 0 0 0 0 0 0 0 0 0 0 0 0 0
##$SHL_GCOCOEFFS6= (0..59)
0 0 0 0 0 0 0 0 0 0 0 0 0 0 0 0 0 0 0 0 0 0 0 0 0 0 0 0 0 0 0 0 0 0 0 0
0 0 0 0 0 0 0 0 0 0 0 0 0 0 0 0 0 0 0 0 0 0 0 0
##$SHL_GCOCOEFFS7= (0..59)
0 0 0 0 0 0 0 0 0 0 0 0 0 0 0 0 0 0 0 0 0 0 0 0 0 0 0 0 0 0 0 0 0 0 0 0
0 0 0 0 0 0 0 0 0 0 0 0 0 0 0 0 0 0 0 0 0 0 0 0
##$SHL_GCOCOEFFS8= (0..59)
0 0 0 0 0 0 0 0 0 0 0 0 0 0 0 0 0 0 0 0 0 0 0 0 0 0 0 0 0 0 0 0 0 0 0 0
0 0 0 0 0 0 0 0 0 0 0 0 0 0 0 0 0 0 0 0 0 0 0 0
##$SHL_GCOCOEFFS9= (0..59)
0 0 0 0 0 0 0 0 0 0 0 0 0 0 0 0 0 0 0 0 0 0 0 0 0 0 0 0 0 0 0 0 0 0 0 0
0 0 0 0 0 0 0 0 0 0 0 0 0 0 0 0 0 0 0 0 0 0 0 0
##$SHL_INTEGFAC= (0..15)
1 0 0 0 0 0 0 0 0 0 0 0 0 0 0 0
##$SHL_LB= (0..15)
0 0 0 0 0 0 0 0 0 0 0 0 0 0 0 0
##$SHL_LEFTLIMIT= (0..15)
0 0 0 0 0 0 0 0 0 0 0 0 0 0 0 0
##$SHL_LENGTH= (0..15)
25000.000373 0 0 0 0 0 0 0 0 0 0 0 0 0 0 0
##$SHL_MAN= (0..15)
<> <> <> <> <> <> <> <> <> <> <> <> <> <> <> <>
##$SHL_MEANAMP= (0..15)
0 0 0 0 0 0 0 0 0 0 0 0 0 0 0 0
##$SHL_MODAMP= (0..15)
0 0 0 0 0 0 0 0 0 0 0 0 0 0 0 0
##$SHL_MODE= (0..15)
0 0 0 0 0 0 0 0 0 0 0 0 0 0 0 0
##$SHL_MODFREQ= (0..15)
0 0 0 0 0 0 0 0 0 0 0 0 0 0 0 0
##$SHL_MODPHASE= (0..15)
0 0 0 0 0 0 0 0 0 0 0 0 0 0 0 0
##$SHL_MODSCALE= (0..15)
0 0 0 0 0 0 0 0 0 0 0 0 0 0 0 0
##$SHL_MODSW= (0..15)
0 0 0 0 0 0 0 0 0 0 0 0 0 0 0 0
##$SHL_MODSWDIR= (0..15)
-1 -1 -1 -1 -1 -1 -1 -1 -1 -1 -1 -1 -1 -1 -1 -1
##$SHL_MU= (0..15)
0 0 0 0 0 0 0 0 0 0 0 0 0 0 0 0
##$SHL_NPOINTS= (0..15)
1250 0 0 0 0 0 0 0 0 0 0 0 0 0 0 0
##$SHL_OFFS= (0..15)
<> <> <> <> <> <> <> <> <> <> <> <> <> <> <> <>
##$SHL_OFFSCOEFF0= (0..95)
0 0 0 0 0 0 0 0 0 0 0 0 0 0 0 0 0 0 0 0 0 0 0 0 0 0 0 0 0 0 0 0 0 0 0 0
0 0 0 0 0 0 0 0 0 0 0 0 0 0 0 0 0 0 0 0 0 0 0 0 0 0 0 0 0 0 0 0 0 0 0 0
0 0 0 0 0 0 0 0 0 0 0 0 0 0 0 0 0 0 0 0 0 0 0 0
##$SHL_OFFSCOEFF1= (0..95)
0 0 0 0 0 0 0 0 0 0 0 0 0 0 0 0 0 0 0 0 0 0 0 0 0 0 0 0 0 0 0 0 0 0 0 0
0 0 0 0 0 0 0 0 0 0 0 0 0 0 0 0 0 0 0 0 0 0 0 0 0 0 0 0 0 0 0 0 0 0 0 0
0 0 0 0 0 0 0 0 0 0 0 0 0 0 0 0 0 0 0 0 0 0 0 0
##$SHL_OFFSCOEFF10= (0..95)
0 0 0 0 0 0 0 0 0 0 0 0 0 0 0 0 0 0 0 0 0 0 0 0 0 0 0 0 0 0 0 0 0 0 0 0
0 0 0 0 0 0 0 0 0 0 0 0 0 0 0 0 0 0 0 0 0 0 0 0 0 0 0 0 0 0 0 0 0 0 0 0
0 0 0 0 0 0 0 0 0 0 0 0 0 0 0 0 0 0 0 0 0 0 0 0
##$SHL_OFFSCOEFF11= (0..95)
0 0 0 0 0 0 0 0 0 0 0 0 0 0 0 0 0 0 0 0 0 0 0 0 0 0 0 0 0 0 0 0 0 0 0 0
0 0 0 0 0 0 0 0 0 0 0 0 0 0 0 0 0 0 0 0 0 0 0 0 0 0 0 0 0 0 0 0 0 0 0 0
0 0 0 0 0 0 0 0 0 0 0 0 0 0 0 0 0 0 0 0 0 0 0 0
##$SHL_OFFSCOEFF12= (0..95)
0 0 0 0 0 0 0 0 0 0 0 0 0 0 0 0 0 0 0 0 0 0 0 0 0 0 0 0 0 0 0 0 0 0 0 0
0 0 0 0 0 0 0 0 0 0 0 0 0 0 0 0 0 0 0 0 0 0 0 0 0 0 0 0 0 0 0 0 0 0 0 0
0 0 0 0 0 0 0 0 0 0 0 0 0 0 0 0 0 0 0 0 0 0 0 0
##$SHL_OFFSCOEFF13= (0..95)
0 0 0 0 0 0 0 0 0 0 0 0 0 0 0 0 0 0 0 0 0 0 0 0 0 0 0 0 0 0 0 0 0 0 0 0
0 0 0 0 0 0 0 0 0 0 0 0 0 0 0 0 0 0 0 0 0 0 0 0 0 0 0 0 0 0 0 0 0 0 0 0
0 0 0 0 0 0 0 0 0 0 0 0 0 0 0 0 0 0 0 0 0 0 0 0
##$SHL_OFFSCOEFF14= (0..95)
0 0 0 0 0 0 0 0 0 0 0 0 0 0 0 0 0 0 0 0 0 0 0 0 0 0 0 0 0 0 0 0 0 0 0 0
0 0 0 0 0 0 0 0 0 0 0 0 0 0 0 0 0 0 0 0 0 0 0 0 0 0 0 0 0 0 0 0 0 0 0 0
0 0 0 0 0 0 0 0 0 0 0 0 0 0 0 0 0 0 0 0 0 0 0 0
##$SHL_OFFSCOEFF15= (0..95)
0 0 0 0 0 0 0 0 0 0 0 0 0 0 0 0 0 0 0 0 0 0 0 0 0 0 0 0 0 0 0 0 0 0 0 0
0 0 0 0 0 0 0 0 0 0 0 0 0 0 0 0 0 0 0 0 0 0 0 0 0 0 0 0 0 0 0 0 0 0 0 0
0 0 0 0 0 0 0 0 0 0 0 0 0 0 0 0 0 0 0 0 0 0 0 0
##$SHL_OFFSCOEFF2= (0..95)
0 0 0 0 0 0 0 0 0 0 0 0 0 0 0 0 0 0 0 0 0 0 0 0 0 0 0 0 0 0 0 0 0 0 0 0
0 0 0 0 0 0 0 0 0 0 0 0 0 0 0 0 0 0 0 0 0 0 0 0 0 0 0 0 0 0 0 0 0 0 0 0
0 0 0 0 0 0 0 0 0 0 0 0 0 0 0 0 0 0 0 0 0 0 0 0
##$SHL_OFFSCOEFF3= (0..95)
0 0 0 0 0 0 0 0 0 0 0 0 0 0 0 0 0 0 0 0 0 0 0 0 0 0 0 0 0 0 0 0 0 0 0 0
0 0 0 0 0 0 0 0 0 0 0 0 0 0 0 0 0 0 0 0 0 0 0 0 0 0 0 0 0 0 0 0 0 0 0 0
0 0 0 0 0 0 0 0 0 0 0 0 0 0 0 0 0 0 0 0 0 0 0 0
##$SHL_OFFSCOEFF4= (0..95)
0 0 0 0 0 0 0 0 0 0 0 0 0 0 0 0 0 0 0 0 0 0 0 0 0 0 0 0 0 0 0 0 0 0 0 0
0 0 0 0 0 0 0 0 0 0 0 0 0 0 0 0 0 0 0 0 0 0 0 0 0 0 0 0 0 0 0 0 0 0 0 0
0 0 0 0 0 0 0 0 0 0 0 0 0 0 0 0 0 0 0 0 0 0 0 0
##$SHL_OFFSCOEFF5= (0..95)
0 0 0 0 0 0 0 0 0 0 0 0 0 0 0 0 0 0 0 0 0 0 0 0 0 0 0 0 0 0 0 0 0 0 0 0
0 0 0 0 0 0 0 0 0 0 0 0 0 0 0 0 0 0 0 0 0 0 0 0 0 0 0 0 0 0 0 0 0 0 0 0
0 0 0 0 0 0 0 0 0 0 0 0 0 0 0 0 0 0 0 0 0 0 0 0
##$SHL_OFFSCOEFF6= (0..95)
0 0 0 0 0 0 0 0 0 0 0 0 0 0 0 0 0 0 0 0 0 0 0 0 0 0 0 0 0 0 0 0 0 0 0 0
0 0 0 0 0 0 0 0 0 0 0 0 0 0 0 0 0 0 0 0 0 0 0 0 0 0 0 0 0 0 0 0 0 0 0 0
0 0 0 0 0 0 0 0 0 0 0 0 0 0 0 0 0 0 0 0 0 0 0 0
##$SHL_OFFSCOEFF7= (0..95)
0 0 0 0 0 0 0 0 0 0 0 0 0 0 0 0 0 0 0 0 0 0 0 0 0 0 0 0 0 0 0 0 0 0 0 0
0 0 0 0 0 0 0 0 0 0 0 0 0 0 0 0 0 0 0 0 0 0 0 0 0 0 0 0 0 0 0 0 0 0 0 0
0 0 0 0 0 0 0 0 0 0 0 0 0 0 0 0 0 0 0 0 0 0 0 0
##$SHL_OFFSCOEFF8= (0..95)
0 0 0 0 0 0 0 0 0 0 0 0 0 0 0 0 0 0 0 0 0 0 0 0 0 0 0 0 0 0 0 0 0 0 0 0
0 0 0 0 0 0 0 0 0 0 0 0 0 0 0 0 0 0 0 0 0 0 0 0 0 0 0 0 0 0 0 0 0 0 0 0
0 0 0 0 0 0 0 0 0 0 0 0 0 0 0 0 0 0 0 0 0 0 0 0
##$SHL_OFFSCOEFF9= (0..95)
0 0 0 0 0 0 0 0 0 0 0 0 0 0 0 0 0 0 0 0 0 0 0 0 0 0 0 0 0 0 0 0 0 0 0 0
0 0 0 0 0 0 0 0 0 0 0 0 0 0 0 0 0 0 0 0 0 0 0 0 0 0 0 0 0 0 0 0 0 0 0 0
0 0 0 0 0 0 0 0 0 0 0 0 0 0 0 0 0 0 0 0 0 0 0 0
##$SHL_PHASE= (0..15)
0 0 0 0 0 0 0 0 0 0 0 0 0 0 0 0
##$SHL_PHASEFAC= (0..15)
0 0 0 0 0 0 0 0 0 0 0 0 0 0 0 0
##$SHL_POWERINDEX= (0..15)
0 0 0 0 0 0 0 0 0 0 0 0 0 0 0 0
##$SHL_QUADCOEFF= (0..15)
0 0 0 0 0 0 0 0 0 0 0 0 0 0 0 0
##$SHL_RIGHTLIMIT= (0..15)
0 0 0 0 0 0 0 0 0 0 0 0 0 0 0 0
##$SHL_SCALEFACTOR= (0..15)
1 1 1 1 1 1 1 1 1 1 1 1 1 1 1 1
##$SHL_SF= (0..15)
<> <> <> <> <> <> <> <> <> <> <> <> <> <> <> <>
##$SHL_SFCOEFFS0= (0..200)
0 0 0 0 0 0 0 0 0 0 0 0 0 0 0 0 0 0 0 0 0 0 0 0 0 0 0 0 0 0 0 0 0 0 0 0
0 0 0 0 0 0 0 0 0 0 0 0 0 0 0 0 0 0 0 0 0 0 0 0 0 0 0 0 0 0 0 0 0 0 0 0
0 0 0 0 0 0 0 0 0 0 0 0 0 0 0 0 0 0 0 0 0 0 0 0 0 0 0 0 0 0 0 0 0 0 0 0
0 0 0 0 0 0 0 0 0 0 0 0 0 0 0 0 0 0 0 0 0 0 0 0 0 0 0 0 0 0 0 0 0 0 0 0
0 0 0 0 0 0 0 0 0 0 0 0 0 0 0 0 0 0 0 0 0 0 0 0 0 0 0 0 0 0 0 0 0 0 0 0
0 0 0 0 0 0 0 0 0 0 0 0 0 0 0 0 0 0 0 0 0
##$SHL_SFCOEFFS1= (0..200)
0 0 0 0 0 0 0 0 0 0 0 0 0 0 0 0 0 0 0 0 0 0 0 0 0 0 0 0 0 0 0 0 0 0 0 0
0 0 0 0 0 0 0 0 0 0 0 0 0 0 0 0 0 0 0 0 0 0 0 0 0 0 0 0 0 0 0 0 0 0 0 0
0 0 0 0 0 0 0 0 0 0 0 0 0 0 0 0 0 0 0 0 0 0 0 0 0 0 0 0 0 0 0 0 0 0 0 0
0 0 0 0 0 0 0 0 0 0 0 0 0 0 0 0 0 0 0 0 0 0 0 0 0 0 0 0 0 0 0 0 0 0 0 0
0 0 0 0 0 0 0 0 0 0 0 0 0 0 0 0 0 0 0 0 0 0 0 0 0 0 0 0 0 0 0 0 0 0 0 0
0 0 0 0 0 0 0 0 0 0 0 0 0 0 0 0 0 0 0 0 0
##$SHL_SFCOEFFS10= (0..200)
0 0 0 0 0 0 0 0 0 0 0 0 0 0 0 0 0 0 0 0 0 0 0 0 0 0 0 0 0 0 0 0 0 0 0 0
0 0 0 0 0 0 0 0 0 0 0 0 0 0 0 0 0 0 0 0 0 0 0 0 0 0 0 0 0 0 0 0 0 0 0 0
0 0 0 0 0 0 0 0 0 0 0 0 0 0 0 0 0 0 0 0 0 0 0 0 0 0 0 0 0 0 0 0 0 0 0 0
0 0 0 0 0 0 0 0 0 0 0 0 0 0 0 0 0 0 0 0 0 0 0 0 0 0 0 0 0 0 0 0 0 0 0 0
0 0 0 0 0 0 0 0 0 0 0 0 0 0 0 0 0 0 0 0 0 0 0 0 0 0 0 0 0 0 0 0 0 0 0 0
0 0 0 0 0 0 0 0 0 0 0 0 0 0 0 0 0 0 0 0 0
##$SHL_SFCOEFFS11= (0..200)
0 0 0 0 0 0 0 0 0 0 0 0 0 0 0 0 0 0 0 0 0 0 0 0 0 0 0 0 0 0 0 0 0 0 0 0
0 0 0 0 0 0 0 0 0 0 0 0 0 0 0 0 0 0 0 0 0 0 0 0 0 0 0 0 0 0 0 0 0 0 0 0
0 0 0 0 0 0 0 0 0 0 0 0 0 0 0 0 0 0 0 0 0 0 0 0 0 0 0 0 0 0 0 0 0 0 0 0
0 0 0 0 0 0 0 0 0 0 0 0 0 0 0 0 0 0 0 0 0 0 0 0 0 0 0 0 0 0 0 0 0 0 0 0
0 0 0 0 0 0 0 0 0 0 0 0 0 0 0 0 0 0 0 0 0 0 0 0 0 0 0 0 0 0 0 0 0 0 0 0
0 0 0 0 0 0 0 0 0 0 0 0 0 0 0 0 0 0 0 0 0
##$SHL_SFCOEFFS12= (0..200)
0 0 0 0 0 0 0 0 0 0 0 0 0 0 0 0 0 0 0 0 0 0 0 0 0 0 0 0 0 0 0 0 0 0 0 0
0 0 0 0 0 0 0 0 0 0 0 0 0 0 0 0 0 0 0 0 0 0 0 0 0 0 0 0 0 0 0 0 0 0 0 0
0 0 0 0 0 0 0 0 0 0 0 0 0 0 0 0 0 0 0 0 0 0 0 0 0 0 0 0 0 0 0 0 0 0 0 0
0 0 0 0 0 0 0 0 0 0 0 0 0 0 0 0 0 0 0 0 0 0 0 0 0 0 0 0 0 0 0 0 0 0 0 0
0 0 0 0 0 0 0 0 0 0 0 0 0 0 0 0 0 0 0 0 0 0 0 0 0 0 0 0 0 0 0 0 0 0 0 0
0 0 0 0 0 0 0 0 0 0 0 0 0 0 0 0 0 0 0 0 0
##$SHL_SFCOEFFS13= (0..200)
0 0 0 0 0 0 0 0 0 0 0 0 0 0 0 0 0 0 0 0 0 0 0 0 0 0 0 0 0 0 0 0 0 0 0 0
0 0 0 0 0 0 0 0 0 0 0 0 0 0 0 0 0 0 0 0 0 0 0 0 0 0 0 0 0 0 0 0 0 0 0 0
0 0 0 0 0 0 0 0 0 0 0 0 0 0 0 0 0 0 0 0 0 0 0 0 0 0 0 0 0 0 0 0 0 0 0 0
0 0 0 0 0 0 0 0 0 0 0 0 0 0 0 0 0 0 0 0 0 0 0 0 0 0 0 0 0 0 0 0 0 0 0 0
0 0 0 0 0 0 0 0 0 0 0 0 0 0 0 0 0 0 0 0 0 0 0 0 0 0 0 0 0 0 0 0 0 0 0 0
0 0 0 0 0 0 0 0 0 0 0 0 0 0 0 0 0 0 0 0 0
##$SHL_SFCOEFFS14= (0..200)
0 0 0 0 0 0 0 0 0 0 0 0 0 0 0 0 0 0 0 0 0 0 0 0 0 0 0 0 0 0 0 0 0 0 0 0
0 0 0 0 0 0 0 0 0 0 0 0 0 0 0 0 0 0 0 0 0 0 0 0 0 0 0 0 0 0 0 0 0 0 0 0
0 0 0 0 0 0 0 0 0 0 0 0 0 0 0 0 0 0 0 0 0 0 0 0 0 0 0 0 0 0 0 0 0 0 0 0
0 0 0 0 0 0 0 0 0 0 0 0 0 0 0 0 0 0 0 0 0 0 0 0 0 0 0 0 0 0 0 0 0 0 0 0
0 0 0 0 0 0 0 0 0 0 0 0 0 0 0 0 0 0 0 0 0 0 0 0 0 0 0 0 0 0 0 0 0 0 0 0
0 0 0 0 0 0 0 0 0 0 0 0 0 0 0 0 0 0 0 0 0
##$SHL_SFCOEFFS15= (0..200)
0 0 0 0 0 0 0 0 0 0 0 0 0 0 0 0 0 0 0 0 0 0 0 0 0 0 0 0 0 0 0 0 0 0 0 0
0 0 0 0 0 0 0 0 0 0 0 0 0 0 0 0 0 0 0 0 0 0 0 0 0 0 0 0 0 0 0 0 0 0 0 0
0 0 0 0 0 0 0 0 0 0 0 0 0 0 0 0 0 0 0 0 0 0 0 0 0 0 0 0 0 0 0 0 0 0 0 0
0 0 0 0 0 0 0 0 0 0 0 0 0 0 0 0 0 0 0 0 0 0 0 0 0 0 0 0 0 0 0 0 0 0 0 0
0 0 0 0 0 0 0 0 0 0 0 0 0 0 0 0 0 0 0 0 0 0 0 0 0 0 0 0 0 0 0 0 0 0 0 0
0 0 0 0 0 0 0 0 0 0 0 0 0 0 0 0 0 0 0 0 0
##$SHL_SFCOEFFS2= (0..200)
0 0 0 0 0 0 0 0 0 0 0 0 0 0 0 0 0 0 0 0 0 0 0 0 0 0 0 0 0 0 0 0 0 0 0 0
0 0 0 0 0 0 0 0 0 0 0 0 0 0 0 0 0 0 0 0 0 0 0 0 0 0 0 0 0 0 0 0 0 0 0 0
0 0 0 0 0 0 0 0 0 0 0 0 0 0 0 0 0 0 0 0 0 0 0 0 0 0 0 0 0 0 0 0 0 0 0 0
0 0 0 0 0 0 0 0 0 0 0 0 0 0 0 0 0 0 0 0 0 0 0 0 0 0 0 0 0 0 0 0 0 0 0 0
0 0 0 0 0 0 0 0 0 0 0 0 0 0 0 0 0 0 0 0 0 0 0 0 0 0 0 0 0 0 0 0 0 0 0 0
0 0 0 0 0 0 0 0 0 0 0 0 0 0 0 0 0 0 0 0 0
##$SHL_SFCOEFFS3= (0..200)
0 0 0 0 0 0 0 0 0 0 0 0 0 0 0 0 0 0 0 0 0 0 0 0 0 0 0 0 0 0 0 0 0 0 0 0
0 0 0 0 0 0 0 0 0 0 0 0 0 0 0 0 0 0 0 0 0 0 0 0 0 0 0 0 0 0 0 0 0 0 0 0
0 0 0 0 0 0 0 0 0 0 0 0 0 0 0 0 0 0 0 0 0 0 0 0 0 0 0 0 0 0 0 0 0 0 0 0
0 0 0 0 0 0 0 0 0 0 0 0 0 0 0 0 0 0 0 0 0 0 0 0 0 0 0 0 0 0 0 0 0 0 0 0
0 0 0 0 0 0 0 0 0 0 0 0 0 0 0 0 0 0 0 0 0 0 0 0 0 0 0 0 0 0 0 0 0 0 0 0
0 0 0 0 0 0 0 0 0 0 0 0 0 0 0 0 0 0 0 0 0
##$SHL_SFCOEFFS4= (0..200)
0 0 0 0 0 0 0 0 0 0 0 0 0 0 0 0 0 0 0 0 0 0 0 0 0 0 0 0 0 0 0 0 0 0 0 0
0 0 0 0 0 0 0 0 0 0 0 0 0 0 0 0 0 0 0 0 0 0 0 0 0 0 0 0 0 0 0 0 0 0 0 0
0 0 0 0 0 0 0 0 0 0 0 0 0 0 0 0 0 0 0 0 0 0 0 0 0 0 0 0 0 0 0 0 0 0 0 0
0 0 0 0 0 0 0 0 0 0 0 0 0 0 0 0 0 0 0 0 0 0 0 0 0 0 0 0 0 0 0 0 0 0 0 0
0 0 0 0 0 0 0 0 0 0 0 0 0 0 0 0 0 0 0 0 0 0 0 0 0 0 0 0 0 0 0 0 0 0 0 0
0 0 0 0 0 0 0 0 0 0 0 0 0 0 0 0 0 0 0 0 0
##$SHL_SFCOEFFS5= (0..200)
0 0 0 0 0 0 0 0 0 0 0 0 0 0 0 0 0 0 0 0 0 0 0 0 0 0 0 0 0 0 0 0 0 0 0 0
0 0 0 0 0 0 0 0 0 0 0 0 0 0 0 0 0 0 0 0 0 0 0 0 0 0 0 0 0 0 0 0 0 0 0 0
0 0 0 0 0 0 0 0 0 0 0 0 0 0 0 0 0 0 0 0 0 0 0 0 0 0 0 0 0 0 0 0 0 0 0 0
0 0 0 0 0 0 0 0 0 0 0 0 0 0 0 0 0 0 0 0 0 0 0 0 0 0 0 0 0 0 0 0 0 0 0 0
0 0 0 0 0 0 0 0 0 0 0 0 0 0 0 0 0 0 0 0 0 0 0 0 0 0 0 0 0 0 0 0 0 0 0 0
0 0 0 0 0 0 0 0 0 0 0 0 0 0 0 0 0 0 0 0 0
##$SHL_SFCOEFFS6= (0..200)
0 0 0 0 0 0 0 0 0 0 0 0 0 0 0 0 0 0 0 0 0 0 0 0 0 0 0 0 0 0 0 0 0 0 0 0
0 0 0 0 0 0 0 0 0 0 0 0 0 0 0 0 0 0 0 0 0 0 0 0 0 0 0 0 0 0 0 0 0 0 0 0
0 0 0 0 0 0 0 0 0 0 0 0 0 0 0 0 0 0 0 0 0 0 0 0 0 0 0 0 0 0 0 0 0 0 0 0
0 0 0 0 0 0 0 0 0 0 0 0 0 0 0 0 0 0 0 0 0 0 0 0 0 0 0 0 0 0 0 0 0 0 0 0
0 0 0 0 0 0 0 0 0 0 0 0 0 0 0 0 0 0 0 0 0 0 0 0 0 0 0 0 0 0 0 0 0 0 0 0
0 0 0 0 0 0 0 0 0 0 0 0 0 0 0 0 0 0 0 0 0
##$SHL_SFCOEFFS7= (0..200)
0 0 0 0 0 0 0 0 0 0 0 0 0 0 0 0 0 0 0 0 0 0 0 0 0 0 0 0 0 0 0 0 0 0 0 0
0 0 0 0 0 0 0 0 0 0 0 0 0 0 0 0 0 0 0 0 0 0 0 0 0 0 0 0 0 0 0 0 0 0 0 0
0 0 0 0 0 0 0 0 0 0 0 0 0 0 0 0 0 0 0 0 0 0 0 0 0 0 0 0 0 0 0 0 0 0 0 0
0 0 0 0 0 0 0 0 0 0 0 0 0 0 0 0 0 0 0 0 0 0 0 0 0 0 0 0 0 0 0 0 0 0 0 0
0 0 0 0 0 0 0 0 0 0 0 0 0 0 0 0 0 0 0 0 0 0 0 0 0 0 0 0 0 0 0 0 0 0 0 0
0 0 0 0 0 0 0 0 0 0 0 0 0 0 0 0 0 0 0 0 0
##$SHL_SFCOEFFS8= (0..200)
0 0 0 0 0 0 0 0 0 0 0 0 0 0 0 0 0 0 0 0 0 0 0 0 0 0 0 0 0 0 0 0 0 0 0 0
0 0 0 0 0 0 0 0 0 0 0 0 0 0 0 0 0 0 0 0 0 0 0 0 0 0 0 0 0 0 0 0 0 0 0 0
0 0 0 0 0 0 0 0 0 0 0 0 0 0 0 0 0 0 0 0 0 0 0 0 0 0 0 0 0 0 0 0 0 0 0 0
0 0 0 0 0 0 0 0 0 0 0 0 0 0 0 0 0 0 0 0 0 0 0 0 0 0 0 0 0 0 0 0 0 0 0 0
0 0 0 0 0 0 0 0 0 0 0 0 0 0 0 0 0 0 0 0 0 0 0 0 0 0 0 0 0 0 0 0 0 0 0 0
0 0 0 0 0 0 0 0 0 0 0 0 0 0 0 0 0 0 0 0 0
##$SHL_SFCOEFFS9= (0..200)
0 0 0 0 0 0 0 0 0 0 0 0 0 0 0 0 0 0 0 0 0 0 0 0 0 0 0 0 0 0 0 0 0 0 0 0
0 0 0 0 0 0 0 0 0 0 0 0 0 0 0 0 0 0 0 0 0 0 0 0 0 0 0 0 0 0 0 0 0 0 0 0
0 0 0 0 0 0 0 0 0 0 0 0 0 0 0 0 0 0 0 0 0 0 0 0 0 0 0 0 0 0 0 0 0 0 0 0
0 0 0 0 0 0 0 0 0 0 0 0 0 0 0 0 0 0 0 0 0 0 0 0 0 0 0 0 0 0 0 0 0 0 0 0
0 0 0 0 0 0 0 0 0 0 0 0 0 0 0 0 0 0 0 0 0 0 0 0 0 0 0 0 0 0 0 0 0 0 0 0
0 0 0 0 0 0 0 0 0 0 0 0 0 0 0 0 0 0 0 0 0
##$SHL_SMOOTHED= (0..15)
0 0 0 0 0 0 0 0 0 0 0 0 0 0 0 0
##$SHL_SMOOTHING= (0..15)
0 0 0 0 0 0 0 0 0 0 0 0 0 0 0 0
##$SHL_SPOAL= (0..15)
0 0 0 0 0 0 0 0 0 0 0 0 0 0 0 0
##$SHL_SPOFFS= (0..15)
0 0 0 0 0 0 0 0 0 0 0 0 0 0 0 0
##$SHL_SPOPH= (0..15)
0 0 0 0 0 0 0 0 0 0 0 0 0 0 0 0
##$SHL_STARTAMP= (0..15)
0 0 0 0 0 0 0 0 0 0 0 0 0 0 0 0
##$SHL_SW= (0..15)
0 0 0 0 0 0 0 0 0 0 0 0 0 0 0 0
##$SHL_SWDIR= (0..15)
-1 -1 -1 -1 -1 -1 -1 -1 -1 -1 -1 -1 -1 -1 -1 -1
##$SHL_TANKAPPA= (0..15)
0 0 0 0 0 0 0 0 0 0 0 0 0 0 0 0
##$SHL_TOTROT= (0..15)
90 0 0 0 0 0 0 0 0 0 0 0 0 0 0 0
##$SHL_TRUNCLEV= (0..15)
0 0 0 0 0 0 0 0 0 0 0 0 0 0 0 0
##$SHL_TYPE= (0..15)
<Excitation> <> <> <> <> <> <> <> <> <> <> <> <> <> <> <>
##$SHL_WINDOWSIZE= (0..15)
0 0 0 0 0 0 0 0 0 0 0 0 0 0 0 0
##$SHL_ZETA= (0..15)
0 0 0 0 0 0 0 0 0 0 0 0 0 0 0 0
##NPOINTS= 1250
##XYPOINTS= (XY..XY)
50.880831, 135.247084
51.208852, 137.037477
51.539764, 138.802136
51.872544, 140.541296
52.206192, 142.255235
52.539731, 143.944271
52.872203, 145.608755
53.202677, 147.249068
53.530247, 148.865614
53.854032, 150.458816
54.173175, 152.029112
54.486849, 153.576953
54.794249, 155.102795
55.094602, 156.607103
55.387156, 158.090342
55.671188, 159.552977
55.946002, 160.995472
56.210927, 162.418287
56.465318, 163.821874
56.708556, 165.206680
56.940045, 166.573144
57.159217, 167.921695
57.365525, 169.252750
57.558450, 170.566716
57.737493, 171.863990
57.902181, 173.144955
58.052061, 174.409979
58.186705, 175.659422
58.305706, 176.893625
58.408680, 178.112920
58.495261, 179.317622
58.565106, 180.508033
58.617895, 181.684441
58.653323, 182.847120
58.671109, 183.996329
58.670990, 185.132314
58.652721, 186.255304
58.616079, 187.365517
58.560856, 188.463154
58.486865, 189.548402
58.393935, 190.621435
58.281915, 191.682410
58.150669, 192.731471
58.000080, 193.768746
57.830047, 194.794349
57.640487, 195.808378
57.431332, 196.810917
57.202531, 197.802031
56.954049, 198.781774
56.685868, 199.750179
56.397985, 200.707264
56.090413, 201.653031
55.763179, 202.587462
55.416328, 203.510522
55.049918, 204.422157
54.664023, 205.322291
54.258733, 206.210831
53.834152, 207.087659
53.390398, 207.952634
52.927606, 208.805594
52.445925, 209.646347
51.945518, 210.474677
51.426564, 211.290339
50.889257, 212.093056
50.333804, 212.882518
49.760431, 213.658379
49.169376, 214.420258
48.560893, 215.167728
47.935252, 215.900322
47.292740, 216.617521
46.633660, 217.318756
45.958330, 218.003399
45.267087, 218.670761
44.560284, 219.320081
43.838296, 219.950527
43.101513, 220.561182
42.350349, 221.151036
41.585235, 221.718979
40.806628, 222.263791
40.015008, 222.784126
39.210879, 223.278498
38.394776, 223.745269
37.567260, 224.182628
36.728926, 224.588571
35.880407, 224.960879
35.022371, 225.297089
34.155532, 225.594465
33.280652, 225.849961
32.398548, 226.060186
31.510097, 226.221354
30.616246, 226.329234
29.718019, 226.379093
28.816532, 226.365625
27.913003, 226.282880
27.008768, 226.124180
26.105303, 225.882020
25.204238, 225.547974
24.307392, 225.112580
23.416796, 224.565231
22.534731, 223.894065
21.663769, 223.085867
20.806818, 222.126000
19.967175, 220.998393
19.148583, 219.685613
18.355292, 218.169079
17.592113, 216.429482
16.864477, 214.447502
16.178457, 212.204911
15.540773, 209.686167
14.958727, 206.880549
14.440072, 203.784797
13.992771, 200.406054
13.624637, 196.764686
13.342874, 192.896282
13.153533, 188.852045
13.060977, 184.696894
13.067447, 180.505094
13.172822, 176.353986
13.374632, 172.317041
13.668324, 168.457760
14.047717, 164.825576
14.505540, 161.454242
15.033962, 158.362451
15.625056, 155.555974
16.271130, 153.030518
16.964964, 150.774658
17.699931, 148.772420
18.470048, 147.005356
19.269977, 145.454073
20.094990, 144.099289
20.940915, 142.922510
21.804082, 141.906421
22.681256, 141.035079
23.569589, 140.293980
24.466562, 139.670030
25.369942, 139.151475
26.277743, 138.727801
27.188189, 138.389627
28.099687, 138.128586
29.010799, 137.937224
29.920223, 137.808895
30.826776, 137.737668
31.729373, 137.718248
32.627022, 137.745896
33.518806, 137.816371
34.403879, 137.925862
35.281453, 138.070947
36.150796, 138.248541
37.011223, 138.455861
37.862093, 138.690390
38.702804, 138.949846
39.532788, 139.232158
40.351511, 139.535441
41.158468, 139.857977
41.953181, 140.198194
42.735197, 140.554655
43.504089, 140.926042
44.259449, 141.311141
45.000892, 141.708835
45.728052, 142.118093
46.440581, 142.537961
47.138152, 142.967555
47.820452, 143.406054
48.487185, 143.852694
49.138072, 144.306762
49.772850, 144.767592
50.391270, 145.234559
50.993099, 145.707080
51.578116, 146.184602
52.146117, 146.666608
52.696910, 147.152606
53.230318, 147.642134
53.746178, 148.134751
54.244337, 148.630039
54.724660, 149.127599
55.187022, 149.627050
55.631311, 150.128028
56.057431, 150.630183
56.465295, 151.133180
56.854831, 151.636693
57.225979, 152.140410
57.578693, 152.644029
57.912938, 153.147254
58.228692, 153.649800
58.525948, 154.151388
58.804708, 154.651747
59.064988, 155.150608
59.306818, 155.647712
59.530240, 156.142799
59.735306, 156.635618
59.922084, 157.125918
60.090652, 157.613451
60.241104, 158.097973
60.373541, 158.579239
60.488083, 159.057009
60.584857, 159.531040
60.664006, 160.001093
60.725684, 160.466927
60.770058, 160.928301
60.797308, 161.384976
60.807625, 161.836709
60.801214, 162.283258
60.778293, 162.724380
60.739090, 163.159829
60.683848, 163.589359
60.612821, 164.012721
60.526277, 164.429664
60.424494, 164.839936
60.307764, 165.243282
60.176393, 165.639445
60.030695, 166.028164
59.871001, 166.409177
59.697651, 166.782221
59.511000, 167.147027
59.311411, 167.503326
59.099264, 167.850846
58.874948, 168.189313
58.638864, 168.518451
58.391426, 168.837982
58.133060, 169.147627
57.864202, 169.447104
57.585302, 169.736133
57.296818, 170.014430
56.999222, 170.281715
56.692995, 170.537705
56.378631, 170.782122
56.056633, 171.014685
55.727514, 171.235121
55.391797, 171.443157
55.050017, 171.638526
54.702714, 171.820967
54.350441, 171.990225
53.993757, 172.146053
53.633230, 172.288215
53.269434, 172.416484
52.902950, 172.530647
52.534367, 172.630505
52.164278, 172.715873
51.793279, 172.786588
51.421972, 172.842503
51.050962, 172.883495
50.680852, 172.909465
50.312251, 172.920340
49.945763, 172.916078
49.581993, 172.896664
49.221541, 172.862120
48.865004, 172.812504
48.512972, 172.747909
48.166028, 172.668472
47.824745, 172.574371
47.489686, 172.465830
47.161400, 172.343120
46.840422, 172.206559
46.527270, 172.056517
46.222444, 171.893414
45.926423, 171.717725
45.639665, 171.529976
45.362600, 171.330746
45.095635, 171.120669
44.839146, 170.900430
44.593482, 170.670765
44.358956, 170.432463
44.135850, 170.186357
43.924410, 169.933328
43.724844, 169.674297
43.537324, 169.410226
43.361980, 169.142109
43.198906, 168.870974
43.048151, 168.597870
42.909726, 168.323870
42.783599, 168.050062
42.669697, 167.777542
42.567905, 167.507411
42.478070, 167.240769
42.399995, 166.978710
42.333448, 166.722313
42.278156, 166.472640
42.233812, 166.230732
42.200072, 165.997601
42.176560, 165.774227
42.162868, 165.561555
42.158562, 165.360489
42.163175, 165.171895
42.176220, 164.996588
42.197187, 164.835341
42.225542, 164.688877
42.260737, 164.557870
42.302207, 164.442942
42.349373, 164.344668
42.401647, 164.263572
42.458429, 164.200129
42.519116, 164.154764
42.583098, 164.127860
42.649763, 164.119751
42.718500, 164.130729
42.788696, 164.161045
42.859744, 164.210913
42.931040, 164.280509
43.001986, 164.369975
43.071991, 164.479423
43.140475, 164.608933
43.206865, 164.758564
43.270600, 164.928346
43.331132, 165.118292
43.387924, 165.328394
43.440454, 165.558628
43.488213, 165.808956
43.530708, 166.079330
43.567463, 166.369691
43.598015, 166.679974
43.621919, 167.010106
43.638748, 167.360014
43.648092, 167.729620
43.649556, 168.118850
43.642767, 168.527629
43.627368, 168.955887
43.603021, 169.403558
43.569404, 169.870582
43.526218, 170.356910
43.473181, 170.862497
43.410028, 171.387314
43.336516, 171.931340
43.252420, 172.494568
43.157534, 173.077005
43.051673, 173.678674
42.934670, 174.299614
42.806376, 174.939881
42.666667, 175.599551
42.515433, 176.278719
42.352588, 176.977500
42.178064, 177.696034
41.991814, 178.434483
41.793812, 179.193032
41.584052, 179.971894
41.362549, 180.771308
41.129339, 181.591544
40.884480, 182.432897
40.628050, 183.295699
40.360152, 184.180311
40.080908, 185.087131
39.790466, 186.016590
39.488996, 186.969160
39.176691, 187.945351
38.853769, 188.945713
38.520473, 189.970842
38.177073, 191.021377
37.823864, 192.098005
37.461168, 193.201459
37.089335, 194.332528
36.708746, 195.492048
36.319809, 196.680913
35.922967, 197.900072
35.518692, 199.150532
35.107491, 200.433357
34.689905, 201.749673
34.266514, 203.100666
33.837932, 204.487582
33.404817, 205.911727
32.967864, 207.374467
32.527813, 208.877222
32.085448, 210.421468
31.641600, 212.008726
31.197146, 213.640560
30.753014, 215.318569
30.310183, 217.044372
29.869684, 218.819598
29.432602, 220.645869
29.000074, 222.524782
28.573293, 224.457880
28.153506, 226.446635
27.742014, 228.492405
27.340165, 230.596406
26.949360, 232.759670
26.571040, 234.982998
26.206687, 237.266916
25.857812, 239.611617
25.525950, 242.016918
25.212648, 244.482197
24.919452, 247.006346
24.647891, 249.587722
24.399467, 252.224110
24.175630, 254.912685
23.977763, 257.649999
23.807164, 260.431977
23.665020, 263.253935
23.552392, 266.110610
23.470197, 268.996223
23.419189, 271.904553
23.399943, 274.829028
23.412849, 277.762840
23.458103, 280.699063
23.535700, 283.630778
23.645441, 286.551201
23.786933, 289.453797
23.959603, 292.332395
24.162704, 295.181278
24.395337, 297.995255
24.656462, 300.769721
24.944919, 303.500684
25.259450, 306.184785
25.598713, 308.819291
25.961300, 311.402075
26.345761, 313.931584
26.750611, 316.406800
27.174354, 318.827189
27.615485, 321.192651
28.072510, 323.503465
28.543949, 325.760236
29.028347, 327.963846
29.524277, 330.115406
30.030350, 332.216210
30.545210, 334.267696
31.067544, 336.271410
31.596080, 338.228979
32.129589, 340.142079
32.666883, 342.012414
33.206819, 343.841698
33.748293, 345.631638
34.290245, 347.383923
34.831651, 349.100210
35.371528, 350.782118
35.908930, 352.431223
36.442945, 354.049053
36.972698, 355.637081
37.497344, 357.196728
38.016071, 358.729359
38.528096, 0.236283
39.032666, 1.718756
39.529054, 3.177977
40.016560, 4.615092
40.494508, 6.031195
40.962248, 7.427330
41.419152, 8.804493
41.864614, 10.163632
42.298048, 11.505653
42.718892, 12.831416
43.126599, 14.141744
43.520646, 15.437419
43.900524, 16.719187
44.265745, 17.987762
44.615837, 19.243822
44.950345, 20.488016
45.268830, 21.720966
45.570870, 22.943263
45.856058, 24.155476
46.124002, 25.358149
46.374326, 26.551803
46.606668, 27.736939
46.820681, 28.914040
47.016032, 30.083568
47.192402, 31.245972
47.349486, 32.401684
47.486993, 33.551121
47.604645, 34.694690
47.702180, 35.832784
47.779345, 36.965786
47.835903, 38.094071
47.871632, 39.218005
47.886319, 40.337947
47.879767, 41.454250
47.851791, 42.567262
47.802220, 43.677327
47.730894, 44.784789
47.637668, 45.889986
47.522408, 46.993259
47.384996, 48.094948
47.225324, 49.195398
47.043298, 50.294954
46.838837, 51.393968
46.611873, 52.492797
46.362351, 53.591807
46.090228, 54.691372
45.795478, 55.791878
45.478083, 56.893725
45.138043, 57.997327
44.775368, 59.103116
44.390083, 60.211544
43.982226, 61.323085
43.551852, 62.438241
43.099025, 63.557542
42.623826, 64.681551
42.126352, 65.810868
41.606712, 66.946138
41.065032, 68.088051
40.501453, 69.237351
39.916131, 70.394846
39.309240, 71.561411
38.680971, 72.737999
38.031533, 73.925653
37.361152, 75.125518
36.670077, 76.338854
35.958576, 77.567053
35.226939, 78.811659
34.475481, 80.074391
33.704543, 81.357169
32.914495, 82.662146
32.105738, 83.991745
31.278707, 85.348706
30.433878, 86.736137
29.571768, 88.157582
28.692950, 89.617095
27.798049, 91.119343
26.887763, 92.669715
25.962867, 94.274471
25.024233, 95.940918
24.072845, 97.677631
23.109826, 99.494727
22.136470, 101.404216
21.154279, 103.420430
20.165017, 105.560576
19.170778, 107.845430
18.174080, 110.300212
17.177981, 112.955684
16.186243, 115.849504
15.203550, 119.027851
14.235797, 122.547280
13.290471, 126.476598
12.377153, 130.898270
11.508128, 135.908225
10.699080, 141.611926
9.969717, 148.113075
9.343985, 155.490212
8.849265, 163.758136
8.513802, 172.820025
8.362028, 182.433713
8.408871, 192.227950
8.655694, 201.783859
9.090350, 210.744477
9.691238, 218.888184
10.432838, 226.136230
11.290167, 232.514988
12.241238, 238.108412
13.267848, 243.021507
14.355413, 247.358872
15.492429, 251.214688
16.669852, 254.669487
17.880549, 257.790272
19.118847, 260.632040
20.380184, 263.239676
21.660846, 265.649781
22.957764, 267.892262
24.268368, 269.991648
25.590474, 271.968156
26.922200, 273.838540
28.261902, 275.616760
29.608125, 277.314517
30.959564, 278.941671
32.315037, 280.506582
33.673462, 282.016373
35.033836, 283.477143
36.395226, 284.894144
37.756754, 286.271918
39.117587, 287.614409
40.476934, 288.925060
41.834037, 290.206886
43.188167, 291.462541
44.538619, 292.694365
45.884711, 293.904432
47.225780, 295.094586
48.561179, 296.266472
49.890277, 297.421559
51.212457, 298.561168
52.527113, 299.686484
53.833652, 300.798580
55.131491, 301.898422
56.420057, 302.986890
57.698786, 304.064780
58.967124, 305.132819
60.224523, 306.191670
61.470447, 307.241940
62.704365, 308.284185
63.925755, 309.318916
65.134102, 310.346602
66.328899, 311.367677
67.509648, 312.382540
68.675855, 313.391562
69.827038, 314.395085
70.962718, 315.393427
72.082427, 316.386885
73.185702, 317.375734
74.272090, 318.360229
75.341145, 319.340612
76.392427, 320.317106
77.425507, 321.289921
78.439960, 322.259254
79.435374, 323.225290
80.411341, 324.188202
81.367464, 325.148154
82.303352, 326.105301
83.218624, 327.059789
84.112909, 328.011754
84.985841, 328.961327
85.837068, 329.908632
86.666241, 330.853786
87.473025, 331.796901
88.257093, 332.738081
89.018125, 333.677429
89.755814, 334.615041
90.469859, 335.551008
91.159971, 336.485418
91.825871, 337.418356
92.467289, 338.349903
93.083964, 339.280136
93.675647, 340.209129
94.242098, 341.136955
94.783088, 342.063683
95.298396, 342.989379
95.787816, 343.914109
96.251147, 344.837934
96.688204, 345.760917
97.098808, 346.683116
97.482793, 347.604588
97.840005, 348.525390
98.170298, 349.445576
98.473538, 350.365199
98.749603, 351.284313
98.998381, 352.202968
99.219772, 353.121216
99.413685, 354.039105
99.580042, 354.956685
99.718776, 355.874005
99.829831, 356.791113
99.913162, 357.708055
99.968734, 358.624880
99.996526, 359.541634
99.996526, 0.458366
99.968734, 1.375120
99.913162, 2.291945
99.829831, 3.208887
99.718776, 4.125995
99.580042, 5.043315
99.413685, 5.960895
99.219772, 6.878784
98.998381, 7.797032
98.749603, 8.715687
98.473538, 9.634801
98.170298, 10.554424
97.840005, 11.474610
97.482793, 12.395412
97.098808, 13.316884
96.688204, 14.239083
96.251147, 15.162066
95.787816, 16.085891
95.298396, 17.010621
94.783088, 17.936317
94.242098, 18.863045
93.675647, 19.790871
93.083964, 20.719864
92.467289, 21.650097
91.825871, 22.581644
91.159971, 23.514582
90.469859, 24.448992
89.755814, 25.384959
89.018125, 26.322571
88.257093, 27.261919
87.473025, 28.203099
86.666241, 29.146214
85.837068, 30.091368
84.985841, 31.038673
84.112909, 31.988246
83.218624, 32.940211
82.303352, 33.894699
81.367464, 34.851846
80.411341, 35.811798
79.435374, 36.774710
78.439960, 37.740746
77.425507, 38.710079
76.392427, 39.682894
75.341145, 40.659388
74.272090, 41.639771
73.185702, 42.624266
72.082427, 43.613115
70.962718, 44.606573
69.827038, 45.604915
68.675855, 46.608438
67.509648, 47.617460
66.328899, 48.632323
65.134102, 49.653398
63.925755, 50.681084
62.704365, 51.715815
61.470447, 52.758060
60.224523, 53.808330
58.967124, 54.867181
57.698786, 55.935220
56.420057, 57.013110
55.131491, 58.101578
53.833652, 59.201420
52.527113, 60.313516
51.212457, 61.438832
49.890277, 62.578441
48.561179, 63.733528
47.225780, 64.905414
45.884711, 66.095568
44.538619, 67.305635
43.188167, 68.537459
41.834037, 69.793114
40.476934, 71.074940
39.117587, 72.385591
37.756754, 73.728082
36.395226, 75.105856
35.033836, 76.522857
33.673462, 77.983627
32.315037, 79.493418
30.959564, 81.058329
29.608125, 82.685483
28.261902, 84.383240
26.922200, 86.161460
25.590474, 88.031844
24.268368, 90.008352
22.957764, 92.107738
21.660846, 94.350219
20.380184, 96.760324
19.118847, 99.367960
17.880549, 102.209728
16.669852, 105.330513
15.492429, 108.785312
14.355413, 112.641128
13.267848, 116.978493
12.241238, 121.891588
11.290167, 127.485012
10.432838, 133.863770
9.691238, 141.111816
9.090350, 149.255523
8.655694, 158.216141
8.408871, 167.772050
8.362028, 177.566287
8.513802, 187.179975
8.849265, 196.241864
9.343985, 204.509788
9.969717, 211.886925
10.699080, 218.388074
11.508128, 224.091775
12.377153, 229.101730
13.290471, 233.523402
14.235797, 237.452720
15.203550, 240.972149
16.186243, 244.150496
17.177981, 247.044316
18.174080, 249.699788
19.170778, 252.154570
20.165017, 254.439424
21.154279, 256.579570
22.136470, 258.595784
23.109826, 260.505273
24.072845, 262.322369
25.024233, 264.059082
25.962867, 265.725529
26.887763, 267.330285
27.798049, 268.880657
28.692950, 270.382905
29.571768, 271.842418
30.433878, 273.263863
31.278707, 274.651294
32.105738, 276.008255
32.914495, 277.337854
33.704543, 278.642831
34.475481, 279.925609
35.226939, 281.188341
35.958576, 282.432947
36.670077, 283.661146
37.361152, 284.874482
38.031533, 286.074347
38.680971, 287.262001
39.309240, 288.438589
39.916131, 289.605154
40.501453, 290.762649
41.065032, 291.911949
41.606712, 293.053862
42.126352, 294.189132
42.623826, 295.318449
43.099025, 296.442458
43.551852, 297.561759
43.982226, 298.676915
44.390083, 299.788456
44.775368, 300.896884
45.138043, 302.002673
45.478083, 303.106275
45.795478, 304.208122
46.090228, 305.308628
46.362351, 306.408193
46.611873, 307.507203
46.838837, 308.606032
47.043298, 309.705046
47.225324, 310.804602
47.384996, 311.905052
47.522408, 313.006741
47.637668, 314.110014
47.730894, 315.215211
47.802220, 316.322673
47.851791, 317.432738
47.879767, 318.545750
47.886319, 319.662053
47.871632, 320.781995
47.835903, 321.905929
47.779345, 323.034214
47.702180, 324.167216
47.604645, 325.305310
47.486993, 326.448879
47.349486, 327.598316
47.192402, 328.754028
47.016032, 329.916432
46.820681, 331.085960
46.606668, 332.263061
46.374326, 333.448197
46.124002, 334.641851
45.856058, 335.844524
45.570870, 337.056737
45.268830, 338.279034
44.950345, 339.511984
44.615837, 340.756178
44.265745, 342.012238
43.900524, 343.280813
43.520646, 344.562581
43.126599, 345.858256
42.718892, 347.168584
42.298048, 348.494347
41.864614, 349.836368
41.419152, 351.195507
40.962248, 352.572670
40.494508, 353.968805
40.016560, 355.384908
39.529054, 356.822023
39.032666, 358.281244
38.528096, 359.763717
38.016071, 1.270641
37.497344, 2.803272
36.972698, 4.362919
36.442945, 5.950947
35.908930, 7.568777
35.371528, 9.217882
34.831651, 10.899790
34.290245, 12.616077
33.748293, 14.368362
33.206819, 16.158302
32.666883, 17.987586
32.129589, 19.857921
31.596080, 21.771021
31.067544, 23.728590
30.545210, 25.732304
30.030350, 27.783790
29.524277, 29.884594
29.028347, 32.036154
28.543949, 34.239764
28.072510, 36.496535
27.615485, 38.807349
27.174354, 41.172811
26.750611, 43.593200
26.345761, 46.068416
25.961300, 48.597925
25.598713, 51.180709
25.259450, 53.815215
24.944919, 56.499316
24.656462, 59.230279
24.395337, 62.004745
24.162704, 64.818722
23.959603, 67.667605
23.786933, 70.546203
23.645441, 73.448799
23.535700, 76.369222
23.458103, 79.300937
23.412849, 82.237160
23.399943, 85.170972
23.419189, 88.095447
23.470197, 91.003777
23.552392, 93.889390
23.665020, 96.746065
23.807164, 99.568023
23.977763, 102.350001
24.175630, 105.087315
24.399467, 107.775890
24.647891, 110.412278
24.919452, 112.993654
25.212648, 115.517803
25.525950, 117.983082
25.857812, 120.388383
26.206687, 122.733084
26.571040, 125.017002
26.949360, 127.240330
27.340165, 129.403594
27.742014, 131.507595
28.153506, 133.553365
28.573293, 135.542120
29.000074, 137.475218
29.432602, 139.354131
29.869684, 141.180402
30.310183, 142.955628
30.753014, 144.681431
31.197146, 146.359440
31.641600, 147.991274
32.085448, 149.578532
32.527813, 151.122778
32.967864, 152.625533
33.404817, 154.088273
33.837932, 155.512418
34.266514, 156.899334
34.689905, 158.250327
35.107491, 159.566643
35.518692, 160.849468
35.922967, 162.099928
36.319809, 163.319087
36.708746, 164.507952
37.089335, 165.667472
37.461168, 166.798541
37.823864, 167.901995
38.177073, 168.978623
38.520473, 170.029158
38.853769, 171.054287
39.176691, 172.054649
39.488996, 173.030840
39.790466, 173.983410
40.080908, 174.912869
40.360152, 175.819689
40.628050, 176.704301
40.884480, 177.567103
41.129339, 178.408456
41.362549, 179.228692
41.584052, 180.028106
41.793812, 180.806968
41.991814, 181.565517
42.178064, 182.303966
42.352588, 183.022500
42.515433, 183.721281
42.666667, 184.400449
42.806376, 185.060119
42.934670, 185.700386
43.051673, 186.321326
43.157534, 186.922995
43.252420, 187.505432
43.336516, 188.068660
43.410028, 188.612686
43.473181, 189.137503
43.526218, 189.643090
43.569404, 190.129418
43.603021, 190.596442
43.627368, 191.044113
43.642767, 191.472371
43.649556, 191.881150
43.648092, 192.270380
43.638748, 192.639986
43.621919, 192.989894
43.598015, 193.320026
43.567463, 193.630309
43.530708, 193.920670
43.488213, 194.191044
43.440454, 194.441372
43.387924, 194.671606
43.331132, 194.881708
43.270600, 195.071654
43.206865, 195.241436
43.140475, 195.391067
43.071991, 195.520577
43.001986, 195.630025
42.931040, 195.719491
42.859744, 195.789087
42.788696, 195.838955
42.718500, 195.869271
42.649763, 195.880249
42.583098, 195.872140
42.519116, 195.845236
42.458429, 195.799871
42.401647, 195.736428
42.349373, 195.655332
42.302207, 195.557058
42.260737, 195.442130
42.225542, 195.311123
42.197187, 195.164659
42.176220, 195.003412
42.163175, 194.828105
42.158562, 194.639511
42.162868, 194.438445
42.176560, 194.225773
42.200072, 194.002399
42.233812, 193.769268
42.278156, 193.527360
42.333448, 193.277687
42.399995, 193.021290
42.478070, 192.759231
42.567905, 192.492589
42.669697, 192.222458
42.783599, 191.949938
42.909726, 191.676130
43.048151, 191.402130
43.198906, 191.129026
43.361980, 190.857891
43.537324, 190.589774
43.724844, 190.325703
43.924410, 190.066672
44.135850, 189.813643
44.358956, 189.567537
44.593482, 189.329235
44.839146, 189.099570
45.095635, 188.879331
45.362600, 188.669254
45.639665, 188.470024
45.926423, 188.282275
46.222444, 188.106586
46.527270, 187.943483
46.840422, 187.793441
47.161400, 187.656880
47.489686, 187.534170
47.824745, 187.425629
48.166028, 187.331528
48.512972, 187.252091
48.865004, 187.187496
49.221541, 187.137880
49.581993, 187.103336
49.945763, 187.083922
50.312251, 187.079660
50.680852, 187.090535
51.050962, 187.116505
51.421972, 187.157497
51.793279, 187.213412
52.164278, 187.284127
52.534367, 187.369495
52.902950, 187.469353
53.269434, 187.583516
53.633230, 187.711785
53.993757, 187.853947
54.350441, 188.009775
54.702714, 188.179033
55.050017, 188.361474
55.391797, 188.556843
55.727514, 188.764879
56.056633, 188.985315
56.378631, 189.217878
56.692995, 189.462295
56.999222, 189.718285
57.296818, 189.985570
57.585302, 190.263867
57.864202, 190.552896
58.133060, 190.852373
58.391426, 191.162018
58.638864, 191.481549
58.874948, 191.810687
59.099264, 192.149154
59.311411, 192.496674
59.511000, 192.852973
59.697651, 193.217779
59.871001, 193.590823
60.030695, 193.971836
60.176393, 194.360555
60.307764, 194.756718
60.424494, 195.160064
60.526277, 195.570336
60.612821, 195.987279
60.683848, 196.410641
60.739090, 196.840171
60.778293, 197.275620
60.801214, 197.716742
60.807625, 198.163291
60.797308, 198.615024
60.770058, 199.071699
60.725684, 199.533073
60.664006, 199.998907
60.584857, 200.468960
60.488083, 200.942991
60.373541, 201.420761
60.241104, 201.902027
60.090652, 202.386549
59.922084, 202.874082
59.735306, 203.364382
59.530240, 203.857201
59.306818, 204.352288
59.064988, 204.849392
58.804708, 205.348253
58.525948, 205.848612
58.228692, 206.350200
57.912938, 206.852746
57.578693, 207.355971
57.225979, 207.859590
56.854831, 208.363307
56.465295, 208.866820
56.057431, 209.369817
55.631311, 209.871972
55.187022, 210.372950
54.724660, 210.872401
54.244337, 211.369961
53.746178, 211.865249
53.230318, 212.357866
52.696910, 212.847394
52.146117, 213.333392
51.578116, 213.815398
50.993099, 214.292920
50.391270, 214.765441
49.772850, 215.232408
49.138072, 215.693238
48.487185, 216.147306
47.820452, 216.593946
47.138152, 217.032445
46.440581, 217.462039
45.728052, 217.881907
45.000892, 218.291165
44.259449, 218.688859
43.504089, 219.073958
42.735197, 219.445345
41.953181, 219.801806
41.158468, 220.142023
40.351511, 220.464559
39.532788, 220.767842
38.702804, 221.050154
37.862093, 221.309610
37.011223, 221.544139
36.150796, 221.751459
35.281453, 221.929053
34.403879, 222.074138
33.518806, 222.183629
32.627022, 222.254104
31.729373, 222.281752
30.826776, 222.262332
29.920223, 222.191105
29.010799, 222.062776
28.099687, 221.871414
27.188189, 221.610373
26.277743, 221.272199
25.369942, 220.848525
24.466562, 220.329970
23.569589, 219.706020
22.681256, 218.964921
21.804082, 218.093579
20.940915, 217.077490
20.094990, 215.900711
19.269977, 214.545927
18.470048, 212.994644
17.699931, 211.227580
16.964964, 209.225342
16.271130, 206.969482
15.625056, 204.444026
15.033962, 201.637549
14.505540, 198.545758
14.047717, 195.174424
13.668324, 191.542240
13.374632, 187.682959
13.172822, 183.646014
13.067447, 179.494906
13.060977, 175.303106
13.153533, 171.147955
13.342874, 167.103718
13.624637, 163.235314
13.992771, 159.593946
14.440072, 156.215203
14.958727, 153.119451
15.540773, 150.313833
16.178457, 147.795089
16.864477, 145.552498
17.592113, 143.570518
18.355292, 141.830921
19.148583, 140.314387
19.967175, 139.001607
20.806818, 137.874000
21.663769, 136.914133
22.534731, 136.105935
23.416796, 135.434769
24.307392, 134.887420
25.204238, 134.452026
26.105303, 134.117980
27.008768, 133.875820
27.913003, 133.717120
28.816532, 133.634375
29.718019, 133.620907
30.616246, 133.670766
31.510097, 133.778646
32.398548, 133.939814
33.280652, 134.150039
34.155532, 134.405535
35.022371, 134.702911
35.880407, 135.039121
36.728926, 135.411429
37.567260, 135.817372
38.394776, 136.254731
39.210879, 136.721502
40.015008, 137.215874
40.806628, 137.736209
41.585235, 138.281021
42.350349, 138.848964
43.101513, 139.438818
43.838296, 140.049473
44.560284, 140.679919
45.267087, 141.329239
45.958330, 141.996601
46.633660, 142.681244
47.292740, 143.382479
47.935252, 144.099678
48.560893, 144.832272
49.169376, 145.579742
49.760431, 146.341621
50.333804, 147.117482
50.889257, 147.906944
51.426564, 148.709661
51.945518, 149.525323
52.445925, 150.353653
52.927606, 151.194406
53.390398, 152.047366
53.834152, 152.912341
54.258733, 153.789169
54.664023, 154.677709
55.049918, 155.577843
55.416328, 156.489478
55.763179, 157.412538
56.090413, 158.346969
56.397985, 159.292736
56.685868, 160.249821
56.954049, 161.218226
57.202531, 162.197969
57.431332, 163.189083
57.640487, 164.191622
57.830047, 165.205651
58.000080, 166.231254
58.150669, 167.268529
58.281915, 168.317590
58.393935, 169.378565
58.486865, 170.451598
58.560856, 171.536846
58.616079, 172.634483
58.652721, 173.744696
58.670990, 174.867686
58.671109, 176.003671
58.653323, 177.152880
58.617895, 178.315559
58.565106, 179.491967
58.495261, 180.682378
58.408680, 181.887080
58.305706, 183.106375
58.186705, 184.340578
58.052061, 185.590021
57.902181, 186.855045
57.737493, 188.136010
57.558450, 189.433284
57.365525, 190.747250
57.159217, 192.078305
56.940045, 193.426856
56.708556, 194.793320
56.465318, 196.178126
56.210927, 197.581713
55.946002, 199.004528
55.671188, 200.447023
55.387156, 201.909658
55.094602, 203.392897
54.794249, 204.897205
54.486849, 206.423047
54.173175, 207.970888
53.854032, 209.541184
53.530247, 211.134386
53.202677, 212.750932
52.872203, 214.391245
52.539731, 216.055729
52.206192, 217.744765
51.872544, 219.458704
51.539764, 221.197864
51.208852, 222.962523
50.880831, 224.752916
##END=
