##TITLE= Parameter file, TopSpin 4.3.0
##JCAMPDX= 5.0
##DATATYPE= Parameter Values
##ORIGIN= Bruker BioSpin GmbH
##OWNER= nmrsu
$$ 2024-02-05 17:42:03.758 +0000  nmrsu@4CE1161FJM
$$ C:/Bruker/TopSpin4.3.0/exp/stan/nmr/lists/wave/user/multisupp_aux_d8
$$ process C:\Bruker\TopSpin4.3.0\prog\mod\xwinshape.exe
##MINX= 100.00000000
##MAXX= 100.00000000
##MINY= 0.19393400
##MAXY= 359.80606600
##$SHAPE_ADDPHASE= 0
##$SHAPE_AMP= 100
##$SHAPE_BWFAC= 0
##$SHAPE_BWFAC50= 0
##$SHAPE_CALCBW= yes
##$SHAPE_CALCINTEG= yes
##$SHAPE_EXMODE= <Excitation>
##$SHAPE_EXPAND= <>
##$SHAPE_EXPANDCF= (0..143)
0 0 0 0 0 0 0 0 0 0 0 0 0 0 0 0 0 0 0 0 0 0 0 0 0 0 0 0 0 0 0 0 0 0 0 0
0 0 0 0 0 0 0 0 0 0 0 0 0 0 0 0 0 0 0 0 0 0 0 0 0 0 0 0 0 0 0 0 0 0 0 0
0 0 0 0 0 0 0 0 0 0 0 0 0 0 0 0 0 0 0 0 0 0 0 0 0 0 0 0 0 0 0 0 0 0 0 0
0 0 0 0 0 0 0 0 0 0 0 0 0 0 0 0 0 0 0 0 0 0 0 0 0 0 0 0 0 0 0 0 0 0 0 0
##$SHAPE_EXPFAC= 0
##$SHAPE_FRACEND= 0
##$SHAPE_FRACORG= 0
##$SHAPE_FRACSTART= 0
##$SHAPE_INTEGFAC= 0
##$SHAPE_KEEPRES= yes
##$SHAPE_LENGTH= 25000.000373
##$SHAPE_MAN= <M>
##$SHAPE_MODE= 1
##$SHAPE_MODFREQ= 0
##$SHAPE_MODPHASE= 0
##$SHAPE_MODSCALE= 0
##$SHAPE_MODSW= 0
##$SHAPE_MODSWDIR= -1
##$SHAPE_NPOINTS= 1250
##$SHAPE_OFFS= <1 1>
##$SHAPE_OFFSCOEFF= (0..95)
53.870544 0 100 0 0 0 0 0 0 0 0 0 0 0 0 0 0 0 0 0 0 0 0 0 0 0 0 0 0 0 0
0 0 0 0 0 0 0 0 0 0 0 0 0 0 0 0 0 0 0 0 0 0 0 0 0 0 0 0 0 0 0 0 0 0 0 0
0 0 0 0 0 0 0 0 0 0 0 0 0 0 0 0 0 0 0 0 0 0 0 0 0 0 0 0 0
##$SHAPE_PARAMETER= <>
##$SHAPE_REPHFAC= 0
##$SHAPE_RES= 0
##$SHAPE_SCALEFAC= 1
##$SHAPE_SCALETYPE= 0
##$SHAPE_SPOAL= 0
##$SHAPE_SPOFFS= 0
##$SHAPE_SPOPH= 0
##$SHAPE_TOTROT= 90
##$SHAPE_TYPE= <Excitation>
##$SHAPE_USER_DEF= <>
##$SHAPE_VERSION= 2.1
##$SHL_ADDPHASE= (0..15)
0 0 0 0 0 0 0 0 0 0 0 0 0 0 0 0
##$SHL_ALIGNOFFSET= (0..15)
0 0 0 0 0 0 0 0 0 0 0 0 0 0 0 0
##$SHL_AMP= (0..15)
100 0 0 0 0 0 0 0 0 0 0 0 0 0 0 0
##$SHL_AMPFAC= (0..15)
0 0 0 0 0 0 0 0 0 0 0 0 0 0 0 0
##$SHL_BETA= (0..15)
0 0 0 0 0 0 0 0 0 0 0 0 0 0 0 0
##$SHL_BWFAC= (0..15)
1.116 0 0 0 0 0 0 0 0 0 0 0 0 0 0 0
##$SHL_CALCBW= (0..15)
yes yes yes yes yes yes yes yes yes yes yes yes yes yes yes yes
##$SHL_CALCINTEG= (0..15)
yes yes yes yes yes yes yes yes yes yes yes yes yes yes yes yes
##$SHL_CENTERAMP= (0..15)
0 0 0 0 0 0 0 0 0 0 0 0 0 0 0 0
##$SHL_CYCNUM= (0..15)
0 0 0 0 0 0 0 0 0 0 0 0 0 0 0 0
##$SHL_DIPOLCPL= (0..15)
0 0 0 0 0 0 0 0 0 0 0 0 0 0 0 0
##$SHL_ENDAMP= (0..15)
0 0 0 0 0 0 0 0 0 0 0 0 0 0 0 0
##$SHL_EXMODE= (0..15)
<Excitation> <> <> <> <> <> <> <> <> <> <> <> <> <> <> <>
##$SHL_EXPAND= (0..15)
<> <> <> <> <> <> <> <> <> <> <> <> <> <> <> <>
##$SHL_EXPANDCF0= (0..143)
0 0 0 0 0 0 0 0 0 0 0 0 0 0 0 0 0 0 0 0 0 0 0 0 0 0 0 0 0 0 0 0 0 0 0 0
0 0 0 0 0 0 0 0 0 0 0 0 0 0 0 0 0 0 0 0 0 0 0 0 0 0 0 0 0 0 0 0 0 0 0 0
0 0 0 0 0 0 0 0 0 0 0 0 0 0 0 0 0 0 0 0 0 0 0 0 0 0 0 0 0 0 0 0 0 0 0 0
0 0 0 0 0 0 0 0 0 0 0 0 0 0 0 0 0 0 0 0 0 0 0 0 0 0 0 0 0 0 0 0 0 0 0 0
##$SHL_EXPANDCF1= (0..143)
0 0 0 0 0 0 0 0 0 0 0 0 0 0 0 0 0 0 0 0 0 0 0 0 0 0 0 0 0 0 0 0 0 0 0 0
0 0 0 0 0 0 0 0 0 0 0 0 0 0 0 0 0 0 0 0 0 0 0 0 0 0 0 0 0 0 0 0 0 0 0 0
0 0 0 0 0 0 0 0 0 0 0 0 0 0 0 0 0 0 0 0 0 0 0 0 0 0 0 0 0 0 0 0 0 0 0 0
0 0 0 0 0 0 0 0 0 0 0 0 0 0 0 0 0 0 0 0 0 0 0 0 0 0 0 0 0 0 0 0 0 0 0 0
##$SHL_EXPANDCF10= (0..143)
0 0 0 0 0 0 0 0 0 0 0 0 0 0 0 0 0 0 0 0 0 0 0 0 0 0 0 0 0 0 0 0 0 0 0 0
0 0 0 0 0 0 0 0 0 0 0 0 0 0 0 0 0 0 0 0 0 0 0 0 0 0 0 0 0 0 0 0 0 0 0 0
0 0 0 0 0 0 0 0 0 0 0 0 0 0 0 0 0 0 0 0 0 0 0 0 0 0 0 0 0 0 0 0 0 0 0 0
0 0 0 0 0 0 0 0 0 0 0 0 0 0 0 0 0 0 0 0 0 0 0 0 0 0 0 0 0 0 0 0 0 0 0 0
##$SHL_EXPANDCF11= (0..143)
0 0 0 0 0 0 0 0 0 0 0 0 0 0 0 0 0 0 0 0 0 0 0 0 0 0 0 0 0 0 0 0 0 0 0 0
0 0 0 0 0 0 0 0 0 0 0 0 0 0 0 0 0 0 0 0 0 0 0 0 0 0 0 0 0 0 0 0 0 0 0 0
0 0 0 0 0 0 0 0 0 0 0 0 0 0 0 0 0 0 0 0 0 0 0 0 0 0 0 0 0 0 0 0 0 0 0 0
0 0 0 0 0 0 0 0 0 0 0 0 0 0 0 0 0 0 0 0 0 0 0 0 0 0 0 0 0 0 0 0 0 0 0 0
##$SHL_EXPANDCF12= (0..143)
0 0 0 0 0 0 0 0 0 0 0 0 0 0 0 0 0 0 0 0 0 0 0 0 0 0 0 0 0 0 0 0 0 0 0 0
0 0 0 0 0 0 0 0 0 0 0 0 0 0 0 0 0 0 0 0 0 0 0 0 0 0 0 0 0 0 0 0 0 0 0 0
0 0 0 0 0 0 0 0 0 0 0 0 0 0 0 0 0 0 0 0 0 0 0 0 0 0 0 0 0 0 0 0 0 0 0 0
0 0 0 0 0 0 0 0 0 0 0 0 0 0 0 0 0 0 0 0 0 0 0 0 0 0 0 0 0 0 0 0 0 0 0 0
##$SHL_EXPANDCF13= (0..143)
0 0 0 0 0 0 0 0 0 0 0 0 0 0 0 0 0 0 0 0 0 0 0 0 0 0 0 0 0 0 0 0 0 0 0 0
0 0 0 0 0 0 0 0 0 0 0 0 0 0 0 0 0 0 0 0 0 0 0 0 0 0 0 0 0 0 0 0 0 0 0 0
0 0 0 0 0 0 0 0 0 0 0 0 0 0 0 0 0 0 0 0 0 0 0 0 0 0 0 0 0 0 0 0 0 0 0 0
0 0 0 0 0 0 0 0 0 0 0 0 0 0 0 0 0 0 0 0 0 0 0 0 0 0 0 0 0 0 0 0 0 0 0 0
##$SHL_EXPANDCF14= (0..143)
0 0 0 0 0 0 0 0 0 0 0 0 0 0 0 0 0 0 0 0 0 0 0 0 0 0 0 0 0 0 0 0 0 0 0 0
0 0 0 0 0 0 0 0 0 0 0 0 0 0 0 0 0 0 0 0 0 0 0 0 0 0 0 0 0 0 0 0 0 0 0 0
0 0 0 0 0 0 0 0 0 0 0 0 0 0 0 0 0 0 0 0 0 0 0 0 0 0 0 0 0 0 0 0 0 0 0 0
0 0 0 0 0 0 0 0 0 0 0 0 0 0 0 0 0 0 0 0 0 0 0 0 0 0 0 0 0 0 0 0 0 0 0 0
##$SHL_EXPANDCF15= (0..143)
0 0 0 0 0 0 0 0 0 0 0 0 0 0 0 0 0 0 0 0 0 0 0 0 0 0 0 0 0 0 0 0 0 0 0 0
0 0 0 0 0 0 0 0 0 0 0 0 0 0 0 0 0 0 0 0 0 0 0 0 0 0 0 0 0 0 0 0 0 0 0 0
0 0 0 0 0 0 0 0 0 0 0 0 0 0 0 0 0 0 0 0 0 0 0 0 0 0 0 0 0 0 0 0 0 0 0 0
0 0 0 0 0 0 0 0 0 0 0 0 0 0 0 0 0 0 0 0 0 0 0 0 0 0 0 0 0 0 0 0 0 0 0 0
##$SHL_EXPANDCF2= (0..143)
0 0 0 0 0 0 0 0 0 0 0 0 0 0 0 0 0 0 0 0 0 0 0 0 0 0 0 0 0 0 0 0 0 0 0 0
0 0 0 0 0 0 0 0 0 0 0 0 0 0 0 0 0 0 0 0 0 0 0 0 0 0 0 0 0 0 0 0 0 0 0 0
0 0 0 0 0 0 0 0 0 0 0 0 0 0 0 0 0 0 0 0 0 0 0 0 0 0 0 0 0 0 0 0 0 0 0 0
0 0 0 0 0 0 0 0 0 0 0 0 0 0 0 0 0 0 0 0 0 0 0 0 0 0 0 0 0 0 0 0 0 0 0 0
##$SHL_EXPANDCF3= (0..143)
0 0 0 0 0 0 0 0 0 0 0 0 0 0 0 0 0 0 0 0 0 0 0 0 0 0 0 0 0 0 0 0 0 0 0 0
0 0 0 0 0 0 0 0 0 0 0 0 0 0 0 0 0 0 0 0 0 0 0 0 0 0 0 0 0 0 0 0 0 0 0 0
0 0 0 0 0 0 0 0 0 0 0 0 0 0 0 0 0 0 0 0 0 0 0 0 0 0 0 0 0 0 0 0 0 0 0 0
0 0 0 0 0 0 0 0 0 0 0 0 0 0 0 0 0 0 0 0 0 0 0 0 0 0 0 0 0 0 0 0 0 0 0 0
##$SHL_EXPANDCF4= (0..143)
0 0 0 0 0 0 0 0 0 0 0 0 0 0 0 0 0 0 0 0 0 0 0 0 0 0 0 0 0 0 0 0 0 0 0 0
0 0 0 0 0 0 0 0 0 0 0 0 0 0 0 0 0 0 0 0 0 0 0 0 0 0 0 0 0 0 0 0 0 0 0 0
0 0 0 0 0 0 0 0 0 0 0 0 0 0 0 0 0 0 0 0 0 0 0 0 0 0 0 0 0 0 0 0 0 0 0 0
0 0 0 0 0 0 0 0 0 0 0 0 0 0 0 0 0 0 0 0 0 0 0 0 0 0 0 0 0 0 0 0 0 0 0 0
##$SHL_EXPANDCF5= (0..143)
0 0 0 0 0 0 0 0 0 0 0 0 0 0 0 0 0 0 0 0 0 0 0 0 0 0 0 0 0 0 0 0 0 0 0 0
0 0 0 0 0 0 0 0 0 0 0 0 0 0 0 0 0 0 0 0 0 0 0 0 0 0 0 0 0 0 0 0 0 0 0 0
0 0 0 0 0 0 0 0 0 0 0 0 0 0 0 0 0 0 0 0 0 0 0 0 0 0 0 0 0 0 0 0 0 0 0 0
0 0 0 0 0 0 0 0 0 0 0 0 0 0 0 0 0 0 0 0 0 0 0 0 0 0 0 0 0 0 0 0 0 0 0 0
##$SHL_EXPANDCF6= (0..143)
0 0 0 0 0 0 0 0 0 0 0 0 0 0 0 0 0 0 0 0 0 0 0 0 0 0 0 0 0 0 0 0 0 0 0 0
0 0 0 0 0 0 0 0 0 0 0 0 0 0 0 0 0 0 0 0 0 0 0 0 0 0 0 0 0 0 0 0 0 0 0 0
0 0 0 0 0 0 0 0 0 0 0 0 0 0 0 0 0 0 0 0 0 0 0 0 0 0 0 0 0 0 0 0 0 0 0 0
0 0 0 0 0 0 0 0 0 0 0 0 0 0 0 0 0 0 0 0 0 0 0 0 0 0 0 0 0 0 0 0 0 0 0 0
##$SHL_EXPANDCF7= (0..143)
0 0 0 0 0 0 0 0 0 0 0 0 0 0 0 0 0 0 0 0 0 0 0 0 0 0 0 0 0 0 0 0 0 0 0 0
0 0 0 0 0 0 0 0 0 0 0 0 0 0 0 0 0 0 0 0 0 0 0 0 0 0 0 0 0 0 0 0 0 0 0 0
0 0 0 0 0 0 0 0 0 0 0 0 0 0 0 0 0 0 0 0 0 0 0 0 0 0 0 0 0 0 0 0 0 0 0 0
0 0 0 0 0 0 0 0 0 0 0 0 0 0 0 0 0 0 0 0 0 0 0 0 0 0 0 0 0 0 0 0 0 0 0 0
##$SHL_EXPANDCF8= (0..143)
0 0 0 0 0 0 0 0 0 0 0 0 0 0 0 0 0 0 0 0 0 0 0 0 0 0 0 0 0 0 0 0 0 0 0 0
0 0 0 0 0 0 0 0 0 0 0 0 0 0 0 0 0 0 0 0 0 0 0 0 0 0 0 0 0 0 0 0 0 0 0 0
0 0 0 0 0 0 0 0 0 0 0 0 0 0 0 0 0 0 0 0 0 0 0 0 0 0 0 0 0 0 0 0 0 0 0 0
0 0 0 0 0 0 0 0 0 0 0 0 0 0 0 0 0 0 0 0 0 0 0 0 0 0 0 0 0 0 0 0 0 0 0 0
##$SHL_EXPANDCF9= (0..143)
0 0 0 0 0 0 0 0 0 0 0 0 0 0 0 0 0 0 0 0 0 0 0 0 0 0 0 0 0 0 0 0 0 0 0 0
0 0 0 0 0 0 0 0 0 0 0 0 0 0 0 0 0 0 0 0 0 0 0 0 0 0 0 0 0 0 0 0 0 0 0 0
0 0 0 0 0 0 0 0 0 0 0 0 0 0 0 0 0 0 0 0 0 0 0 0 0 0 0 0 0 0 0 0 0 0 0 0
0 0 0 0 0 0 0 0 0 0 0 0 0 0 0 0 0 0 0 0 0 0 0 0 0 0 0 0 0 0 0 0 0 0 0 0
##$SHL_EXPFAC= (0..15)
0 0 0 0 0 0 0 0 0 0 0 0 0 0 0 0
##$SHL_FRACEND= (0..15)
0 0 0 0 0 0 0 0 0 0 0 0 0 0 0 0
##$SHL_FRACORG= (0..15)
0 0 0 0 0 0 0 0 0 0 0 0 0 0 0 0
##$SHL_FRACSTART= (0..15)
0 0 0 0 0 0 0 0 0 0 0 0 0 0 0 0
##$SHL_FULLHALF= (0..15)
0 0 0 0 0 0 0 0 0 0 0 0 0 0 0 0
##$SHL_FUNCAMP= (0..15)
100 0 0 0 0 0 0 0 0 0 0 0 0 0 0 0
##$SHL_FUNCTION= (0..15)
<Rectangle> <> <> <> <> <> <> <> <> <> <> <> <> <> <> <>
##$SHL_GCO= (0..15)
<> <> <> <> <> <> <> <> <> <> <> <> <> <> <> <>
##$SHL_GCOCOEFFS0= (0..59)
0 0 0 0 0 0 0 0 0 0 0 0 0 0 0 0 0 0 0 0 0 0 0 0 0 0 0 0 0 0 0 0 0 0 0 0
0 0 0 0 0 0 0 0 0 0 0 0 0 0 0 0 0 0 0 0 0 0 0 0
##$SHL_GCOCOEFFS1= (0..59)
0 0 0 0 0 0 0 0 0 0 0 0 0 0 0 0 0 0 0 0 0 0 0 0 0 0 0 0 0 0 0 0 0 0 0 0
0 0 0 0 0 0 0 0 0 0 0 0 0 0 0 0 0 0 0 0 0 0 0 0
##$SHL_GCOCOEFFS10= (0..59)
0 0 0 0 0 0 0 0 0 0 0 0 0 0 0 0 0 0 0 0 0 0 0 0 0 0 0 0 0 0 0 0 0 0 0 0
0 0 0 0 0 0 0 0 0 0 0 0 0 0 0 0 0 0 0 0 0 0 0 0
##$SHL_GCOCOEFFS11= (0..59)
0 0 0 0 0 0 0 0 0 0 0 0 0 0 0 0 0 0 0 0 0 0 0 0 0 0 0 0 0 0 0 0 0 0 0 0
0 0 0 0 0 0 0 0 0 0 0 0 0 0 0 0 0 0 0 0 0 0 0 0
##$SHL_GCOCOEFFS12= (0..59)
0 0 0 0 0 0 0 0 0 0 0 0 0 0 0 0 0 0 0 0 0 0 0 0 0 0 0 0 0 0 0 0 0 0 0 0
0 0 0 0 0 0 0 0 0 0 0 0 0 0 0 0 0 0 0 0 0 0 0 0
##$SHL_GCOCOEFFS13= (0..59)
0 0 0 0 0 0 0 0 0 0 0 0 0 0 0 0 0 0 0 0 0 0 0 0 0 0 0 0 0 0 0 0 0 0 0 0
0 0 0 0 0 0 0 0 0 0 0 0 0 0 0 0 0 0 0 0 0 0 0 0
##$SHL_GCOCOEFFS14= (0..59)
0 0 0 0 0 0 0 0 0 0 0 0 0 0 0 0 0 0 0 0 0 0 0 0 0 0 0 0 0 0 0 0 0 0 0 0
0 0 0 0 0 0 0 0 0 0 0 0 0 0 0 0 0 0 0 0 0 0 0 0
##$SHL_GCOCOEFFS15= (0..59)
0 0 0 0 0 0 0 0 0 0 0 0 0 0 0 0 0 0 0 0 0 0 0 0 0 0 0 0 0 0 0 0 0 0 0 0
0 0 0 0 0 0 0 0 0 0 0 0 0 0 0 0 0 0 0 0 0 0 0 0
##$SHL_GCOCOEFFS2= (0..59)
0 0 0 0 0 0 0 0 0 0 0 0 0 0 0 0 0 0 0 0 0 0 0 0 0 0 0 0 0 0 0 0 0 0 0 0
0 0 0 0 0 0 0 0 0 0 0 0 0 0 0 0 0 0 0 0 0 0 0 0
##$SHL_GCOCOEFFS3= (0..59)
0 0 0 0 0 0 0 0 0 0 0 0 0 0 0 0 0 0 0 0 0 0 0 0 0 0 0 0 0 0 0 0 0 0 0 0
0 0 0 0 0 0 0 0 0 0 0 0 0 0 0 0 0 0 0 0 0 0 0 0
##$SHL_GCOCOEFFS4= (0..59)
0 0 0 0 0 0 0 0 0 0 0 0 0 0 0 0 0 0 0 0 0 0 0 0 0 0 0 0 0 0 0 0 0 0 0 0
0 0 0 0 0 0 0 0 0 0 0 0 0 0 0 0 0 0 0 0 0 0 0 0
##$SHL_GCOCOEFFS5= (0..59)
0 0 0 0 0 0 0 0 0 0 0 0 0 0 0 0 0 0 0 0 0 0 0 0 0 0 0 0 0 0 0 0 0 0 0 0
0 0 0 0 0 0 0 0 0 0 0 0 0 0 0 0 0 0 0 0 0 0 0 0
##$SHL_GCOCOEFFS6= (0..59)
0 0 0 0 0 0 0 0 0 0 0 0 0 0 0 0 0 0 0 0 0 0 0 0 0 0 0 0 0 0 0 0 0 0 0 0
0 0 0 0 0 0 0 0 0 0 0 0 0 0 0 0 0 0 0 0 0 0 0 0
##$SHL_GCOCOEFFS7= (0..59)
0 0 0 0 0 0 0 0 0 0 0 0 0 0 0 0 0 0 0 0 0 0 0 0 0 0 0 0 0 0 0 0 0 0 0 0
0 0 0 0 0 0 0 0 0 0 0 0 0 0 0 0 0 0 0 0 0 0 0 0
##$SHL_GCOCOEFFS8= (0..59)
0 0 0 0 0 0 0 0 0 0 0 0 0 0 0 0 0 0 0 0 0 0 0 0 0 0 0 0 0 0 0 0 0 0 0 0
0 0 0 0 0 0 0 0 0 0 0 0 0 0 0 0 0 0 0 0 0 0 0 0
##$SHL_GCOCOEFFS9= (0..59)
0 0 0 0 0 0 0 0 0 0 0 0 0 0 0 0 0 0 0 0 0 0 0 0 0 0 0 0 0 0 0 0 0 0 0 0
0 0 0 0 0 0 0 0 0 0 0 0 0 0 0 0 0 0 0 0 0 0 0 0
##$SHL_INTEGFAC= (0..15)
1 0 0 0 0 0 0 0 0 0 0 0 0 0 0 0
##$SHL_LB= (0..15)
0 0 0 0 0 0 0 0 0 0 0 0 0 0 0 0
##$SHL_LEFTLIMIT= (0..15)
0 0 0 0 0 0 0 0 0 0 0 0 0 0 0 0
##$SHL_LENGTH= (0..15)
25000.000373 0 0 0 0 0 0 0 0 0 0 0 0 0 0 0
##$SHL_MAN= (0..15)
<> <> <> <> <> <> <> <> <> <> <> <> <> <> <> <>
##$SHL_MEANAMP= (0..15)
0 0 0 0 0 0 0 0 0 0 0 0 0 0 0 0
##$SHL_MODAMP= (0..15)
0 0 0 0 0 0 0 0 0 0 0 0 0 0 0 0
##$SHL_MODE= (0..15)
0 0 0 0 0 0 0 0 0 0 0 0 0 0 0 0
##$SHL_MODFREQ= (0..15)
0 0 0 0 0 0 0 0 0 0 0 0 0 0 0 0
##$SHL_MODPHASE= (0..15)
0 0 0 0 0 0 0 0 0 0 0 0 0 0 0 0
##$SHL_MODSCALE= (0..15)
0 0 0 0 0 0 0 0 0 0 0 0 0 0 0 0
##$SHL_MODSW= (0..15)
0 0 0 0 0 0 0 0 0 0 0 0 0 0 0 0
##$SHL_MODSWDIR= (0..15)
-1 -1 -1 -1 -1 -1 -1 -1 -1 -1 -1 -1 -1 -1 -1 -1
##$SHL_MU= (0..15)
0 0 0 0 0 0 0 0 0 0 0 0 0 0 0 0
##$SHL_NPOINTS= (0..15)
1250 0 0 0 0 0 0 0 0 0 0 0 0 0 0 0
##$SHL_OFFS= (0..15)
<> <> <> <> <> <> <> <> <> <> <> <> <> <> <> <>
##$SHL_OFFSCOEFF0= (0..95)
0 0 0 0 0 0 0 0 0 0 0 0 0 0 0 0 0 0 0 0 0 0 0 0 0 0 0 0 0 0 0 0 0 0 0 0
0 0 0 0 0 0 0 0 0 0 0 0 0 0 0 0 0 0 0 0 0 0 0 0 0 0 0 0 0 0 0 0 0 0 0 0
0 0 0 0 0 0 0 0 0 0 0 0 0 0 0 0 0 0 0 0 0 0 0 0
##$SHL_OFFSCOEFF1= (0..95)
0 0 0 0 0 0 0 0 0 0 0 0 0 0 0 0 0 0 0 0 0 0 0 0 0 0 0 0 0 0 0 0 0 0 0 0
0 0 0 0 0 0 0 0 0 0 0 0 0 0 0 0 0 0 0 0 0 0 0 0 0 0 0 0 0 0 0 0 0 0 0 0
0 0 0 0 0 0 0 0 0 0 0 0 0 0 0 0 0 0 0 0 0 0 0 0
##$SHL_OFFSCOEFF10= (0..95)
0 0 0 0 0 0 0 0 0 0 0 0 0 0 0 0 0 0 0 0 0 0 0 0 0 0 0 0 0 0 0 0 0 0 0 0
0 0 0 0 0 0 0 0 0 0 0 0 0 0 0 0 0 0 0 0 0 0 0 0 0 0 0 0 0 0 0 0 0 0 0 0
0 0 0 0 0 0 0 0 0 0 0 0 0 0 0 0 0 0 0 0 0 0 0 0
##$SHL_OFFSCOEFF11= (0..95)
0 0 0 0 0 0 0 0 0 0 0 0 0 0 0 0 0 0 0 0 0 0 0 0 0 0 0 0 0 0 0 0 0 0 0 0
0 0 0 0 0 0 0 0 0 0 0 0 0 0 0 0 0 0 0 0 0 0 0 0 0 0 0 0 0 0 0 0 0 0 0 0
0 0 0 0 0 0 0 0 0 0 0 0 0 0 0 0 0 0 0 0 0 0 0 0
##$SHL_OFFSCOEFF12= (0..95)
0 0 0 0 0 0 0 0 0 0 0 0 0 0 0 0 0 0 0 0 0 0 0 0 0 0 0 0 0 0 0 0 0 0 0 0
0 0 0 0 0 0 0 0 0 0 0 0 0 0 0 0 0 0 0 0 0 0 0 0 0 0 0 0 0 0 0 0 0 0 0 0
0 0 0 0 0 0 0 0 0 0 0 0 0 0 0 0 0 0 0 0 0 0 0 0
##$SHL_OFFSCOEFF13= (0..95)
0 0 0 0 0 0 0 0 0 0 0 0 0 0 0 0 0 0 0 0 0 0 0 0 0 0 0 0 0 0 0 0 0 0 0 0
0 0 0 0 0 0 0 0 0 0 0 0 0 0 0 0 0 0 0 0 0 0 0 0 0 0 0 0 0 0 0 0 0 0 0 0
0 0 0 0 0 0 0 0 0 0 0 0 0 0 0 0 0 0 0 0 0 0 0 0
##$SHL_OFFSCOEFF14= (0..95)
0 0 0 0 0 0 0 0 0 0 0 0 0 0 0 0 0 0 0 0 0 0 0 0 0 0 0 0 0 0 0 0 0 0 0 0
0 0 0 0 0 0 0 0 0 0 0 0 0 0 0 0 0 0 0 0 0 0 0 0 0 0 0 0 0 0 0 0 0 0 0 0
0 0 0 0 0 0 0 0 0 0 0 0 0 0 0 0 0 0 0 0 0 0 0 0
##$SHL_OFFSCOEFF15= (0..95)
0 0 0 0 0 0 0 0 0 0 0 0 0 0 0 0 0 0 0 0 0 0 0 0 0 0 0 0 0 0 0 0 0 0 0 0
0 0 0 0 0 0 0 0 0 0 0 0 0 0 0 0 0 0 0 0 0 0 0 0 0 0 0 0 0 0 0 0 0 0 0 0
0 0 0 0 0 0 0 0 0 0 0 0 0 0 0 0 0 0 0 0 0 0 0 0
##$SHL_OFFSCOEFF2= (0..95)
0 0 0 0 0 0 0 0 0 0 0 0 0 0 0 0 0 0 0 0 0 0 0 0 0 0 0 0 0 0 0 0 0 0 0 0
0 0 0 0 0 0 0 0 0 0 0 0 0 0 0 0 0 0 0 0 0 0 0 0 0 0 0 0 0 0 0 0 0 0 0 0
0 0 0 0 0 0 0 0 0 0 0 0 0 0 0 0 0 0 0 0 0 0 0 0
##$SHL_OFFSCOEFF3= (0..95)
0 0 0 0 0 0 0 0 0 0 0 0 0 0 0 0 0 0 0 0 0 0 0 0 0 0 0 0 0 0 0 0 0 0 0 0
0 0 0 0 0 0 0 0 0 0 0 0 0 0 0 0 0 0 0 0 0 0 0 0 0 0 0 0 0 0 0 0 0 0 0 0
0 0 0 0 0 0 0 0 0 0 0 0 0 0 0 0 0 0 0 0 0 0 0 0
##$SHL_OFFSCOEFF4= (0..95)
0 0 0 0 0 0 0 0 0 0 0 0 0 0 0 0 0 0 0 0 0 0 0 0 0 0 0 0 0 0 0 0 0 0 0 0
0 0 0 0 0 0 0 0 0 0 0 0 0 0 0 0 0 0 0 0 0 0 0 0 0 0 0 0 0 0 0 0 0 0 0 0
0 0 0 0 0 0 0 0 0 0 0 0 0 0 0 0 0 0 0 0 0 0 0 0
##$SHL_OFFSCOEFF5= (0..95)
0 0 0 0 0 0 0 0 0 0 0 0 0 0 0 0 0 0 0 0 0 0 0 0 0 0 0 0 0 0 0 0 0 0 0 0
0 0 0 0 0 0 0 0 0 0 0 0 0 0 0 0 0 0 0 0 0 0 0 0 0 0 0 0 0 0 0 0 0 0 0 0
0 0 0 0 0 0 0 0 0 0 0 0 0 0 0 0 0 0 0 0 0 0 0 0
##$SHL_OFFSCOEFF6= (0..95)
0 0 0 0 0 0 0 0 0 0 0 0 0 0 0 0 0 0 0 0 0 0 0 0 0 0 0 0 0 0 0 0 0 0 0 0
0 0 0 0 0 0 0 0 0 0 0 0 0 0 0 0 0 0 0 0 0 0 0 0 0 0 0 0 0 0 0 0 0 0 0 0
0 0 0 0 0 0 0 0 0 0 0 0 0 0 0 0 0 0 0 0 0 0 0 0
##$SHL_OFFSCOEFF7= (0..95)
0 0 0 0 0 0 0 0 0 0 0 0 0 0 0 0 0 0 0 0 0 0 0 0 0 0 0 0 0 0 0 0 0 0 0 0
0 0 0 0 0 0 0 0 0 0 0 0 0 0 0 0 0 0 0 0 0 0 0 0 0 0 0 0 0 0 0 0 0 0 0 0
0 0 0 0 0 0 0 0 0 0 0 0 0 0 0 0 0 0 0 0 0 0 0 0
##$SHL_OFFSCOEFF8= (0..95)
0 0 0 0 0 0 0 0 0 0 0 0 0 0 0 0 0 0 0 0 0 0 0 0 0 0 0 0 0 0 0 0 0 0 0 0
0 0 0 0 0 0 0 0 0 0 0 0 0 0 0 0 0 0 0 0 0 0 0 0 0 0 0 0 0 0 0 0 0 0 0 0
0 0 0 0 0 0 0 0 0 0 0 0 0 0 0 0 0 0 0 0 0 0 0 0
##$SHL_OFFSCOEFF9= (0..95)
0 0 0 0 0 0 0 0 0 0 0 0 0 0 0 0 0 0 0 0 0 0 0 0 0 0 0 0 0 0 0 0 0 0 0 0
0 0 0 0 0 0 0 0 0 0 0 0 0 0 0 0 0 0 0 0 0 0 0 0 0 0 0 0 0 0 0 0 0 0 0 0
0 0 0 0 0 0 0 0 0 0 0 0 0 0 0 0 0 0 0 0 0 0 0 0
##$SHL_PHASE= (0..15)
0 0 0 0 0 0 0 0 0 0 0 0 0 0 0 0
##$SHL_PHASEFAC= (0..15)
0 0 0 0 0 0 0 0 0 0 0 0 0 0 0 0
##$SHL_POWERINDEX= (0..15)
0 0 0 0 0 0 0 0 0 0 0 0 0 0 0 0
##$SHL_QUADCOEFF= (0..15)
0 0 0 0 0 0 0 0 0 0 0 0 0 0 0 0
##$SHL_RIGHTLIMIT= (0..15)
0 0 0 0 0 0 0 0 0 0 0 0 0 0 0 0
##$SHL_SCALEFACTOR= (0..15)
1 1 1 1 1 1 1 1 1 1 1 1 1 1 1 1
##$SHL_SF= (0..15)
<> <> <> <> <> <> <> <> <> <> <> <> <> <> <> <>
##$SHL_SFCOEFFS0= (0..200)
0 0 0 0 0 0 0 0 0 0 0 0 0 0 0 0 0 0 0 0 0 0 0 0 0 0 0 0 0 0 0 0 0 0 0 0
0 0 0 0 0 0 0 0 0 0 0 0 0 0 0 0 0 0 0 0 0 0 0 0 0 0 0 0 0 0 0 0 0 0 0 0
0 0 0 0 0 0 0 0 0 0 0 0 0 0 0 0 0 0 0 0 0 0 0 0 0 0 0 0 0 0 0 0 0 0 0 0
0 0 0 0 0 0 0 0 0 0 0 0 0 0 0 0 0 0 0 0 0 0 0 0 0 0 0 0 0 0 0 0 0 0 0 0
0 0 0 0 0 0 0 0 0 0 0 0 0 0 0 0 0 0 0 0 0 0 0 0 0 0 0 0 0 0 0 0 0 0 0 0
0 0 0 0 0 0 0 0 0 0 0 0 0 0 0 0 0 0 0 0 0
##$SHL_SFCOEFFS1= (0..200)
0 0 0 0 0 0 0 0 0 0 0 0 0 0 0 0 0 0 0 0 0 0 0 0 0 0 0 0 0 0 0 0 0 0 0 0
0 0 0 0 0 0 0 0 0 0 0 0 0 0 0 0 0 0 0 0 0 0 0 0 0 0 0 0 0 0 0 0 0 0 0 0
0 0 0 0 0 0 0 0 0 0 0 0 0 0 0 0 0 0 0 0 0 0 0 0 0 0 0 0 0 0 0 0 0 0 0 0
0 0 0 0 0 0 0 0 0 0 0 0 0 0 0 0 0 0 0 0 0 0 0 0 0 0 0 0 0 0 0 0 0 0 0 0
0 0 0 0 0 0 0 0 0 0 0 0 0 0 0 0 0 0 0 0 0 0 0 0 0 0 0 0 0 0 0 0 0 0 0 0
0 0 0 0 0 0 0 0 0 0 0 0 0 0 0 0 0 0 0 0 0
##$SHL_SFCOEFFS10= (0..200)
0 0 0 0 0 0 0 0 0 0 0 0 0 0 0 0 0 0 0 0 0 0 0 0 0 0 0 0 0 0 0 0 0 0 0 0
0 0 0 0 0 0 0 0 0 0 0 0 0 0 0 0 0 0 0 0 0 0 0 0 0 0 0 0 0 0 0 0 0 0 0 0
0 0 0 0 0 0 0 0 0 0 0 0 0 0 0 0 0 0 0 0 0 0 0 0 0 0 0 0 0 0 0 0 0 0 0 0
0 0 0 0 0 0 0 0 0 0 0 0 0 0 0 0 0 0 0 0 0 0 0 0 0 0 0 0 0 0 0 0 0 0 0 0
0 0 0 0 0 0 0 0 0 0 0 0 0 0 0 0 0 0 0 0 0 0 0 0 0 0 0 0 0 0 0 0 0 0 0 0
0 0 0 0 0 0 0 0 0 0 0 0 0 0 0 0 0 0 0 0 0
##$SHL_SFCOEFFS11= (0..200)
0 0 0 0 0 0 0 0 0 0 0 0 0 0 0 0 0 0 0 0 0 0 0 0 0 0 0 0 0 0 0 0 0 0 0 0
0 0 0 0 0 0 0 0 0 0 0 0 0 0 0 0 0 0 0 0 0 0 0 0 0 0 0 0 0 0 0 0 0 0 0 0
0 0 0 0 0 0 0 0 0 0 0 0 0 0 0 0 0 0 0 0 0 0 0 0 0 0 0 0 0 0 0 0 0 0 0 0
0 0 0 0 0 0 0 0 0 0 0 0 0 0 0 0 0 0 0 0 0 0 0 0 0 0 0 0 0 0 0 0 0 0 0 0
0 0 0 0 0 0 0 0 0 0 0 0 0 0 0 0 0 0 0 0 0 0 0 0 0 0 0 0 0 0 0 0 0 0 0 0
0 0 0 0 0 0 0 0 0 0 0 0 0 0 0 0 0 0 0 0 0
##$SHL_SFCOEFFS12= (0..200)
0 0 0 0 0 0 0 0 0 0 0 0 0 0 0 0 0 0 0 0 0 0 0 0 0 0 0 0 0 0 0 0 0 0 0 0
0 0 0 0 0 0 0 0 0 0 0 0 0 0 0 0 0 0 0 0 0 0 0 0 0 0 0 0 0 0 0 0 0 0 0 0
0 0 0 0 0 0 0 0 0 0 0 0 0 0 0 0 0 0 0 0 0 0 0 0 0 0 0 0 0 0 0 0 0 0 0 0
0 0 0 0 0 0 0 0 0 0 0 0 0 0 0 0 0 0 0 0 0 0 0 0 0 0 0 0 0 0 0 0 0 0 0 0
0 0 0 0 0 0 0 0 0 0 0 0 0 0 0 0 0 0 0 0 0 0 0 0 0 0 0 0 0 0 0 0 0 0 0 0
0 0 0 0 0 0 0 0 0 0 0 0 0 0 0 0 0 0 0 0 0
##$SHL_SFCOEFFS13= (0..200)
0 0 0 0 0 0 0 0 0 0 0 0 0 0 0 0 0 0 0 0 0 0 0 0 0 0 0 0 0 0 0 0 0 0 0 0
0 0 0 0 0 0 0 0 0 0 0 0 0 0 0 0 0 0 0 0 0 0 0 0 0 0 0 0 0 0 0 0 0 0 0 0
0 0 0 0 0 0 0 0 0 0 0 0 0 0 0 0 0 0 0 0 0 0 0 0 0 0 0 0 0 0 0 0 0 0 0 0
0 0 0 0 0 0 0 0 0 0 0 0 0 0 0 0 0 0 0 0 0 0 0 0 0 0 0 0 0 0 0 0 0 0 0 0
0 0 0 0 0 0 0 0 0 0 0 0 0 0 0 0 0 0 0 0 0 0 0 0 0 0 0 0 0 0 0 0 0 0 0 0
0 0 0 0 0 0 0 0 0 0 0 0 0 0 0 0 0 0 0 0 0
##$SHL_SFCOEFFS14= (0..200)
0 0 0 0 0 0 0 0 0 0 0 0 0 0 0 0 0 0 0 0 0 0 0 0 0 0 0 0 0 0 0 0 0 0 0 0
0 0 0 0 0 0 0 0 0 0 0 0 0 0 0 0 0 0 0 0 0 0 0 0 0 0 0 0 0 0 0 0 0 0 0 0
0 0 0 0 0 0 0 0 0 0 0 0 0 0 0 0 0 0 0 0 0 0 0 0 0 0 0 0 0 0 0 0 0 0 0 0
0 0 0 0 0 0 0 0 0 0 0 0 0 0 0 0 0 0 0 0 0 0 0 0 0 0 0 0 0 0 0 0 0 0 0 0
0 0 0 0 0 0 0 0 0 0 0 0 0 0 0 0 0 0 0 0 0 0 0 0 0 0 0 0 0 0 0 0 0 0 0 0
0 0 0 0 0 0 0 0 0 0 0 0 0 0 0 0 0 0 0 0 0
##$SHL_SFCOEFFS15= (0..200)
0 0 0 0 0 0 0 0 0 0 0 0 0 0 0 0 0 0 0 0 0 0 0 0 0 0 0 0 0 0 0 0 0 0 0 0
0 0 0 0 0 0 0 0 0 0 0 0 0 0 0 0 0 0 0 0 0 0 0 0 0 0 0 0 0 0 0 0 0 0 0 0
0 0 0 0 0 0 0 0 0 0 0 0 0 0 0 0 0 0 0 0 0 0 0 0 0 0 0 0 0 0 0 0 0 0 0 0
0 0 0 0 0 0 0 0 0 0 0 0 0 0 0 0 0 0 0 0 0 0 0 0 0 0 0 0 0 0 0 0 0 0 0 0
0 0 0 0 0 0 0 0 0 0 0 0 0 0 0 0 0 0 0 0 0 0 0 0 0 0 0 0 0 0 0 0 0 0 0 0
0 0 0 0 0 0 0 0 0 0 0 0 0 0 0 0 0 0 0 0 0
##$SHL_SFCOEFFS2= (0..200)
0 0 0 0 0 0 0 0 0 0 0 0 0 0 0 0 0 0 0 0 0 0 0 0 0 0 0 0 0 0 0 0 0 0 0 0
0 0 0 0 0 0 0 0 0 0 0 0 0 0 0 0 0 0 0 0 0 0 0 0 0 0 0 0 0 0 0 0 0 0 0 0
0 0 0 0 0 0 0 0 0 0 0 0 0 0 0 0 0 0 0 0 0 0 0 0 0 0 0 0 0 0 0 0 0 0 0 0
0 0 0 0 0 0 0 0 0 0 0 0 0 0 0 0 0 0 0 0 0 0 0 0 0 0 0 0 0 0 0 0 0 0 0 0
0 0 0 0 0 0 0 0 0 0 0 0 0 0 0 0 0 0 0 0 0 0 0 0 0 0 0 0 0 0 0 0 0 0 0 0
0 0 0 0 0 0 0 0 0 0 0 0 0 0 0 0 0 0 0 0 0
##$SHL_SFCOEFFS3= (0..200)
0 0 0 0 0 0 0 0 0 0 0 0 0 0 0 0 0 0 0 0 0 0 0 0 0 0 0 0 0 0 0 0 0 0 0 0
0 0 0 0 0 0 0 0 0 0 0 0 0 0 0 0 0 0 0 0 0 0 0 0 0 0 0 0 0 0 0 0 0 0 0 0
0 0 0 0 0 0 0 0 0 0 0 0 0 0 0 0 0 0 0 0 0 0 0 0 0 0 0 0 0 0 0 0 0 0 0 0
0 0 0 0 0 0 0 0 0 0 0 0 0 0 0 0 0 0 0 0 0 0 0 0 0 0 0 0 0 0 0 0 0 0 0 0
0 0 0 0 0 0 0 0 0 0 0 0 0 0 0 0 0 0 0 0 0 0 0 0 0 0 0 0 0 0 0 0 0 0 0 0
0 0 0 0 0 0 0 0 0 0 0 0 0 0 0 0 0 0 0 0 0
##$SHL_SFCOEFFS4= (0..200)
0 0 0 0 0 0 0 0 0 0 0 0 0 0 0 0 0 0 0 0 0 0 0 0 0 0 0 0 0 0 0 0 0 0 0 0
0 0 0 0 0 0 0 0 0 0 0 0 0 0 0 0 0 0 0 0 0 0 0 0 0 0 0 0 0 0 0 0 0 0 0 0
0 0 0 0 0 0 0 0 0 0 0 0 0 0 0 0 0 0 0 0 0 0 0 0 0 0 0 0 0 0 0 0 0 0 0 0
0 0 0 0 0 0 0 0 0 0 0 0 0 0 0 0 0 0 0 0 0 0 0 0 0 0 0 0 0 0 0 0 0 0 0 0
0 0 0 0 0 0 0 0 0 0 0 0 0 0 0 0 0 0 0 0 0 0 0 0 0 0 0 0 0 0 0 0 0 0 0 0
0 0 0 0 0 0 0 0 0 0 0 0 0 0 0 0 0 0 0 0 0
##$SHL_SFCOEFFS5= (0..200)
0 0 0 0 0 0 0 0 0 0 0 0 0 0 0 0 0 0 0 0 0 0 0 0 0 0 0 0 0 0 0 0 0 0 0 0
0 0 0 0 0 0 0 0 0 0 0 0 0 0 0 0 0 0 0 0 0 0 0 0 0 0 0 0 0 0 0 0 0 0 0 0
0 0 0 0 0 0 0 0 0 0 0 0 0 0 0 0 0 0 0 0 0 0 0 0 0 0 0 0 0 0 0 0 0 0 0 0
0 0 0 0 0 0 0 0 0 0 0 0 0 0 0 0 0 0 0 0 0 0 0 0 0 0 0 0 0 0 0 0 0 0 0 0
0 0 0 0 0 0 0 0 0 0 0 0 0 0 0 0 0 0 0 0 0 0 0 0 0 0 0 0 0 0 0 0 0 0 0 0
0 0 0 0 0 0 0 0 0 0 0 0 0 0 0 0 0 0 0 0 0
##$SHL_SFCOEFFS6= (0..200)
0 0 0 0 0 0 0 0 0 0 0 0 0 0 0 0 0 0 0 0 0 0 0 0 0 0 0 0 0 0 0 0 0 0 0 0
0 0 0 0 0 0 0 0 0 0 0 0 0 0 0 0 0 0 0 0 0 0 0 0 0 0 0 0 0 0 0 0 0 0 0 0
0 0 0 0 0 0 0 0 0 0 0 0 0 0 0 0 0 0 0 0 0 0 0 0 0 0 0 0 0 0 0 0 0 0 0 0
0 0 0 0 0 0 0 0 0 0 0 0 0 0 0 0 0 0 0 0 0 0 0 0 0 0 0 0 0 0 0 0 0 0 0 0
0 0 0 0 0 0 0 0 0 0 0 0 0 0 0 0 0 0 0 0 0 0 0 0 0 0 0 0 0 0 0 0 0 0 0 0
0 0 0 0 0 0 0 0 0 0 0 0 0 0 0 0 0 0 0 0 0
##$SHL_SFCOEFFS7= (0..200)
0 0 0 0 0 0 0 0 0 0 0 0 0 0 0 0 0 0 0 0 0 0 0 0 0 0 0 0 0 0 0 0 0 0 0 0
0 0 0 0 0 0 0 0 0 0 0 0 0 0 0 0 0 0 0 0 0 0 0 0 0 0 0 0 0 0 0 0 0 0 0 0
0 0 0 0 0 0 0 0 0 0 0 0 0 0 0 0 0 0 0 0 0 0 0 0 0 0 0 0 0 0 0 0 0 0 0 0
0 0 0 0 0 0 0 0 0 0 0 0 0 0 0 0 0 0 0 0 0 0 0 0 0 0 0 0 0 0 0 0 0 0 0 0
0 0 0 0 0 0 0 0 0 0 0 0 0 0 0 0 0 0 0 0 0 0 0 0 0 0 0 0 0 0 0 0 0 0 0 0
0 0 0 0 0 0 0 0 0 0 0 0 0 0 0 0 0 0 0 0 0
##$SHL_SFCOEFFS8= (0..200)
0 0 0 0 0 0 0 0 0 0 0 0 0 0 0 0 0 0 0 0 0 0 0 0 0 0 0 0 0 0 0 0 0 0 0 0
0 0 0 0 0 0 0 0 0 0 0 0 0 0 0 0 0 0 0 0 0 0 0 0 0 0 0 0 0 0 0 0 0 0 0 0
0 0 0 0 0 0 0 0 0 0 0 0 0 0 0 0 0 0 0 0 0 0 0 0 0 0 0 0 0 0 0 0 0 0 0 0
0 0 0 0 0 0 0 0 0 0 0 0 0 0 0 0 0 0 0 0 0 0 0 0 0 0 0 0 0 0 0 0 0 0 0 0
0 0 0 0 0 0 0 0 0 0 0 0 0 0 0 0 0 0 0 0 0 0 0 0 0 0 0 0 0 0 0 0 0 0 0 0
0 0 0 0 0 0 0 0 0 0 0 0 0 0 0 0 0 0 0 0 0
##$SHL_SFCOEFFS9= (0..200)
0 0 0 0 0 0 0 0 0 0 0 0 0 0 0 0 0 0 0 0 0 0 0 0 0 0 0 0 0 0 0 0 0 0 0 0
0 0 0 0 0 0 0 0 0 0 0 0 0 0 0 0 0 0 0 0 0 0 0 0 0 0 0 0 0 0 0 0 0 0 0 0
0 0 0 0 0 0 0 0 0 0 0 0 0 0 0 0 0 0 0 0 0 0 0 0 0 0 0 0 0 0 0 0 0 0 0 0
0 0 0 0 0 0 0 0 0 0 0 0 0 0 0 0 0 0 0 0 0 0 0 0 0 0 0 0 0 0 0 0 0 0 0 0
0 0 0 0 0 0 0 0 0 0 0 0 0 0 0 0 0 0 0 0 0 0 0 0 0 0 0 0 0 0 0 0 0 0 0 0
0 0 0 0 0 0 0 0 0 0 0 0 0 0 0 0 0 0 0 0 0
##$SHL_SMOOTHED= (0..15)
0 0 0 0 0 0 0 0 0 0 0 0 0 0 0 0
##$SHL_SMOOTHING= (0..15)
0 0 0 0 0 0 0 0 0 0 0 0 0 0 0 0
##$SHL_SPOAL= (0..15)
0 0 0 0 0 0 0 0 0 0 0 0 0 0 0 0
##$SHL_SPOFFS= (0..15)
0 0 0 0 0 0 0 0 0 0 0 0 0 0 0 0
##$SHL_SPOPH= (0..15)
0 0 0 0 0 0 0 0 0 0 0 0 0 0 0 0
##$SHL_STARTAMP= (0..15)
0 0 0 0 0 0 0 0 0 0 0 0 0 0 0 0
##$SHL_SW= (0..15)
0 0 0 0 0 0 0 0 0 0 0 0 0 0 0 0
##$SHL_SWDIR= (0..15)
-1 -1 -1 -1 -1 -1 -1 -1 -1 -1 -1 -1 -1 -1 -1 -1
##$SHL_TANKAPPA= (0..15)
0 0 0 0 0 0 0 0 0 0 0 0 0 0 0 0
##$SHL_TOTROT= (0..15)
90 0 0 0 0 0 0 0 0 0 0 0 0 0 0 0
##$SHL_TRUNCLEV= (0..15)
0 0 0 0 0 0 0 0 0 0 0 0 0 0 0 0
##$SHL_TYPE= (0..15)
<Excitation> <> <> <> <> <> <> <> <> <> <> <> <> <> <> <>
##$SHL_WINDOWSIZE= (0..15)
0 0 0 0 0 0 0 0 0 0 0 0 0 0 0 0
##$SHL_ZETA= (0..15)
0 0 0 0 0 0 0 0 0 0 0 0 0 0 0 0
##NPOINTS= 1250
##XYPOINTS= (XY..XY)
100.000000, 242.223518
100.000000, 241.835650
100.000000, 241.447782
100.000000, 241.059914
100.000000, 240.672046
100.000000, 240.284178
100.000000, 239.896310
100.000000, 239.508442
100.000000, 239.120574
100.000000, 238.732706
100.000000, 238.344838
100.000000, 237.956971
100.000000, 237.569103
100.000000, 237.181235
100.000000, 236.793367
100.000000, 236.405499
100.000000, 236.017631
100.000000, 235.629763
100.000000, 235.241895
100.000000, 234.854027
100.000000, 234.466159
100.000000, 234.078291
100.000000, 233.690423
100.000000, 233.302555
100.000000, 232.914688
100.000000, 232.526820
100.000000, 232.138952
100.000000, 231.751084
100.000000, 231.363216
100.000000, 230.975348
100.000000, 230.587480
100.000000, 230.199612
100.000000, 229.811744
100.000000, 229.423876
100.000000, 229.036008
100.000000, 228.648140
100.000000, 228.260272
100.000000, 227.872405
100.000000, 227.484537
100.000000, 227.096669
100.000000, 226.708801
100.000000, 226.320933
100.000000, 225.933065
100.000000, 225.545197
100.000000, 225.157329
100.000000, 224.769461
100.000000, 224.381593
100.000000, 223.993725
100.000000, 223.605857
100.000000, 223.217989
100.000000, 222.830122
100.000000, 222.442254
100.000000, 222.054386
100.000000, 221.666518
100.000000, 221.278650
100.000000, 220.890782
100.000000, 220.502914
100.000000, 220.115046
100.000000, 219.727178
100.000000, 219.339310
100.000000, 218.951442
100.000000, 218.563574
100.000000, 218.175706
100.000000, 217.787839
100.000000, 217.399971
100.000000, 217.012103
100.000000, 216.624235
100.000000, 216.236367
100.000000, 215.848499
100.000000, 215.460631
100.000000, 215.072763
100.000000, 214.684895
100.000000, 214.297027
100.000000, 213.909159
100.000000, 213.521291
100.000000, 213.133423
100.000000, 212.745556
100.000000, 212.357688
100.000000, 211.969820
100.000000, 211.581952
100.000000, 211.194084
100.000000, 210.806216
100.000000, 210.418348
100.000000, 210.030480
100.000000, 209.642612
100.000000, 209.254744
100.000000, 208.866876
100.000000, 208.479008
100.000000, 208.091140
100.000000, 207.703273
100.000000, 207.315405
100.000000, 206.927537
100.000000, 206.539669
100.000000, 206.151801
100.000000, 205.763933
100.000000, 205.376065
100.000000, 204.988197
100.000000, 204.600329
100.000000, 204.212461
100.000000, 203.824593
100.000000, 203.436725
100.000000, 203.048857
100.000000, 202.660990
100.000000, 202.273122
100.000000, 201.885254
100.000000, 201.497386
100.000000, 201.109518
100.000000, 200.721650
100.000000, 200.333782
100.000000, 199.945914
100.000000, 199.558046
100.000000, 199.170178
100.000000, 198.782310
100.000000, 198.394442
100.000000, 198.006574
100.000000, 197.618707
100.000000, 197.230839
100.000000, 196.842971
100.000000, 196.455103
100.000000, 196.067235
100.000000, 195.679367
100.000000, 195.291499
100.000000, 194.903631
100.000000, 194.515763
100.000000, 194.127895
100.000000, 193.740027
100.000000, 193.352159
100.000000, 192.964291
100.000000, 192.576424
100.000000, 192.188556
100.000000, 191.800688
100.000000, 191.412820
100.000000, 191.024952
100.000000, 190.637084
100.000000, 190.249216
100.000000, 189.861348
100.000000, 189.473480
100.000000, 189.085612
100.000000, 188.697744
100.000000, 188.309876
100.000000, 187.922008
100.000000, 187.534141
100.000000, 187.146273
100.000000, 186.758405
100.000000, 186.370537
100.000000, 185.982669
100.000000, 185.594801
100.000000, 185.206933
100.000000, 184.819065
100.000000, 184.431197
100.000000, 184.043329
100.000000, 183.655461
100.000000, 183.267593
100.000000, 182.879725
100.000000, 182.491858
100.000000, 182.103990
100.000000, 181.716122
100.000000, 181.328254
100.000000, 180.940386
100.000000, 180.552518
100.000000, 180.164650
100.000000, 179.776782
100.000000, 179.388914
100.000000, 179.001046
100.000000, 178.613178
100.000000, 178.225310
100.000000, 177.837443
100.000000, 177.449575
100.000000, 177.061707
100.000000, 176.673839
100.000000, 176.285971
100.000000, 175.898103
100.000000, 175.510235
100.000000, 175.122367
100.000000, 174.734499
100.000000, 174.346631
100.000000, 173.958763
100.000000, 173.570895
100.000000, 173.183027
100.000000, 172.795160
100.000000, 172.407292
100.000000, 172.019424
100.000000, 171.631556
100.000000, 171.243688
100.000000, 170.855820
100.000000, 170.467952
100.000000, 170.080084
100.000000, 169.692216
100.000000, 169.304348
100.000000, 168.916480
100.000000, 168.528612
100.000000, 168.140744
100.000000, 167.752877
100.000000, 167.365009
100.000000, 166.977141
100.000000, 166.589273
100.000000, 166.201405
100.000000, 165.813537
100.000000, 165.425669
100.000000, 165.037801
100.000000, 164.649933
100.000000, 164.262065
100.000000, 163.874197
100.000000, 163.486329
100.000000, 163.098461
100.000000, 162.710594
100.000000, 162.322726
100.000000, 161.934858
100.000000, 161.546990
100.000000, 161.159122
100.000000, 160.771254
100.000000, 160.383386
100.000000, 159.995518
100.000000, 159.607650
100.000000, 159.219782
100.000000, 158.831914
100.000000, 158.444046
100.000000, 158.056178
100.000000, 157.668311
100.000000, 157.280443
100.000000, 156.892575
100.000000, 156.504707
100.000000, 156.116839
100.000000, 155.728971
100.000000, 155.341103
100.000000, 154.953235
100.000000, 154.565367
100.000000, 154.177499
100.000000, 153.789631
100.000000, 153.401763
100.000000, 153.013895
100.000000, 152.626028
100.000000, 152.238160
100.000000, 151.850292
100.000000, 151.462424
100.000000, 151.074556
100.000000, 150.686688
100.000000, 150.298820
100.000000, 149.910952
100.000000, 149.523084
100.000000, 149.135216
100.000000, 148.747348
100.000000, 148.359480
100.000000, 147.971612
100.000000, 147.583745
100.000000, 147.195877
100.000000, 146.808009
100.000000, 146.420141
100.000000, 146.032273
100.000000, 145.644405
100.000000, 145.256537
100.000000, 144.868669
100.000000, 144.480801
100.000000, 144.092933
100.000000, 143.705065
100.000000, 143.317197
100.000000, 142.929329
100.000000, 142.541462
100.000000, 142.153594
100.000000, 141.765726
100.000000, 141.377858
100.000000, 140.989990
100.000000, 140.602122
100.000000, 140.214254
100.000000, 139.826386
100.000000, 139.438518
100.000000, 139.050650
100.000000, 138.662782
100.000000, 138.274914
100.000000, 137.887046
100.000000, 137.499179
100.000000, 137.111311
100.000000, 136.723443
100.000000, 136.335575
100.000000, 135.947707
100.000000, 135.559839
100.000000, 135.171971
100.000000, 134.784103
100.000000, 134.396235
100.000000, 134.008367
100.000000, 133.620499
100.000000, 133.232631
100.000000, 132.844763
100.000000, 132.456896
100.000000, 132.069028
100.000000, 131.681160
100.000000, 131.293292
100.000000, 130.905424
100.000000, 130.517556
100.000000, 130.129688
100.000000, 129.741820
100.000000, 129.353952
100.000000, 128.966084
100.000000, 128.578216
100.000000, 128.190348
100.000000, 127.802480
100.000000, 127.414613
100.000000, 127.026745
100.000000, 126.638877
100.000000, 126.251009
100.000000, 125.863141
100.000000, 125.475273
100.000000, 125.087405
100.000000, 124.699537
100.000000, 124.311669
100.000000, 123.923801
100.000000, 123.535933
100.000000, 123.148065
100.000000, 122.760197
100.000000, 122.372330
100.000000, 121.984462
100.000000, 121.596594
100.000000, 121.208726
100.000000, 120.820858
100.000000, 120.432990
100.000000, 120.045122
100.000000, 119.657254
100.000000, 119.269386
100.000000, 118.881518
100.000000, 118.493650
100.000000, 118.105782
100.000000, 117.717915
100.000000, 117.330047
100.000000, 116.942179
100.000000, 116.554311
100.000000, 116.166443
100.000000, 115.778575
100.000000, 115.390707
100.000000, 115.002839
100.000000, 114.614971
100.000000, 114.227103
100.000000, 113.839235
100.000000, 113.451367
100.000000, 113.063499
100.000000, 112.675632
100.000000, 112.287764
100.000000, 111.899896
100.000000, 111.512028
100.000000, 111.124160
100.000000, 110.736292
100.000000, 110.348424
100.000000, 109.960556
100.000000, 109.572688
100.000000, 109.184820
100.000000, 108.796952
100.000000, 108.409084
100.000000, 108.021216
100.000000, 107.633349
100.000000, 107.245481
100.000000, 106.857613
100.000000, 106.469745
100.000000, 106.081877
100.000000, 105.694009
100.000000, 105.306141
100.000000, 104.918273
100.000000, 104.530405
100.000000, 104.142537
100.000000, 103.754669
100.000000, 103.366801
100.000000, 102.978933
100.000000, 102.591066
100.000000, 102.203198
100.000000, 101.815330
100.000000, 101.427462
100.000000, 101.039594
100.000000, 100.651726
100.000000, 100.263858
100.000000, 99.875990
100.000000, 99.488122
100.000000, 99.100254
100.000000, 98.712386
100.000000, 98.324518
100.000000, 97.936650
100.000000, 97.548783
100.000000, 97.160915
100.000000, 96.773047
100.000000, 96.385179
100.000000, 95.997311
100.000000, 95.609443
100.000000, 95.221575
100.000000, 94.833707
100.000000, 94.445839
100.000000, 94.057971
100.000000, 93.670103
100.000000, 93.282235
100.000000, 92.894367
100.000000, 92.506500
100.000000, 92.118632
100.000000, 91.730764
100.000000, 91.342896
100.000000, 90.955028
100.000000, 90.567160
100.000000, 90.179292
100.000000, 89.791424
100.000000, 89.403556
100.000000, 89.015688
100.000000, 88.627820
100.000000, 88.239952
100.000000, 87.852084
100.000000, 87.464217
100.000000, 87.076349
100.000000, 86.688481
100.000000, 86.300613
100.000000, 85.912745
100.000000, 85.524877
100.000000, 85.137009
100.000000, 84.749141
100.000000, 84.361273
100.000000, 83.973405
100.000000, 83.585537
100.000000, 83.197669
100.000000, 82.809801
100.000000, 82.421934
100.000000, 82.034066
100.000000, 81.646198
100.000000, 81.258330
100.000000, 80.870462
100.000000, 80.482594
100.000000, 80.094726
100.000000, 79.706858
100.000000, 79.318990
100.000000, 78.931122
100.000000, 78.543254
100.000000, 78.155386
100.000000, 77.767518
100.000000, 77.379651
100.000000, 76.991783
100.000000, 76.603915
100.000000, 76.216047
100.000000, 75.828179
100.000000, 75.440311
100.000000, 75.052443
100.000000, 74.664575
100.000000, 74.276707
100.000000, 73.888839
100.000000, 73.500971
100.000000, 73.113103
100.000000, 72.725235
100.000000, 72.337368
100.000000, 71.949500
100.000000, 71.561632
100.000000, 71.173764
100.000000, 70.785896
100.000000, 70.398028
100.000000, 70.010160
100.000000, 69.622292
100.000000, 69.234424
100.000000, 68.846556
100.000000, 68.458688
100.000000, 68.070820
100.000000, 67.682952
100.000000, 67.295085
100.000000, 66.907217
100.000000, 66.519349
100.000000, 66.131481
100.000000, 65.743613
100.000000, 65.355745
100.000000, 64.967877
100.000000, 64.580009
100.000000, 64.192141
100.000000, 63.804273
100.000000, 63.416405
100.000000, 63.028537
100.000000, 62.640669
100.000000, 62.252802
100.000000, 61.864934
100.000000, 61.477066
100.000000, 61.089198
100.000000, 60.701330
100.000000, 60.313462
100.000000, 59.925594
100.000000, 59.537726
100.000000, 59.149858
100.000000, 58.761990
100.000000, 58.374122
100.000000, 57.986254
100.000000, 57.598387
100.000000, 57.210519
100.000000, 56.822651
100.000000, 56.434783
100.000000, 56.046915
100.000000, 55.659047
100.000000, 55.271179
100.000000, 54.883311
100.000000, 54.495443
100.000000, 54.107575
100.000000, 53.719707
100.000000, 53.331839
100.000000, 52.943971
100.000000, 52.556104
100.000000, 52.168236
100.000000, 51.780368
100.000000, 51.392500
100.000000, 51.004632
100.000000, 50.616764
100.000000, 50.228896
100.000000, 49.841028
100.000000, 49.453160
100.000000, 49.065292
100.000000, 48.677424
100.000000, 48.289556
100.000000, 47.901688
100.000000, 47.513821
100.000000, 47.125953
100.000000, 46.738085
100.000000, 46.350217
100.000000, 45.962349
100.000000, 45.574481
100.000000, 45.186613
100.000000, 44.798745
100.000000, 44.410877
100.000000, 44.023009
100.000000, 43.635141
100.000000, 43.247273
100.000000, 42.859405
100.000000, 42.471538
100.000000, 42.083670
100.000000, 41.695802
100.000000, 41.307934
100.000000, 40.920066
100.000000, 40.532198
100.000000, 40.144330
100.000000, 39.756462
100.000000, 39.368594
100.000000, 38.980726
100.000000, 38.592858
100.000000, 38.204990
100.000000, 37.817122
100.000000, 37.429255
100.000000, 37.041387
100.000000, 36.653519
100.000000, 36.265651
100.000000, 35.877783
100.000000, 35.489915
100.000000, 35.102047
100.000000, 34.714179
100.000000, 34.326311
100.000000, 33.938443
100.000000, 33.550575
100.000000, 33.162707
100.000000, 32.774839
100.000000, 32.386972
100.000000, 31.999104
100.000000, 31.611236
100.000000, 31.223368
100.000000, 30.835500
100.000000, 30.447632
100.000000, 30.059764
100.000000, 29.671896
100.000000, 29.284028
100.000000, 28.896160
100.000000, 28.508292
100.000000, 28.120424
100.000000, 27.732556
100.000000, 27.344689
100.000000, 26.956821
100.000000, 26.568953
100.000000, 26.181085
100.000000, 25.793217
100.000000, 25.405349
100.000000, 25.017481
100.000000, 24.629613
100.000000, 24.241745
100.000000, 23.853877
100.000000, 23.466009
100.000000, 23.078141
100.000000, 22.690273
100.000000, 22.302406
100.000000, 21.914538
100.000000, 21.526670
100.000000, 21.138802
100.000000, 20.750934
100.000000, 20.363066
100.000000, 19.975198
100.000000, 19.587330
100.000000, 19.199462
100.000000, 18.811594
100.000000, 18.423726
100.000000, 18.035858
100.000000, 17.647990
100.000000, 17.260123
100.000000, 16.872255
100.000000, 16.484387
100.000000, 16.096519
100.000000, 15.708651
100.000000, 15.320783
100.000000, 14.932915
100.000000, 14.545047
100.000000, 14.157179
100.000000, 13.769311
100.000000, 13.381443
100.000000, 12.993575
100.000000, 12.605707
100.000000, 12.217840
100.000000, 11.829972
100.000000, 11.442104
100.000000, 11.054236
100.000000, 10.666368
100.000000, 10.278500
100.000000, 9.890632
100.000000, 9.502764
100.000000, 9.114896
100.000000, 8.727028
100.000000, 8.339160
100.000000, 7.951292
100.000000, 7.563424
100.000000, 7.175557
100.000000, 6.787689
100.000000, 6.399821
100.000000, 6.011953
100.000000, 5.624085
100.000000, 5.236217
100.000000, 4.848349
100.000000, 4.460481
100.000000, 4.072613
100.000000, 3.684745
100.000000, 3.296877
100.000000, 2.909009
100.000000, 2.521141
100.000000, 2.133274
100.000000, 1.745406
100.000000, 1.357538
100.000000, 0.969670
100.000000, 0.581802
100.000000, 0.193934
100.000000, 359.806066
100.000000, 359.418198
100.000000, 359.030330
100.000000, 358.642462
100.000000, 358.254594
100.000000, 357.866726
100.000000, 357.478859
100.000000, 357.090991
100.000000, 356.703123
100.000000, 356.315255
100.000000, 355.927387
100.000000, 355.539519
100.000000, 355.151651
100.000000, 354.763783
100.000000, 354.375915
100.000000, 353.988047
100.000000, 353.600179
100.000000, 353.212311
100.000000, 352.824443
100.000000, 352.436576
100.000000, 352.048708
100.000000, 351.660840
100.000000, 351.272972
100.000000, 350.885104
100.000000, 350.497236
100.000000, 350.109368
100.000000, 349.721500
100.000000, 349.333632
100.000000, 348.945764
100.000000, 348.557896
100.000000, 348.170028
100.000000, 347.782160
100.000000, 347.394293
100.000000, 347.006425
100.000000, 346.618557
100.000000, 346.230689
100.000000, 345.842821
100.000000, 345.454953
100.000000, 345.067085
100.000000, 344.679217
100.000000, 344.291349
100.000000, 343.903481
100.000000, 343.515613
100.000000, 343.127745
100.000000, 342.739877
100.000000, 342.352010
100.000000, 341.964142
100.000000, 341.576274
100.000000, 341.188406
100.000000, 340.800538
100.000000, 340.412670
100.000000, 340.024802
100.000000, 339.636934
100.000000, 339.249066
100.000000, 338.861198
100.000000, 338.473330
100.000000, 338.085462
100.000000, 337.697594
100.000000, 337.309727
100.000000, 336.921859
100.000000, 336.533991
100.000000, 336.146123
100.000000, 335.758255
100.000000, 335.370387
100.000000, 334.982519
100.000000, 334.594651
100.000000, 334.206783
100.000000, 333.818915
100.000000, 333.431047
100.000000, 333.043179
100.000000, 332.655311
100.000000, 332.267444
100.000000, 331.879576
100.000000, 331.491708
100.000000, 331.103840
100.000000, 330.715972
100.000000, 330.328104
100.000000, 329.940236
100.000000, 329.552368
100.000000, 329.164500
100.000000, 328.776632
100.000000, 328.388764
100.000000, 328.000896
100.000000, 327.613028
100.000000, 327.225161
100.000000, 326.837293
100.000000, 326.449425
100.000000, 326.061557
100.000000, 325.673689
100.000000, 325.285821
100.000000, 324.897953
100.000000, 324.510085
100.000000, 324.122217
100.000000, 323.734349
100.000000, 323.346481
100.000000, 322.958613
100.000000, 322.570745
100.000000, 322.182878
100.000000, 321.795010
100.000000, 321.407142
100.000000, 321.019274
100.000000, 320.631406
100.000000, 320.243538
100.000000, 319.855670
100.000000, 319.467802
100.000000, 319.079934
100.000000, 318.692066
100.000000, 318.304198
100.000000, 317.916330
100.000000, 317.528462
100.000000, 317.140595
100.000000, 316.752727
100.000000, 316.364859
100.000000, 315.976991
100.000000, 315.589123
100.000000, 315.201255
100.000000, 314.813387
100.000000, 314.425519
100.000000, 314.037651
100.000000, 313.649783
100.000000, 313.261915
100.000000, 312.874047
100.000000, 312.486179
100.000000, 312.098312
100.000000, 311.710444
100.000000, 311.322576
100.000000, 310.934708
100.000000, 310.546840
100.000000, 310.158972
100.000000, 309.771104
100.000000, 309.383236
100.000000, 308.995368
100.000000, 308.607500
100.000000, 308.219632
100.000000, 307.831764
100.000000, 307.443896
100.000000, 307.056029
100.000000, 306.668161
100.000000, 306.280293
100.000000, 305.892425
100.000000, 305.504557
100.000000, 305.116689
100.000000, 304.728821
100.000000, 304.340953
100.000000, 303.953085
100.000000, 303.565217
100.000000, 303.177349
100.000000, 302.789481
100.000000, 302.401613
100.000000, 302.013746
100.000000, 301.625878
100.000000, 301.238010
100.000000, 300.850142
100.000000, 300.462274
100.000000, 300.074406
100.000000, 299.686538
100.000000, 299.298670
100.000000, 298.910802
100.000000, 298.522934
100.000000, 298.135066
100.000000, 297.747198
100.000000, 297.359331
100.000000, 296.971463
100.000000, 296.583595
100.000000, 296.195727
100.000000, 295.807859
100.000000, 295.419991
100.000000, 295.032123
100.000000, 294.644255
100.000000, 294.256387
100.000000, 293.868519
100.000000, 293.480651
100.000000, 293.092783
100.000000, 292.704915
100.000000, 292.317048
100.000000, 291.929180
100.000000, 291.541312
100.000000, 291.153444
100.000000, 290.765576
100.000000, 290.377708
100.000000, 289.989840
100.000000, 289.601972
100.000000, 289.214104
100.000000, 288.826236
100.000000, 288.438368
100.000000, 288.050500
100.000000, 287.662632
100.000000, 287.274765
100.000000, 286.886897
100.000000, 286.499029
100.000000, 286.111161
100.000000, 285.723293
100.000000, 285.335425
100.000000, 284.947557
100.000000, 284.559689
100.000000, 284.171821
100.000000, 283.783953
100.000000, 283.396085
100.000000, 283.008217
100.000000, 282.620349
100.000000, 282.232482
100.000000, 281.844614
100.000000, 281.456746
100.000000, 281.068878
100.000000, 280.681010
100.000000, 280.293142
100.000000, 279.905274
100.000000, 279.517406
100.000000, 279.129538
100.000000, 278.741670
100.000000, 278.353802
100.000000, 277.965934
100.000000, 277.578066
100.000000, 277.190199
100.000000, 276.802331
100.000000, 276.414463
100.000000, 276.026595
100.000000, 275.638727
100.000000, 275.250859
100.000000, 274.862991
100.000000, 274.475123
100.000000, 274.087255
100.000000, 273.699387
100.000000, 273.311519
100.000000, 272.923651
100.000000, 272.535783
100.000000, 272.147916
100.000000, 271.760048
100.000000, 271.372180
100.000000, 270.984312
100.000000, 270.596444
100.000000, 270.208576
100.000000, 269.820708
100.000000, 269.432840
100.000000, 269.044972
100.000000, 268.657104
100.000000, 268.269236
100.000000, 267.881368
100.000000, 267.493500
100.000000, 267.105633
100.000000, 266.717765
100.000000, 266.329897
100.000000, 265.942029
100.000000, 265.554161
100.000000, 265.166293
100.000000, 264.778425
100.000000, 264.390557
100.000000, 264.002689
100.000000, 263.614821
100.000000, 263.226953
100.000000, 262.839085
100.000000, 262.451217
100.000000, 262.063350
100.000000, 261.675482
100.000000, 261.287614
100.000000, 260.899746
100.000000, 260.511878
100.000000, 260.124010
100.000000, 259.736142
100.000000, 259.348274
100.000000, 258.960406
100.000000, 258.572538
100.000000, 258.184670
100.000000, 257.796802
100.000000, 257.408934
100.000000, 257.021067
100.000000, 256.633199
100.000000, 256.245331
100.000000, 255.857463
100.000000, 255.469595
100.000000, 255.081727
100.000000, 254.693859
100.000000, 254.305991
100.000000, 253.918123
100.000000, 253.530255
100.000000, 253.142387
100.000000, 252.754519
100.000000, 252.366651
100.000000, 251.978784
100.000000, 251.590916
100.000000, 251.203048
100.000000, 250.815180
100.000000, 250.427312
100.000000, 250.039444
100.000000, 249.651576
100.000000, 249.263708
100.000000, 248.875840
100.000000, 248.487972
100.000000, 248.100104
100.000000, 247.712236
100.000000, 247.324368
100.000000, 246.936501
100.000000, 246.548633
100.000000, 246.160765
100.000000, 245.772897
100.000000, 245.385029
100.000000, 244.997161
100.000000, 244.609293
100.000000, 244.221425
100.000000, 243.833557
100.000000, 243.445689
100.000000, 243.057821
100.000000, 242.669953
100.000000, 242.282085
100.000000, 241.894218
100.000000, 241.506350
100.000000, 241.118482
100.000000, 240.730614
100.000000, 240.342746
100.000000, 239.954878
100.000000, 239.567010
100.000000, 239.179142
100.000000, 238.791274
100.000000, 238.403406
100.000000, 238.015538
100.000000, 237.627670
100.000000, 237.239803
100.000000, 236.851935
100.000000, 236.464067
100.000000, 236.076199
100.000000, 235.688331
100.000000, 235.300463
100.000000, 234.912595
100.000000, 234.524727
100.000000, 234.136859
100.000000, 233.748991
100.000000, 233.361123
100.000000, 232.973255
100.000000, 232.585387
100.000000, 232.197520
100.000000, 231.809652
100.000000, 231.421784
100.000000, 231.033916
100.000000, 230.646048
100.000000, 230.258180
100.000000, 229.870312
100.000000, 229.482444
100.000000, 229.094576
100.000000, 228.706708
100.000000, 228.318840
100.000000, 227.930972
100.000000, 227.543104
100.000000, 227.155237
100.000000, 226.767369
100.000000, 226.379501
100.000000, 225.991633
100.000000, 225.603765
100.000000, 225.215897
100.000000, 224.828029
100.000000, 224.440161
100.000000, 224.052293
100.000000, 223.664425
100.000000, 223.276557
100.000000, 222.888689
100.000000, 222.500821
100.000000, 222.112954
100.000000, 221.725086
100.000000, 221.337218
100.000000, 220.949350
100.000000, 220.561482
100.000000, 220.173614
100.000000, 219.785746
100.000000, 219.397878
100.000000, 219.010010
100.000000, 218.622142
100.000000, 218.234274
100.000000, 217.846406
100.000000, 217.458538
100.000000, 217.070671
100.000000, 216.682803
100.000000, 216.294935
100.000000, 215.907067
100.000000, 215.519199
100.000000, 215.131331
100.000000, 214.743463
100.000000, 214.355595
100.000000, 213.967727
100.000000, 213.579859
100.000000, 213.191991
100.000000, 212.804123
100.000000, 212.416255
100.000000, 212.028388
100.000000, 211.640520
100.000000, 211.252652
100.000000, 210.864784
100.000000, 210.476916
100.000000, 210.089048
100.000000, 209.701180
100.000000, 209.313312
100.000000, 208.925444
100.000000, 208.537576
100.000000, 208.149708
100.000000, 207.761840
100.000000, 207.373972
100.000000, 206.986105
100.000000, 206.598237
100.000000, 206.210369
100.000000, 205.822501
100.000000, 205.434633
100.000000, 205.046765
100.000000, 204.658897
100.000000, 204.271029
100.000000, 203.883161
100.000000, 203.495293
100.000000, 203.107425
100.000000, 202.719557
100.000000, 202.331689
100.000000, 201.943822
100.000000, 201.555954
100.000000, 201.168086
100.000000, 200.780218
100.000000, 200.392350
100.000000, 200.004482
100.000000, 199.616614
100.000000, 199.228746
100.000000, 198.840878
100.000000, 198.453010
100.000000, 198.065142
100.000000, 197.677274
100.000000, 197.289406
100.000000, 196.901539
100.000000, 196.513671
100.000000, 196.125803
100.000000, 195.737935
100.000000, 195.350067
100.000000, 194.962199
100.000000, 194.574331
100.000000, 194.186463
100.000000, 193.798595
100.000000, 193.410727
100.000000, 193.022859
100.000000, 192.634991
100.000000, 192.247123
100.000000, 191.859256
100.000000, 191.471388
100.000000, 191.083520
100.000000, 190.695652
100.000000, 190.307784
100.000000, 189.919916
100.000000, 189.532048
100.000000, 189.144180
100.000000, 188.756312
100.000000, 188.368444
100.000000, 187.980576
100.000000, 187.592708
100.000000, 187.204840
100.000000, 186.816973
100.000000, 186.429105
100.000000, 186.041237
100.000000, 185.653369
100.000000, 185.265501
100.000000, 184.877633
100.000000, 184.489765
100.000000, 184.101897
100.000000, 183.714029
100.000000, 183.326161
100.000000, 182.938293
100.000000, 182.550425
100.000000, 182.162557
100.000000, 181.774690
100.000000, 181.386822
100.000000, 180.998954
100.000000, 180.611086
100.000000, 180.223218
100.000000, 179.835350
100.000000, 179.447482
100.000000, 179.059614
100.000000, 178.671746
100.000000, 178.283878
100.000000, 177.896010
100.000000, 177.508142
100.000000, 177.120275
100.000000, 176.732407
100.000000, 176.344539
100.000000, 175.956671
100.000000, 175.568803
100.000000, 175.180935
100.000000, 174.793067
100.000000, 174.405199
100.000000, 174.017331
100.000000, 173.629463
100.000000, 173.241595
100.000000, 172.853727
100.000000, 172.465859
100.000000, 172.077992
100.000000, 171.690124
100.000000, 171.302256
100.000000, 170.914388
100.000000, 170.526520
100.000000, 170.138652
100.000000, 169.750784
100.000000, 169.362916
100.000000, 168.975048
100.000000, 168.587180
100.000000, 168.199312
100.000000, 167.811444
100.000000, 167.423576
100.000000, 167.035709
100.000000, 166.647841
100.000000, 166.259973
100.000000, 165.872105
100.000000, 165.484237
100.000000, 165.096369
100.000000, 164.708501
100.000000, 164.320633
100.000000, 163.932765
100.000000, 163.544897
100.000000, 163.157029
100.000000, 162.769161
100.000000, 162.381293
100.000000, 161.993426
100.000000, 161.605558
100.000000, 161.217690
100.000000, 160.829822
100.000000, 160.441954
100.000000, 160.054086
100.000000, 159.666218
100.000000, 159.278350
100.000000, 158.890482
100.000000, 158.502614
100.000000, 158.114746
100.000000, 157.726878
100.000000, 157.339010
100.000000, 156.951143
100.000000, 156.563275
100.000000, 156.175407
100.000000, 155.787539
100.000000, 155.399671
100.000000, 155.011803
100.000000, 154.623935
100.000000, 154.236067
100.000000, 153.848199
100.000000, 153.460331
100.000000, 153.072463
100.000000, 152.684595
100.000000, 152.296727
100.000000, 151.908860
100.000000, 151.520992
100.000000, 151.133124
100.000000, 150.745256
100.000000, 150.357388
100.000000, 149.969520
100.000000, 149.581652
100.000000, 149.193784
100.000000, 148.805916
100.000000, 148.418048
100.000000, 148.030180
100.000000, 147.642312
100.000000, 147.254444
100.000000, 146.866577
100.000000, 146.478709
100.000000, 146.090841
100.000000, 145.702973
100.000000, 145.315105
100.000000, 144.927237
100.000000, 144.539369
100.000000, 144.151501
100.000000, 143.763633
100.000000, 143.375765
100.000000, 142.987897
100.000000, 142.600029
100.000000, 142.212161
100.000000, 141.824294
100.000000, 141.436426
100.000000, 141.048558
100.000000, 140.660690
100.000000, 140.272822
100.000000, 139.884954
100.000000, 139.497086
100.000000, 139.109218
100.000000, 138.721350
100.000000, 138.333482
100.000000, 137.945614
100.000000, 137.557746
100.000000, 137.169878
100.000000, 136.782011
100.000000, 136.394143
100.000000, 136.006275
100.000000, 135.618407
100.000000, 135.230539
100.000000, 134.842671
100.000000, 134.454803
100.000000, 134.066935
100.000000, 133.679067
100.000000, 133.291199
100.000000, 132.903331
100.000000, 132.515463
100.000000, 132.127595
100.000000, 131.739728
100.000000, 131.351860
100.000000, 130.963992
100.000000, 130.576124
100.000000, 130.188256
100.000000, 129.800388
100.000000, 129.412520
100.000000, 129.024652
100.000000, 128.636784
100.000000, 128.248916
100.000000, 127.861048
100.000000, 127.473180
100.000000, 127.085312
100.000000, 126.697445
100.000000, 126.309577
100.000000, 125.921709
100.000000, 125.533841
100.000000, 125.145973
100.000000, 124.758105
100.000000, 124.370237
100.000000, 123.982369
100.000000, 123.594501
100.000000, 123.206633
100.000000, 122.818765
100.000000, 122.430897
100.000000, 122.043029
100.000000, 121.655162
100.000000, 121.267294
100.000000, 120.879426
100.000000, 120.491558
100.000000, 120.103690
100.000000, 119.715822
100.000000, 119.327954
100.000000, 118.940086
100.000000, 118.552218
100.000000, 118.164350
100.000000, 117.776482
##END=
