##TITLE= Parameter file, TopSpin 4.3.0
##JCAMPDX= 5.0
##DATATYPE= Parameter Values
##ORIGIN= Bruker BioSpin GmbH
##OWNER= nmrsu
$$ 2024-02-06 14:18:53.044 +0000  nmrsu@4CE1161FJM
$$ C:/Bruker/TopSpin4.3.0/exp/stan/nmr/lists/wave/user/multisupp_aux_d8
$$ process C:\Bruker\TopSpin4.3.0\prog\mod\xwinshape.exe
##MINX= 0.33957400
##MAXX= 99.99999400
##MINY= 0.29533000
##MAXY= 359.70467000
##$SHAPE_ADDPHASE= 0
##$SHAPE_AMP= 99.99999437
##$SHAPE_BWFAC= 0
##$SHAPE_BWFAC50= 0
##$SHAPE_CALCBW= yes
##$SHAPE_CALCINTEG= yes
##$SHAPE_EXMODE= <Excitation>
##$SHAPE_EXPAND= <>
##$SHAPE_EXPANDCF= (0..143)
0 0 0 0 0 0 0 0 0 0 0 0 0 0 0 0 0 0 0 0 0 0 0 0 0 0 0 0 0 0 0 0 0 0 0 0
0 0 0 0 0 0 0 0 0 0 0 0 0 0 0 0 0 0 0 0 0 0 0 0 0 0 0 0 0 0 0 0 0 0 0 0
0 0 0 0 0 0 0 0 0 0 0 0 0 0 0 0 0 0 0 0 0 0 0 0 0 0 0 0 0 0 0 0 0 0 0 0
0 0 0 0 0 0 0 0 0 0 0 0 0 0 0 0 0 0 0 0 0 0 0 0 0 0 0 0 0 0 0 0 0 0 0 0
##$SHAPE_EXPFAC= 0
##$SHAPE_FRACEND= 0
##$SHAPE_FRACORG= 0
##$SHAPE_FRACSTART= 0
##$SHAPE_INTEGFAC= 0
##$SHAPE_KEEPRES= yes
##$SHAPE_LENGTH= 25000.000373
##$SHAPE_MAN= <M>
##$SHAPE_MODE= 2
##$SHAPE_MODFREQ= 0
##$SHAPE_MODPHASE= 0
##$SHAPE_MODSCALE= 0
##$SHAPE_MODSW= 0
##$SHAPE_MODSWDIR= -1
##$SHAPE_NPOINTS= 1250
##$SHAPE_OFFS= <1 2>
##$SHAPE_OFFSCOEFF= (0..95)
52.749207 0 100 -216.82135 0 100 0 0 0 0 0 0 0 0 0 0 0 0 0 0 0 0 0 0 0
0 0 0 0 0 0 0 0 0 0 0 0 0 0 0 0 0 0 0 0 0 0 0 0 0 0 0 0 0 0 0 0 0 0 0 0
0 0 0 0 0 0 0 0 0 0 0 0 0 0 0 0 0 0 0 0 0 0 0 0 0 0 0 0 0 0 0 0 0 0 0
##$SHAPE_PARAMETER= <>
##$SHAPE_REPHFAC= 0
##$SHAPE_RES= 0
##$SHAPE_SCALEFAC= 1.00000006
##$SHAPE_SCALETYPE= 0
##$SHAPE_SPOAL= 0
##$SHAPE_SPOFFS= 0
##$SHAPE_SPOPH= 0
##$SHAPE_TOTROT= 90
##$SHAPE_TYPE= <Excitation>
##$SHAPE_USER_DEF= <>
##$SHAPE_VERSION= 2.1
##$SHL_ADDPHASE= (0..15)
0 0 0 0 0 0 0 0 0 0 0 0 0 0 0 0
##$SHL_ALIGNOFFSET= (0..15)
0 0 0 0 0 0 0 0 0 0 0 0 0 0 0 0
##$SHL_AMP= (0..15)
100 0 0 0 0 0 0 0 0 0 0 0 0 0 0 0
##$SHL_AMPFAC= (0..15)
0 0 0 0 0 0 0 0 0 0 0 0 0 0 0 0
##$SHL_BETA= (0..15)
0 0 0 0 0 0 0 0 0 0 0 0 0 0 0 0
##$SHL_BWFAC= (0..15)
1.116 0 0 0 0 0 0 0 0 0 0 0 0 0 0 0
##$SHL_CALCBW= (0..15)
yes yes yes yes yes yes yes yes yes yes yes yes yes yes yes yes
##$SHL_CALCINTEG= (0..15)
yes yes yes yes yes yes yes yes yes yes yes yes yes yes yes yes
##$SHL_CENTERAMP= (0..15)
0 0 0 0 0 0 0 0 0 0 0 0 0 0 0 0
##$SHL_CYCNUM= (0..15)
0 0 0 0 0 0 0 0 0 0 0 0 0 0 0 0
##$SHL_DIPOLCPL= (0..15)
0 0 0 0 0 0 0 0 0 0 0 0 0 0 0 0
##$SHL_ENDAMP= (0..15)
0 0 0 0 0 0 0 0 0 0 0 0 0 0 0 0
##$SHL_EXMODE= (0..15)
<Excitation> <> <> <> <> <> <> <> <> <> <> <> <> <> <> <>
##$SHL_EXPAND= (0..15)
<> <> <> <> <> <> <> <> <> <> <> <> <> <> <> <>
##$SHL_EXPANDCF0= (0..143)
0 0 0 0 0 0 0 0 0 0 0 0 0 0 0 0 0 0 0 0 0 0 0 0 0 0 0 0 0 0 0 0 0 0 0 0
0 0 0 0 0 0 0 0 0 0 0 0 0 0 0 0 0 0 0 0 0 0 0 0 0 0 0 0 0 0 0 0 0 0 0 0
0 0 0 0 0 0 0 0 0 0 0 0 0 0 0 0 0 0 0 0 0 0 0 0 0 0 0 0 0 0 0 0 0 0 0 0
0 0 0 0 0 0 0 0 0 0 0 0 0 0 0 0 0 0 0 0 0 0 0 0 0 0 0 0 0 0 0 0 0 0 0 0
##$SHL_EXPANDCF1= (0..143)
0 0 0 0 0 0 0 0 0 0 0 0 0 0 0 0 0 0 0 0 0 0 0 0 0 0 0 0 0 0 0 0 0 0 0 0
0 0 0 0 0 0 0 0 0 0 0 0 0 0 0 0 0 0 0 0 0 0 0 0 0 0 0 0 0 0 0 0 0 0 0 0
0 0 0 0 0 0 0 0 0 0 0 0 0 0 0 0 0 0 0 0 0 0 0 0 0 0 0 0 0 0 0 0 0 0 0 0
0 0 0 0 0 0 0 0 0 0 0 0 0 0 0 0 0 0 0 0 0 0 0 0 0 0 0 0 0 0 0 0 0 0 0 0
##$SHL_EXPANDCF10= (0..143)
0 0 0 0 0 0 0 0 0 0 0 0 0 0 0 0 0 0 0 0 0 0 0 0 0 0 0 0 0 0 0 0 0 0 0 0
0 0 0 0 0 0 0 0 0 0 0 0 0 0 0 0 0 0 0 0 0 0 0 0 0 0 0 0 0 0 0 0 0 0 0 0
0 0 0 0 0 0 0 0 0 0 0 0 0 0 0 0 0 0 0 0 0 0 0 0 0 0 0 0 0 0 0 0 0 0 0 0
0 0 0 0 0 0 0 0 0 0 0 0 0 0 0 0 0 0 0 0 0 0 0 0 0 0 0 0 0 0 0 0 0 0 0 0
##$SHL_EXPANDCF11= (0..143)
0 0 0 0 0 0 0 0 0 0 0 0 0 0 0 0 0 0 0 0 0 0 0 0 0 0 0 0 0 0 0 0 0 0 0 0
0 0 0 0 0 0 0 0 0 0 0 0 0 0 0 0 0 0 0 0 0 0 0 0 0 0 0 0 0 0 0 0 0 0 0 0
0 0 0 0 0 0 0 0 0 0 0 0 0 0 0 0 0 0 0 0 0 0 0 0 0 0 0 0 0 0 0 0 0 0 0 0
0 0 0 0 0 0 0 0 0 0 0 0 0 0 0 0 0 0 0 0 0 0 0 0 0 0 0 0 0 0 0 0 0 0 0 0
##$SHL_EXPANDCF12= (0..143)
0 0 0 0 0 0 0 0 0 0 0 0 0 0 0 0 0 0 0 0 0 0 0 0 0 0 0 0 0 0 0 0 0 0 0 0
0 0 0 0 0 0 0 0 0 0 0 0 0 0 0 0 0 0 0 0 0 0 0 0 0 0 0 0 0 0 0 0 0 0 0 0
0 0 0 0 0 0 0 0 0 0 0 0 0 0 0 0 0 0 0 0 0 0 0 0 0 0 0 0 0 0 0 0 0 0 0 0
0 0 0 0 0 0 0 0 0 0 0 0 0 0 0 0 0 0 0 0 0 0 0 0 0 0 0 0 0 0 0 0 0 0 0 0
##$SHL_EXPANDCF13= (0..143)
0 0 0 0 0 0 0 0 0 0 0 0 0 0 0 0 0 0 0 0 0 0 0 0 0 0 0 0 0 0 0 0 0 0 0 0
0 0 0 0 0 0 0 0 0 0 0 0 0 0 0 0 0 0 0 0 0 0 0 0 0 0 0 0 0 0 0 0 0 0 0 0
0 0 0 0 0 0 0 0 0 0 0 0 0 0 0 0 0 0 0 0 0 0 0 0 0 0 0 0 0 0 0 0 0 0 0 0
0 0 0 0 0 0 0 0 0 0 0 0 0 0 0 0 0 0 0 0 0 0 0 0 0 0 0 0 0 0 0 0 0 0 0 0
##$SHL_EXPANDCF14= (0..143)
0 0 0 0 0 0 0 0 0 0 0 0 0 0 0 0 0 0 0 0 0 0 0 0 0 0 0 0 0 0 0 0 0 0 0 0
0 0 0 0 0 0 0 0 0 0 0 0 0 0 0 0 0 0 0 0 0 0 0 0 0 0 0 0 0 0 0 0 0 0 0 0
0 0 0 0 0 0 0 0 0 0 0 0 0 0 0 0 0 0 0 0 0 0 0 0 0 0 0 0 0 0 0 0 0 0 0 0
0 0 0 0 0 0 0 0 0 0 0 0 0 0 0 0 0 0 0 0 0 0 0 0 0 0 0 0 0 0 0 0 0 0 0 0
##$SHL_EXPANDCF15= (0..143)
0 0 0 0 0 0 0 0 0 0 0 0 0 0 0 0 0 0 0 0 0 0 0 0 0 0 0 0 0 0 0 0 0 0 0 0
0 0 0 0 0 0 0 0 0 0 0 0 0 0 0 0 0 0 0 0 0 0 0 0 0 0 0 0 0 0 0 0 0 0 0 0
0 0 0 0 0 0 0 0 0 0 0 0 0 0 0 0 0 0 0 0 0 0 0 0 0 0 0 0 0 0 0 0 0 0 0 0
0 0 0 0 0 0 0 0 0 0 0 0 0 0 0 0 0 0 0 0 0 0 0 0 0 0 0 0 0 0 0 0 0 0 0 0
##$SHL_EXPANDCF2= (0..143)
0 0 0 0 0 0 0 0 0 0 0 0 0 0 0 0 0 0 0 0 0 0 0 0 0 0 0 0 0 0 0 0 0 0 0 0
0 0 0 0 0 0 0 0 0 0 0 0 0 0 0 0 0 0 0 0 0 0 0 0 0 0 0 0 0 0 0 0 0 0 0 0
0 0 0 0 0 0 0 0 0 0 0 0 0 0 0 0 0 0 0 0 0 0 0 0 0 0 0 0 0 0 0 0 0 0 0 0
0 0 0 0 0 0 0 0 0 0 0 0 0 0 0 0 0 0 0 0 0 0 0 0 0 0 0 0 0 0 0 0 0 0 0 0
##$SHL_EXPANDCF3= (0..143)
0 0 0 0 0 0 0 0 0 0 0 0 0 0 0 0 0 0 0 0 0 0 0 0 0 0 0 0 0 0 0 0 0 0 0 0
0 0 0 0 0 0 0 0 0 0 0 0 0 0 0 0 0 0 0 0 0 0 0 0 0 0 0 0 0 0 0 0 0 0 0 0
0 0 0 0 0 0 0 0 0 0 0 0 0 0 0 0 0 0 0 0 0 0 0 0 0 0 0 0 0 0 0 0 0 0 0 0
0 0 0 0 0 0 0 0 0 0 0 0 0 0 0 0 0 0 0 0 0 0 0 0 0 0 0 0 0 0 0 0 0 0 0 0
##$SHL_EXPANDCF4= (0..143)
0 0 0 0 0 0 0 0 0 0 0 0 0 0 0 0 0 0 0 0 0 0 0 0 0 0 0 0 0 0 0 0 0 0 0 0
0 0 0 0 0 0 0 0 0 0 0 0 0 0 0 0 0 0 0 0 0 0 0 0 0 0 0 0 0 0 0 0 0 0 0 0
0 0 0 0 0 0 0 0 0 0 0 0 0 0 0 0 0 0 0 0 0 0 0 0 0 0 0 0 0 0 0 0 0 0 0 0
0 0 0 0 0 0 0 0 0 0 0 0 0 0 0 0 0 0 0 0 0 0 0 0 0 0 0 0 0 0 0 0 0 0 0 0
##$SHL_EXPANDCF5= (0..143)
0 0 0 0 0 0 0 0 0 0 0 0 0 0 0 0 0 0 0 0 0 0 0 0 0 0 0 0 0 0 0 0 0 0 0 0
0 0 0 0 0 0 0 0 0 0 0 0 0 0 0 0 0 0 0 0 0 0 0 0 0 0 0 0 0 0 0 0 0 0 0 0
0 0 0 0 0 0 0 0 0 0 0 0 0 0 0 0 0 0 0 0 0 0 0 0 0 0 0 0 0 0 0 0 0 0 0 0
0 0 0 0 0 0 0 0 0 0 0 0 0 0 0 0 0 0 0 0 0 0 0 0 0 0 0 0 0 0 0 0 0 0 0 0
##$SHL_EXPANDCF6= (0..143)
0 0 0 0 0 0 0 0 0 0 0 0 0 0 0 0 0 0 0 0 0 0 0 0 0 0 0 0 0 0 0 0 0 0 0 0
0 0 0 0 0 0 0 0 0 0 0 0 0 0 0 0 0 0 0 0 0 0 0 0 0 0 0 0 0 0 0 0 0 0 0 0
0 0 0 0 0 0 0 0 0 0 0 0 0 0 0 0 0 0 0 0 0 0 0 0 0 0 0 0 0 0 0 0 0 0 0 0
0 0 0 0 0 0 0 0 0 0 0 0 0 0 0 0 0 0 0 0 0 0 0 0 0 0 0 0 0 0 0 0 0 0 0 0
##$SHL_EXPANDCF7= (0..143)
0 0 0 0 0 0 0 0 0 0 0 0 0 0 0 0 0 0 0 0 0 0 0 0 0 0 0 0 0 0 0 0 0 0 0 0
0 0 0 0 0 0 0 0 0 0 0 0 0 0 0 0 0 0 0 0 0 0 0 0 0 0 0 0 0 0 0 0 0 0 0 0
0 0 0 0 0 0 0 0 0 0 0 0 0 0 0 0 0 0 0 0 0 0 0 0 0 0 0 0 0 0 0 0 0 0 0 0
0 0 0 0 0 0 0 0 0 0 0 0 0 0 0 0 0 0 0 0 0 0 0 0 0 0 0 0 0 0 0 0 0 0 0 0
##$SHL_EXPANDCF8= (0..143)
0 0 0 0 0 0 0 0 0 0 0 0 0 0 0 0 0 0 0 0 0 0 0 0 0 0 0 0 0 0 0 0 0 0 0 0
0 0 0 0 0 0 0 0 0 0 0 0 0 0 0 0 0 0 0 0 0 0 0 0 0 0 0 0 0 0 0 0 0 0 0 0
0 0 0 0 0 0 0 0 0 0 0 0 0 0 0 0 0 0 0 0 0 0 0 0 0 0 0 0 0 0 0 0 0 0 0 0
0 0 0 0 0 0 0 0 0 0 0 0 0 0 0 0 0 0 0 0 0 0 0 0 0 0 0 0 0 0 0 0 0 0 0 0
##$SHL_EXPANDCF9= (0..143)
0 0 0 0 0 0 0 0 0 0 0 0 0 0 0 0 0 0 0 0 0 0 0 0 0 0 0 0 0 0 0 0 0 0 0 0
0 0 0 0 0 0 0 0 0 0 0 0 0 0 0 0 0 0 0 0 0 0 0 0 0 0 0 0 0 0 0 0 0 0 0 0
0 0 0 0 0 0 0 0 0 0 0 0 0 0 0 0 0 0 0 0 0 0 0 0 0 0 0 0 0 0 0 0 0 0 0 0
0 0 0 0 0 0 0 0 0 0 0 0 0 0 0 0 0 0 0 0 0 0 0 0 0 0 0 0 0 0 0 0 0 0 0 0
##$SHL_EXPFAC= (0..15)
0 0 0 0 0 0 0 0 0 0 0 0 0 0 0 0
##$SHL_FRACEND= (0..15)
0 0 0 0 0 0 0 0 0 0 0 0 0 0 0 0
##$SHL_FRACORG= (0..15)
0 0 0 0 0 0 0 0 0 0 0 0 0 0 0 0
##$SHL_FRACSTART= (0..15)
0 0 0 0 0 0 0 0 0 0 0 0 0 0 0 0
##$SHL_FULLHALF= (0..15)
0 0 0 0 0 0 0 0 0 0 0 0 0 0 0 0
##$SHL_FUNCAMP= (0..15)
100 0 0 0 0 0 0 0 0 0 0 0 0 0 0 0
##$SHL_FUNCTION= (0..15)
<Rectangle> <> <> <> <> <> <> <> <> <> <> <> <> <> <> <>
##$SHL_GCO= (0..15)
<> <> <> <> <> <> <> <> <> <> <> <> <> <> <> <>
##$SHL_GCOCOEFFS0= (0..59)
0 0 0 0 0 0 0 0 0 0 0 0 0 0 0 0 0 0 0 0 0 0 0 0 0 0 0 0 0 0 0 0 0 0 0 0
0 0 0 0 0 0 0 0 0 0 0 0 0 0 0 0 0 0 0 0 0 0 0 0
##$SHL_GCOCOEFFS1= (0..59)
0 0 0 0 0 0 0 0 0 0 0 0 0 0 0 0 0 0 0 0 0 0 0 0 0 0 0 0 0 0 0 0 0 0 0 0
0 0 0 0 0 0 0 0 0 0 0 0 0 0 0 0 0 0 0 0 0 0 0 0
##$SHL_GCOCOEFFS10= (0..59)
0 0 0 0 0 0 0 0 0 0 0 0 0 0 0 0 0 0 0 0 0 0 0 0 0 0 0 0 0 0 0 0 0 0 0 0
0 0 0 0 0 0 0 0 0 0 0 0 0 0 0 0 0 0 0 0 0 0 0 0
##$SHL_GCOCOEFFS11= (0..59)
0 0 0 0 0 0 0 0 0 0 0 0 0 0 0 0 0 0 0 0 0 0 0 0 0 0 0 0 0 0 0 0 0 0 0 0
0 0 0 0 0 0 0 0 0 0 0 0 0 0 0 0 0 0 0 0 0 0 0 0
##$SHL_GCOCOEFFS12= (0..59)
0 0 0 0 0 0 0 0 0 0 0 0 0 0 0 0 0 0 0 0 0 0 0 0 0 0 0 0 0 0 0 0 0 0 0 0
0 0 0 0 0 0 0 0 0 0 0 0 0 0 0 0 0 0 0 0 0 0 0 0
##$SHL_GCOCOEFFS13= (0..59)
0 0 0 0 0 0 0 0 0 0 0 0 0 0 0 0 0 0 0 0 0 0 0 0 0 0 0 0 0 0 0 0 0 0 0 0
0 0 0 0 0 0 0 0 0 0 0 0 0 0 0 0 0 0 0 0 0 0 0 0
##$SHL_GCOCOEFFS14= (0..59)
0 0 0 0 0 0 0 0 0 0 0 0 0 0 0 0 0 0 0 0 0 0 0 0 0 0 0 0 0 0 0 0 0 0 0 0
0 0 0 0 0 0 0 0 0 0 0 0 0 0 0 0 0 0 0 0 0 0 0 0
##$SHL_GCOCOEFFS15= (0..59)
0 0 0 0 0 0 0 0 0 0 0 0 0 0 0 0 0 0 0 0 0 0 0 0 0 0 0 0 0 0 0 0 0 0 0 0
0 0 0 0 0 0 0 0 0 0 0 0 0 0 0 0 0 0 0 0 0 0 0 0
##$SHL_GCOCOEFFS2= (0..59)
0 0 0 0 0 0 0 0 0 0 0 0 0 0 0 0 0 0 0 0 0 0 0 0 0 0 0 0 0 0 0 0 0 0 0 0
0 0 0 0 0 0 0 0 0 0 0 0 0 0 0 0 0 0 0 0 0 0 0 0
##$SHL_GCOCOEFFS3= (0..59)
0 0 0 0 0 0 0 0 0 0 0 0 0 0 0 0 0 0 0 0 0 0 0 0 0 0 0 0 0 0 0 0 0 0 0 0
0 0 0 0 0 0 0 0 0 0 0 0 0 0 0 0 0 0 0 0 0 0 0 0
##$SHL_GCOCOEFFS4= (0..59)
0 0 0 0 0 0 0 0 0 0 0 0 0 0 0 0 0 0 0 0 0 0 0 0 0 0 0 0 0 0 0 0 0 0 0 0
0 0 0 0 0 0 0 0 0 0 0 0 0 0 0 0 0 0 0 0 0 0 0 0
##$SHL_GCOCOEFFS5= (0..59)
0 0 0 0 0 0 0 0 0 0 0 0 0 0 0 0 0 0 0 0 0 0 0 0 0 0 0 0 0 0 0 0 0 0 0 0
0 0 0 0 0 0 0 0 0 0 0 0 0 0 0 0 0 0 0 0 0 0 0 0
##$SHL_GCOCOEFFS6= (0..59)
0 0 0 0 0 0 0 0 0 0 0 0 0 0 0 0 0 0 0 0 0 0 0 0 0 0 0 0 0 0 0 0 0 0 0 0
0 0 0 0 0 0 0 0 0 0 0 0 0 0 0 0 0 0 0 0 0 0 0 0
##$SHL_GCOCOEFFS7= (0..59)
0 0 0 0 0 0 0 0 0 0 0 0 0 0 0 0 0 0 0 0 0 0 0 0 0 0 0 0 0 0 0 0 0 0 0 0
0 0 0 0 0 0 0 0 0 0 0 0 0 0 0 0 0 0 0 0 0 0 0 0
##$SHL_GCOCOEFFS8= (0..59)
0 0 0 0 0 0 0 0 0 0 0 0 0 0 0 0 0 0 0 0 0 0 0 0 0 0 0 0 0 0 0 0 0 0 0 0
0 0 0 0 0 0 0 0 0 0 0 0 0 0 0 0 0 0 0 0 0 0 0 0
##$SHL_GCOCOEFFS9= (0..59)
0 0 0 0 0 0 0 0 0 0 0 0 0 0 0 0 0 0 0 0 0 0 0 0 0 0 0 0 0 0 0 0 0 0 0 0
0 0 0 0 0 0 0 0 0 0 0 0 0 0 0 0 0 0 0 0 0 0 0 0
##$SHL_INTEGFAC= (0..15)
1 0 0 0 0 0 0 0 0 0 0 0 0 0 0 0
##$SHL_LB= (0..15)
0 0 0 0 0 0 0 0 0 0 0 0 0 0 0 0
##$SHL_LEFTLIMIT= (0..15)
0 0 0 0 0 0 0 0 0 0 0 0 0 0 0 0
##$SHL_LENGTH= (0..15)
25000.000373 0 0 0 0 0 0 0 0 0 0 0 0 0 0 0
##$SHL_MAN= (0..15)
<> <> <> <> <> <> <> <> <> <> <> <> <> <> <> <>
##$SHL_MEANAMP= (0..15)
0 0 0 0 0 0 0 0 0 0 0 0 0 0 0 0
##$SHL_MODAMP= (0..15)
0 0 0 0 0 0 0 0 0 0 0 0 0 0 0 0
##$SHL_MODE= (0..15)
0 0 0 0 0 0 0 0 0 0 0 0 0 0 0 0
##$SHL_MODFREQ= (0..15)
0 0 0 0 0 0 0 0 0 0 0 0 0 0 0 0
##$SHL_MODPHASE= (0..15)
0 0 0 0 0 0 0 0 0 0 0 0 0 0 0 0
##$SHL_MODSCALE= (0..15)
0 0 0 0 0 0 0 0 0 0 0 0 0 0 0 0
##$SHL_MODSW= (0..15)
0 0 0 0 0 0 0 0 0 0 0 0 0 0 0 0
##$SHL_MODSWDIR= (0..15)
-1 -1 -1 -1 -1 -1 -1 -1 -1 -1 -1 -1 -1 -1 -1 -1
##$SHL_MU= (0..15)
0 0 0 0 0 0 0 0 0 0 0 0 0 0 0 0
##$SHL_NPOINTS= (0..15)
1250 0 0 0 0 0 0 0 0 0 0 0 0 0 0 0
##$SHL_OFFS= (0..15)
<> <> <> <> <> <> <> <> <> <> <> <> <> <> <> <>
##$SHL_OFFSCOEFF0= (0..95)
0 0 0 0 0 0 0 0 0 0 0 0 0 0 0 0 0 0 0 0 0 0 0 0 0 0 0 0 0 0 0 0 0 0 0 0
0 0 0 0 0 0 0 0 0 0 0 0 0 0 0 0 0 0 0 0 0 0 0 0 0 0 0 0 0 0 0 0 0 0 0 0
0 0 0 0 0 0 0 0 0 0 0 0 0 0 0 0 0 0 0 0 0 0 0 0
##$SHL_OFFSCOEFF1= (0..95)
0 0 0 0 0 0 0 0 0 0 0 0 0 0 0 0 0 0 0 0 0 0 0 0 0 0 0 0 0 0 0 0 0 0 0 0
0 0 0 0 0 0 0 0 0 0 0 0 0 0 0 0 0 0 0 0 0 0 0 0 0 0 0 0 0 0 0 0 0 0 0 0
0 0 0 0 0 0 0 0 0 0 0 0 0 0 0 0 0 0 0 0 0 0 0 0
##$SHL_OFFSCOEFF10= (0..95)
0 0 0 0 0 0 0 0 0 0 0 0 0 0 0 0 0 0 0 0 0 0 0 0 0 0 0 0 0 0 0 0 0 0 0 0
0 0 0 0 0 0 0 0 0 0 0 0 0 0 0 0 0 0 0 0 0 0 0 0 0 0 0 0 0 0 0 0 0 0 0 0
0 0 0 0 0 0 0 0 0 0 0 0 0 0 0 0 0 0 0 0 0 0 0 0
##$SHL_OFFSCOEFF11= (0..95)
0 0 0 0 0 0 0 0 0 0 0 0 0 0 0 0 0 0 0 0 0 0 0 0 0 0 0 0 0 0 0 0 0 0 0 0
0 0 0 0 0 0 0 0 0 0 0 0 0 0 0 0 0 0 0 0 0 0 0 0 0 0 0 0 0 0 0 0 0 0 0 0
0 0 0 0 0 0 0 0 0 0 0 0 0 0 0 0 0 0 0 0 0 0 0 0
##$SHL_OFFSCOEFF12= (0..95)
0 0 0 0 0 0 0 0 0 0 0 0 0 0 0 0 0 0 0 0 0 0 0 0 0 0 0 0 0 0 0 0 0 0 0 0
0 0 0 0 0 0 0 0 0 0 0 0 0 0 0 0 0 0 0 0 0 0 0 0 0 0 0 0 0 0 0 0 0 0 0 0
0 0 0 0 0 0 0 0 0 0 0 0 0 0 0 0 0 0 0 0 0 0 0 0
##$SHL_OFFSCOEFF13= (0..95)
0 0 0 0 0 0 0 0 0 0 0 0 0 0 0 0 0 0 0 0 0 0 0 0 0 0 0 0 0 0 0 0 0 0 0 0
0 0 0 0 0 0 0 0 0 0 0 0 0 0 0 0 0 0 0 0 0 0 0 0 0 0 0 0 0 0 0 0 0 0 0 0
0 0 0 0 0 0 0 0 0 0 0 0 0 0 0 0 0 0 0 0 0 0 0 0
##$SHL_OFFSCOEFF14= (0..95)
0 0 0 0 0 0 0 0 0 0 0 0 0 0 0 0 0 0 0 0 0 0 0 0 0 0 0 0 0 0 0 0 0 0 0 0
0 0 0 0 0 0 0 0 0 0 0 0 0 0 0 0 0 0 0 0 0 0 0 0 0 0 0 0 0 0 0 0 0 0 0 0
0 0 0 0 0 0 0 0 0 0 0 0 0 0 0 0 0 0 0 0 0 0 0 0
##$SHL_OFFSCOEFF15= (0..95)
0 0 0 0 0 0 0 0 0 0 0 0 0 0 0 0 0 0 0 0 0 0 0 0 0 0 0 0 0 0 0 0 0 0 0 0
0 0 0 0 0 0 0 0 0 0 0 0 0 0 0 0 0 0 0 0 0 0 0 0 0 0 0 0 0 0 0 0 0 0 0 0
0 0 0 0 0 0 0 0 0 0 0 0 0 0 0 0 0 0 0 0 0 0 0 0
##$SHL_OFFSCOEFF2= (0..95)
0 0 0 0 0 0 0 0 0 0 0 0 0 0 0 0 0 0 0 0 0 0 0 0 0 0 0 0 0 0 0 0 0 0 0 0
0 0 0 0 0 0 0 0 0 0 0 0 0 0 0 0 0 0 0 0 0 0 0 0 0 0 0 0 0 0 0 0 0 0 0 0
0 0 0 0 0 0 0 0 0 0 0 0 0 0 0 0 0 0 0 0 0 0 0 0
##$SHL_OFFSCOEFF3= (0..95)
0 0 0 0 0 0 0 0 0 0 0 0 0 0 0 0 0 0 0 0 0 0 0 0 0 0 0 0 0 0 0 0 0 0 0 0
0 0 0 0 0 0 0 0 0 0 0 0 0 0 0 0 0 0 0 0 0 0 0 0 0 0 0 0 0 0 0 0 0 0 0 0
0 0 0 0 0 0 0 0 0 0 0 0 0 0 0 0 0 0 0 0 0 0 0 0
##$SHL_OFFSCOEFF4= (0..95)
0 0 0 0 0 0 0 0 0 0 0 0 0 0 0 0 0 0 0 0 0 0 0 0 0 0 0 0 0 0 0 0 0 0 0 0
0 0 0 0 0 0 0 0 0 0 0 0 0 0 0 0 0 0 0 0 0 0 0 0 0 0 0 0 0 0 0 0 0 0 0 0
0 0 0 0 0 0 0 0 0 0 0 0 0 0 0 0 0 0 0 0 0 0 0 0
##$SHL_OFFSCOEFF5= (0..95)
0 0 0 0 0 0 0 0 0 0 0 0 0 0 0 0 0 0 0 0 0 0 0 0 0 0 0 0 0 0 0 0 0 0 0 0
0 0 0 0 0 0 0 0 0 0 0 0 0 0 0 0 0 0 0 0 0 0 0 0 0 0 0 0 0 0 0 0 0 0 0 0
0 0 0 0 0 0 0 0 0 0 0 0 0 0 0 0 0 0 0 0 0 0 0 0
##$SHL_OFFSCOEFF6= (0..95)
0 0 0 0 0 0 0 0 0 0 0 0 0 0 0 0 0 0 0 0 0 0 0 0 0 0 0 0 0 0 0 0 0 0 0 0
0 0 0 0 0 0 0 0 0 0 0 0 0 0 0 0 0 0 0 0 0 0 0 0 0 0 0 0 0 0 0 0 0 0 0 0
0 0 0 0 0 0 0 0 0 0 0 0 0 0 0 0 0 0 0 0 0 0 0 0
##$SHL_OFFSCOEFF7= (0..95)
0 0 0 0 0 0 0 0 0 0 0 0 0 0 0 0 0 0 0 0 0 0 0 0 0 0 0 0 0 0 0 0 0 0 0 0
0 0 0 0 0 0 0 0 0 0 0 0 0 0 0 0 0 0 0 0 0 0 0 0 0 0 0 0 0 0 0 0 0 0 0 0
0 0 0 0 0 0 0 0 0 0 0 0 0 0 0 0 0 0 0 0 0 0 0 0
##$SHL_OFFSCOEFF8= (0..95)
0 0 0 0 0 0 0 0 0 0 0 0 0 0 0 0 0 0 0 0 0 0 0 0 0 0 0 0 0 0 0 0 0 0 0 0
0 0 0 0 0 0 0 0 0 0 0 0 0 0 0 0 0 0 0 0 0 0 0 0 0 0 0 0 0 0 0 0 0 0 0 0
0 0 0 0 0 0 0 0 0 0 0 0 0 0 0 0 0 0 0 0 0 0 0 0
##$SHL_OFFSCOEFF9= (0..95)
0 0 0 0 0 0 0 0 0 0 0 0 0 0 0 0 0 0 0 0 0 0 0 0 0 0 0 0 0 0 0 0 0 0 0 0
0 0 0 0 0 0 0 0 0 0 0 0 0 0 0 0 0 0 0 0 0 0 0 0 0 0 0 0 0 0 0 0 0 0 0 0
0 0 0 0 0 0 0 0 0 0 0 0 0 0 0 0 0 0 0 0 0 0 0 0
##$SHL_PHASE= (0..15)
0 0 0 0 0 0 0 0 0 0 0 0 0 0 0 0
##$SHL_PHASEFAC= (0..15)
0 0 0 0 0 0 0 0 0 0 0 0 0 0 0 0
##$SHL_POWERINDEX= (0..15)
0 0 0 0 0 0 0 0 0 0 0 0 0 0 0 0
##$SHL_QUADCOEFF= (0..15)
0 0 0 0 0 0 0 0 0 0 0 0 0 0 0 0
##$SHL_RIGHTLIMIT= (0..15)
0 0 0 0 0 0 0 0 0 0 0 0 0 0 0 0
##$SHL_SCALEFACTOR= (0..15)
1 1 1 1 1 1 1 1 1 1 1 1 1 1 1 1
##$SHL_SF= (0..15)
<> <> <> <> <> <> <> <> <> <> <> <> <> <> <> <>
##$SHL_SFCOEFFS0= (0..200)
0 0 0 0 0 0 0 0 0 0 0 0 0 0 0 0 0 0 0 0 0 0 0 0 0 0 0 0 0 0 0 0 0 0 0 0
0 0 0 0 0 0 0 0 0 0 0 0 0 0 0 0 0 0 0 0 0 0 0 0 0 0 0 0 0 0 0 0 0 0 0 0
0 0 0 0 0 0 0 0 0 0 0 0 0 0 0 0 0 0 0 0 0 0 0 0 0 0 0 0 0 0 0 0 0 0 0 0
0 0 0 0 0 0 0 0 0 0 0 0 0 0 0 0 0 0 0 0 0 0 0 0 0 0 0 0 0 0 0 0 0 0 0 0
0 0 0 0 0 0 0 0 0 0 0 0 0 0 0 0 0 0 0 0 0 0 0 0 0 0 0 0 0 0 0 0 0 0 0 0
0 0 0 0 0 0 0 0 0 0 0 0 0 0 0 0 0 0 0 0 0
##$SHL_SFCOEFFS1= (0..200)
0 0 0 0 0 0 0 0 0 0 0 0 0 0 0 0 0 0 0 0 0 0 0 0 0 0 0 0 0 0 0 0 0 0 0 0
0 0 0 0 0 0 0 0 0 0 0 0 0 0 0 0 0 0 0 0 0 0 0 0 0 0 0 0 0 0 0 0 0 0 0 0
0 0 0 0 0 0 0 0 0 0 0 0 0 0 0 0 0 0 0 0 0 0 0 0 0 0 0 0 0 0 0 0 0 0 0 0
0 0 0 0 0 0 0 0 0 0 0 0 0 0 0 0 0 0 0 0 0 0 0 0 0 0 0 0 0 0 0 0 0 0 0 0
0 0 0 0 0 0 0 0 0 0 0 0 0 0 0 0 0 0 0 0 0 0 0 0 0 0 0 0 0 0 0 0 0 0 0 0
0 0 0 0 0 0 0 0 0 0 0 0 0 0 0 0 0 0 0 0 0
##$SHL_SFCOEFFS10= (0..200)
0 0 0 0 0 0 0 0 0 0 0 0 0 0 0 0 0 0 0 0 0 0 0 0 0 0 0 0 0 0 0 0 0 0 0 0
0 0 0 0 0 0 0 0 0 0 0 0 0 0 0 0 0 0 0 0 0 0 0 0 0 0 0 0 0 0 0 0 0 0 0 0
0 0 0 0 0 0 0 0 0 0 0 0 0 0 0 0 0 0 0 0 0 0 0 0 0 0 0 0 0 0 0 0 0 0 0 0
0 0 0 0 0 0 0 0 0 0 0 0 0 0 0 0 0 0 0 0 0 0 0 0 0 0 0 0 0 0 0 0 0 0 0 0
0 0 0 0 0 0 0 0 0 0 0 0 0 0 0 0 0 0 0 0 0 0 0 0 0 0 0 0 0 0 0 0 0 0 0 0
0 0 0 0 0 0 0 0 0 0 0 0 0 0 0 0 0 0 0 0 0
##$SHL_SFCOEFFS11= (0..200)
0 0 0 0 0 0 0 0 0 0 0 0 0 0 0 0 0 0 0 0 0 0 0 0 0 0 0 0 0 0 0 0 0 0 0 0
0 0 0 0 0 0 0 0 0 0 0 0 0 0 0 0 0 0 0 0 0 0 0 0 0 0 0 0 0 0 0 0 0 0 0 0
0 0 0 0 0 0 0 0 0 0 0 0 0 0 0 0 0 0 0 0 0 0 0 0 0 0 0 0 0 0 0 0 0 0 0 0
0 0 0 0 0 0 0 0 0 0 0 0 0 0 0 0 0 0 0 0 0 0 0 0 0 0 0 0 0 0 0 0 0 0 0 0
0 0 0 0 0 0 0 0 0 0 0 0 0 0 0 0 0 0 0 0 0 0 0 0 0 0 0 0 0 0 0 0 0 0 0 0
0 0 0 0 0 0 0 0 0 0 0 0 0 0 0 0 0 0 0 0 0
##$SHL_SFCOEFFS12= (0..200)
0 0 0 0 0 0 0 0 0 0 0 0 0 0 0 0 0 0 0 0 0 0 0 0 0 0 0 0 0 0 0 0 0 0 0 0
0 0 0 0 0 0 0 0 0 0 0 0 0 0 0 0 0 0 0 0 0 0 0 0 0 0 0 0 0 0 0 0 0 0 0 0
0 0 0 0 0 0 0 0 0 0 0 0 0 0 0 0 0 0 0 0 0 0 0 0 0 0 0 0 0 0 0 0 0 0 0 0
0 0 0 0 0 0 0 0 0 0 0 0 0 0 0 0 0 0 0 0 0 0 0 0 0 0 0 0 0 0 0 0 0 0 0 0
0 0 0 0 0 0 0 0 0 0 0 0 0 0 0 0 0 0 0 0 0 0 0 0 0 0 0 0 0 0 0 0 0 0 0 0
0 0 0 0 0 0 0 0 0 0 0 0 0 0 0 0 0 0 0 0 0
##$SHL_SFCOEFFS13= (0..200)
0 0 0 0 0 0 0 0 0 0 0 0 0 0 0 0 0 0 0 0 0 0 0 0 0 0 0 0 0 0 0 0 0 0 0 0
0 0 0 0 0 0 0 0 0 0 0 0 0 0 0 0 0 0 0 0 0 0 0 0 0 0 0 0 0 0 0 0 0 0 0 0
0 0 0 0 0 0 0 0 0 0 0 0 0 0 0 0 0 0 0 0 0 0 0 0 0 0 0 0 0 0 0 0 0 0 0 0
0 0 0 0 0 0 0 0 0 0 0 0 0 0 0 0 0 0 0 0 0 0 0 0 0 0 0 0 0 0 0 0 0 0 0 0
0 0 0 0 0 0 0 0 0 0 0 0 0 0 0 0 0 0 0 0 0 0 0 0 0 0 0 0 0 0 0 0 0 0 0 0
0 0 0 0 0 0 0 0 0 0 0 0 0 0 0 0 0 0 0 0 0
##$SHL_SFCOEFFS14= (0..200)
0 0 0 0 0 0 0 0 0 0 0 0 0 0 0 0 0 0 0 0 0 0 0 0 0 0 0 0 0 0 0 0 0 0 0 0
0 0 0 0 0 0 0 0 0 0 0 0 0 0 0 0 0 0 0 0 0 0 0 0 0 0 0 0 0 0 0 0 0 0 0 0
0 0 0 0 0 0 0 0 0 0 0 0 0 0 0 0 0 0 0 0 0 0 0 0 0 0 0 0 0 0 0 0 0 0 0 0
0 0 0 0 0 0 0 0 0 0 0 0 0 0 0 0 0 0 0 0 0 0 0 0 0 0 0 0 0 0 0 0 0 0 0 0
0 0 0 0 0 0 0 0 0 0 0 0 0 0 0 0 0 0 0 0 0 0 0 0 0 0 0 0 0 0 0 0 0 0 0 0
0 0 0 0 0 0 0 0 0 0 0 0 0 0 0 0 0 0 0 0 0
##$SHL_SFCOEFFS15= (0..200)
0 0 0 0 0 0 0 0 0 0 0 0 0 0 0 0 0 0 0 0 0 0 0 0 0 0 0 0 0 0 0 0 0 0 0 0
0 0 0 0 0 0 0 0 0 0 0 0 0 0 0 0 0 0 0 0 0 0 0 0 0 0 0 0 0 0 0 0 0 0 0 0
0 0 0 0 0 0 0 0 0 0 0 0 0 0 0 0 0 0 0 0 0 0 0 0 0 0 0 0 0 0 0 0 0 0 0 0
0 0 0 0 0 0 0 0 0 0 0 0 0 0 0 0 0 0 0 0 0 0 0 0 0 0 0 0 0 0 0 0 0 0 0 0
0 0 0 0 0 0 0 0 0 0 0 0 0 0 0 0 0 0 0 0 0 0 0 0 0 0 0 0 0 0 0 0 0 0 0 0
0 0 0 0 0 0 0 0 0 0 0 0 0 0 0 0 0 0 0 0 0
##$SHL_SFCOEFFS2= (0..200)
0 0 0 0 0 0 0 0 0 0 0 0 0 0 0 0 0 0 0 0 0 0 0 0 0 0 0 0 0 0 0 0 0 0 0 0
0 0 0 0 0 0 0 0 0 0 0 0 0 0 0 0 0 0 0 0 0 0 0 0 0 0 0 0 0 0 0 0 0 0 0 0
0 0 0 0 0 0 0 0 0 0 0 0 0 0 0 0 0 0 0 0 0 0 0 0 0 0 0 0 0 0 0 0 0 0 0 0
0 0 0 0 0 0 0 0 0 0 0 0 0 0 0 0 0 0 0 0 0 0 0 0 0 0 0 0 0 0 0 0 0 0 0 0
0 0 0 0 0 0 0 0 0 0 0 0 0 0 0 0 0 0 0 0 0 0 0 0 0 0 0 0 0 0 0 0 0 0 0 0
0 0 0 0 0 0 0 0 0 0 0 0 0 0 0 0 0 0 0 0 0
##$SHL_SFCOEFFS3= (0..200)
0 0 0 0 0 0 0 0 0 0 0 0 0 0 0 0 0 0 0 0 0 0 0 0 0 0 0 0 0 0 0 0 0 0 0 0
0 0 0 0 0 0 0 0 0 0 0 0 0 0 0 0 0 0 0 0 0 0 0 0 0 0 0 0 0 0 0 0 0 0 0 0
0 0 0 0 0 0 0 0 0 0 0 0 0 0 0 0 0 0 0 0 0 0 0 0 0 0 0 0 0 0 0 0 0 0 0 0
0 0 0 0 0 0 0 0 0 0 0 0 0 0 0 0 0 0 0 0 0 0 0 0 0 0 0 0 0 0 0 0 0 0 0 0
0 0 0 0 0 0 0 0 0 0 0 0 0 0 0 0 0 0 0 0 0 0 0 0 0 0 0 0 0 0 0 0 0 0 0 0
0 0 0 0 0 0 0 0 0 0 0 0 0 0 0 0 0 0 0 0 0
##$SHL_SFCOEFFS4= (0..200)
0 0 0 0 0 0 0 0 0 0 0 0 0 0 0 0 0 0 0 0 0 0 0 0 0 0 0 0 0 0 0 0 0 0 0 0
0 0 0 0 0 0 0 0 0 0 0 0 0 0 0 0 0 0 0 0 0 0 0 0 0 0 0 0 0 0 0 0 0 0 0 0
0 0 0 0 0 0 0 0 0 0 0 0 0 0 0 0 0 0 0 0 0 0 0 0 0 0 0 0 0 0 0 0 0 0 0 0
0 0 0 0 0 0 0 0 0 0 0 0 0 0 0 0 0 0 0 0 0 0 0 0 0 0 0 0 0 0 0 0 0 0 0 0
0 0 0 0 0 0 0 0 0 0 0 0 0 0 0 0 0 0 0 0 0 0 0 0 0 0 0 0 0 0 0 0 0 0 0 0
0 0 0 0 0 0 0 0 0 0 0 0 0 0 0 0 0 0 0 0 0
##$SHL_SFCOEFFS5= (0..200)
0 0 0 0 0 0 0 0 0 0 0 0 0 0 0 0 0 0 0 0 0 0 0 0 0 0 0 0 0 0 0 0 0 0 0 0
0 0 0 0 0 0 0 0 0 0 0 0 0 0 0 0 0 0 0 0 0 0 0 0 0 0 0 0 0 0 0 0 0 0 0 0
0 0 0 0 0 0 0 0 0 0 0 0 0 0 0 0 0 0 0 0 0 0 0 0 0 0 0 0 0 0 0 0 0 0 0 0
0 0 0 0 0 0 0 0 0 0 0 0 0 0 0 0 0 0 0 0 0 0 0 0 0 0 0 0 0 0 0 0 0 0 0 0
0 0 0 0 0 0 0 0 0 0 0 0 0 0 0 0 0 0 0 0 0 0 0 0 0 0 0 0 0 0 0 0 0 0 0 0
0 0 0 0 0 0 0 0 0 0 0 0 0 0 0 0 0 0 0 0 0
##$SHL_SFCOEFFS6= (0..200)
0 0 0 0 0 0 0 0 0 0 0 0 0 0 0 0 0 0 0 0 0 0 0 0 0 0 0 0 0 0 0 0 0 0 0 0
0 0 0 0 0 0 0 0 0 0 0 0 0 0 0 0 0 0 0 0 0 0 0 0 0 0 0 0 0 0 0 0 0 0 0 0
0 0 0 0 0 0 0 0 0 0 0 0 0 0 0 0 0 0 0 0 0 0 0 0 0 0 0 0 0 0 0 0 0 0 0 0
0 0 0 0 0 0 0 0 0 0 0 0 0 0 0 0 0 0 0 0 0 0 0 0 0 0 0 0 0 0 0 0 0 0 0 0
0 0 0 0 0 0 0 0 0 0 0 0 0 0 0 0 0 0 0 0 0 0 0 0 0 0 0 0 0 0 0 0 0 0 0 0
0 0 0 0 0 0 0 0 0 0 0 0 0 0 0 0 0 0 0 0 0
##$SHL_SFCOEFFS7= (0..200)
0 0 0 0 0 0 0 0 0 0 0 0 0 0 0 0 0 0 0 0 0 0 0 0 0 0 0 0 0 0 0 0 0 0 0 0
0 0 0 0 0 0 0 0 0 0 0 0 0 0 0 0 0 0 0 0 0 0 0 0 0 0 0 0 0 0 0 0 0 0 0 0
0 0 0 0 0 0 0 0 0 0 0 0 0 0 0 0 0 0 0 0 0 0 0 0 0 0 0 0 0 0 0 0 0 0 0 0
0 0 0 0 0 0 0 0 0 0 0 0 0 0 0 0 0 0 0 0 0 0 0 0 0 0 0 0 0 0 0 0 0 0 0 0
0 0 0 0 0 0 0 0 0 0 0 0 0 0 0 0 0 0 0 0 0 0 0 0 0 0 0 0 0 0 0 0 0 0 0 0
0 0 0 0 0 0 0 0 0 0 0 0 0 0 0 0 0 0 0 0 0
##$SHL_SFCOEFFS8= (0..200)
0 0 0 0 0 0 0 0 0 0 0 0 0 0 0 0 0 0 0 0 0 0 0 0 0 0 0 0 0 0 0 0 0 0 0 0
0 0 0 0 0 0 0 0 0 0 0 0 0 0 0 0 0 0 0 0 0 0 0 0 0 0 0 0 0 0 0 0 0 0 0 0
0 0 0 0 0 0 0 0 0 0 0 0 0 0 0 0 0 0 0 0 0 0 0 0 0 0 0 0 0 0 0 0 0 0 0 0
0 0 0 0 0 0 0 0 0 0 0 0 0 0 0 0 0 0 0 0 0 0 0 0 0 0 0 0 0 0 0 0 0 0 0 0
0 0 0 0 0 0 0 0 0 0 0 0 0 0 0 0 0 0 0 0 0 0 0 0 0 0 0 0 0 0 0 0 0 0 0 0
0 0 0 0 0 0 0 0 0 0 0 0 0 0 0 0 0 0 0 0 0
##$SHL_SFCOEFFS9= (0..200)
0 0 0 0 0 0 0 0 0 0 0 0 0 0 0 0 0 0 0 0 0 0 0 0 0 0 0 0 0 0 0 0 0 0 0 0
0 0 0 0 0 0 0 0 0 0 0 0 0 0 0 0 0 0 0 0 0 0 0 0 0 0 0 0 0 0 0 0 0 0 0 0
0 0 0 0 0 0 0 0 0 0 0 0 0 0 0 0 0 0 0 0 0 0 0 0 0 0 0 0 0 0 0 0 0 0 0 0
0 0 0 0 0 0 0 0 0 0 0 0 0 0 0 0 0 0 0 0 0 0 0 0 0 0 0 0 0 0 0 0 0 0 0 0
0 0 0 0 0 0 0 0 0 0 0 0 0 0 0 0 0 0 0 0 0 0 0 0 0 0 0 0 0 0 0 0 0 0 0 0
0 0 0 0 0 0 0 0 0 0 0 0 0 0 0 0 0 0 0 0 0
##$SHL_SMOOTHED= (0..15)
0 0 0 0 0 0 0 0 0 0 0 0 0 0 0 0
##$SHL_SMOOTHING= (0..15)
0 0 0 0 0 0 0 0 0 0 0 0 0 0 0 0
##$SHL_SPOAL= (0..15)
0 0 0 0 0 0 0 0 0 0 0 0 0 0 0 0
##$SHL_SPOFFS= (0..15)
0 0 0 0 0 0 0 0 0 0 0 0 0 0 0 0
##$SHL_SPOPH= (0..15)
0 0 0 0 0 0 0 0 0 0 0 0 0 0 0 0
##$SHL_STARTAMP= (0..15)
0 0 0 0 0 0 0 0 0 0 0 0 0 0 0 0
##$SHL_SW= (0..15)
0 0 0 0 0 0 0 0 0 0 0 0 0 0 0 0
##$SHL_SWDIR= (0..15)
-1 -1 -1 -1 -1 -1 -1 -1 -1 -1 -1 -1 -1 -1 -1 -1
##$SHL_TANKAPPA= (0..15)
0 0 0 0 0 0 0 0 0 0 0 0 0 0 0 0
##$SHL_TOTROT= (0..15)
90 0 0 0 0 0 0 0 0 0 0 0 0 0 0 0
##$SHL_TRUNCLEV= (0..15)
0 0 0 0 0 0 0 0 0 0 0 0 0 0 0 0
##$SHL_TYPE= (0..15)
<Excitation> <> <> <> <> <> <> <> <> <> <> <> <> <> <> <>
##$SHL_WINDOWSIZE= (0..15)
0 0 0 0 0 0 0 0 0 0 0 0 0 0 0 0
##$SHL_ZETA= (0..15)
0 0 0 0 0 0 0 0 0 0 0 0 0 0 0 0
##NPOINTS= 1250
##XYPOINTS= (XY..XY)
40.596263, 171.133003
42.138278, 171.723662
43.668203, 172.314322
45.185602, 172.904982
46.690038, 173.495641
48.181079, 174.086301
49.658299, 174.676961
51.121273, 175.267621
52.569581, 175.858280
54.002809, 176.448940
55.420544, 177.039600
56.822381, 177.630260
58.207916, 178.220919
59.576753, 178.811579
60.928499, 179.402239
62.262766, 179.992898
63.579171, 180.583558
64.877337, 181.174218
66.156891, 181.764878
67.417467, 182.355537
68.658702, 182.946197
69.880240, 183.536857
71.081731, 184.127517
72.262831, 184.718176
73.423200, 185.308836
74.562506, 185.899496
75.680422, 186.490155
76.776627, 187.080815
77.850806, 187.671475
78.902652, 188.262135
79.931863, 188.852794
80.938143, 189.443454
81.921204, 190.034114
82.880763, 190.624773
83.816547, 191.215433
84.728285, 191.806093
85.615716, 192.396753
86.478587, 192.987412
87.316649, 193.578072
88.129662, 194.168732
88.917392, 194.759392
89.679615, 195.350051
90.416110, 195.940711
91.126667, 196.531371
91.811082, 197.122030
92.469159, 197.712690
93.100709, 198.303350
93.705550, 198.894010
94.283509, 199.484669
94.834421, 200.075329
95.358127, 200.665989
95.854477, 201.256649
96.323328, 201.847308
96.764547, 202.437968
97.178006, 203.028628
97.563588, 203.619287
97.921180, 204.209947
98.250681, 204.800607
98.551997, 205.391267
98.825040, 205.981926
99.069733, 206.572586
99.286005, 207.163246
99.473795, 207.753905
99.633047, 208.344565
99.763718, 208.935225
99.865768, 209.525885
99.939170, 210.116544
99.983901, 210.707204
99.999949, 211.297864
99.987310, 211.888524
99.945987, 212.479183
99.875991, 213.069843
99.777344, 213.660503
99.650073, 214.251162
99.494215, 214.841822
99.309814, 215.432482
99.096923, 216.023142
98.855604, 216.613801
98.585926, 217.204461
98.287966, 217.795121
97.961809, 218.385780
97.607550, 218.976440
97.225289, 219.567100
96.815136, 220.157760
96.377210, 220.748419
95.911635, 221.339079
95.418546, 221.929739
94.898083, 222.520399
94.350396, 223.111058
93.775642, 223.701718
93.173987, 224.292378
92.545602, 224.883037
91.890668, 225.473697
91.209372, 226.064357
90.501911, 226.655017
89.768487, 227.245676
89.009311, 227.836336
88.224600, 228.426996
87.414579, 229.017656
86.579482, 229.608315
85.719547, 230.198975
84.835020, 230.789635
83.926157, 231.380294
82.993217, 231.970954
82.036469, 232.561614
81.056186, 233.152274
80.052650, 233.742933
79.026149, 234.333593
77.976978, 234.924253
76.905436, 235.514912
75.811832, 236.105572
74.696480, 236.696232
73.559699, 237.286892
72.401815, 237.877551
71.223162, 238.468211
70.024076, 239.058871
68.804901, 239.649531
67.565988, 240.240190
66.307693, 240.830850
65.030375, 241.421510
63.734401, 242.012169
62.420144, 242.602829
61.087979, 243.193489
59.738290, 243.784149
58.371464, 244.374808
56.987892, 244.965468
55.587972, 245.556128
54.172104, 246.146788
52.740697, 246.737447
51.294159, 247.328107
49.832906, 247.918767
48.357357, 248.509426
46.867935, 249.100086
45.365069, 249.690746
43.849188, 250.281406
42.320728, 250.872065
40.780127, 251.462725
39.227827, 252.053385
37.664274, 252.644044
36.089916, 253.234704
34.505204, 253.825364
32.910594, 254.416024
31.306542, 255.006683
29.693509, 255.597343
28.071958, 256.188003
26.442354, 256.778663
24.805164, 257.369322
23.160859, 257.959982
21.509908, 258.550642
19.852787, 259.141301
18.189971, 259.731961
16.521937, 260.322621
14.849163, 260.913281
13.172129, 261.503940
11.491316, 262.094600
9.807207, 262.685260
8.120284, 263.275919
6.431031, 263.866579
4.739934, 264.457239
3.047477, 265.047899
1.354146, 265.638558
0.339574, 86.229218
2.033196, 86.819878
3.726235, 87.410538
5.418205, 88.001197
7.108621, 88.591857
8.796998, 89.182517
10.482850, 89.773176
12.165696, 90.363836
13.845051, 90.954496
15.520435, 91.545156
17.191366, 92.135815
18.857366, 92.726475
20.517955, 93.317135
22.172659, 93.907795
23.821002, 94.498454
25.462511, 95.089114
27.096715, 95.679774
28.723146, 96.270433
30.341338, 96.861093
31.950825, 97.451753
33.551146, 98.042413
35.141842, 98.633072
36.722456, 99.223732
38.292536, 99.814392
39.851631, 100.405051
41.399293, 100.995711
42.935079, 101.586371
44.458547, 102.177031
45.969262, 102.767690
47.466789, 103.358350
48.950699, 103.949010
50.420566, 104.539670
51.875969, 105.130329
53.316490, 105.720989
54.741715, 106.311649
56.151237, 106.902308
57.544650, 107.492968
58.921554, 108.083628
60.281556, 108.674288
61.624264, 109.264947
62.949294, 109.855607
64.256265, 110.446267
65.544803, 111.036926
66.814537, 111.627586
68.065104, 112.218246
69.296145, 112.808906
70.507306, 113.399565
71.698240, 113.990225
72.868606, 114.580885
74.018068, 115.171545
75.146295, 115.762204
76.252965, 116.352864
77.337760, 116.943524
78.400368, 117.534183
79.440486, 118.124843
80.457813, 118.715503
81.452060, 119.306163
82.422939, 119.896822
83.370174, 120.487482
84.293491, 121.078142
85.192627, 121.668802
86.067323, 122.259461
86.917328, 122.850121
87.742399, 123.440781
88.542299, 124.031440
89.316798, 124.622100
90.065674, 125.212760
90.788712, 125.803420
91.485706, 126.394079
92.156454, 126.984739
92.800765, 127.575399
93.418453, 128.166058
94.009342, 128.756718
94.573262, 129.347378
95.110051, 129.938038
95.619556, 130.528697
96.101629, 131.119357
96.556133, 131.710017
96.982938, 132.300677
97.381920, 132.891336
97.752966, 133.481996
98.095969, 134.072656
98.410830, 134.663315
98.697460, 135.253975
98.955776, 135.844635
99.185704, 136.435295
99.387178, 137.025954
99.560140, 137.616614
99.704540, 138.207274
99.820338, 138.797934
99.907500, 139.388593
99.966001, 139.979253
99.995823, 140.569913
99.996960, 141.160572
99.969409, 141.751232
99.913180, 142.341892
99.828288, 142.932552
99.714758, 143.523211
99.572622, 144.113871
99.401921, 144.704531
99.202704, 145.295190
98.975028, 145.885850
98.718959, 146.476510
98.434569, 147.067170
98.121941, 147.657829
97.781164, 148.248489
97.412336, 148.839149
97.015563, 149.429809
96.590958, 150.020468
96.138644, 150.611128
95.658749, 151.201788
95.151413, 151.792447
94.616780, 152.383107
94.055004, 152.973767
93.466245, 153.564427
92.850673, 154.155086
92.208465, 154.745746
91.539804, 155.336406
90.844883, 155.927065
90.123900, 156.517725
89.377063, 157.108385
88.604586, 157.699045
87.806691, 158.289704
86.983606, 158.880364
86.135567, 159.471024
85.262818, 160.061684
84.365609, 160.652343
83.444198, 161.243003
82.498848, 161.833663
81.529832, 162.424322
80.537426, 163.014982
79.521917, 163.605642
78.483594, 164.196302
77.422757, 164.786961
76.339708, 165.377621
75.234760, 165.968281
74.108229, 166.558941
72.960437, 167.149600
71.791715, 167.740260
70.602398, 168.330920
69.392827, 168.921579
68.163348, 169.512239
66.914315, 170.102899
65.646086, 170.693559
64.359025, 171.284218
63.053500, 171.874878
61.729888, 172.465538
60.388566, 173.056197
59.029920, 173.646857
57.654340, 174.237517
56.262220, 174.828177
54.853960, 175.418836
53.429964, 176.009496
51.990640, 176.600156
50.536401, 177.190816
49.067664, 177.781475
47.584851, 178.372135
46.088387, 178.962795
44.578702, 179.553454
43.056228, 180.144114
41.521402, 180.734774
39.974664, 181.325434
38.416459, 181.916093
36.847233, 182.506753
35.267437, 183.097413
33.677523, 183.688073
32.077948, 184.278732
30.469170, 184.869392
28.851652, 185.460052
27.225856, 186.050711
25.592251, 186.641371
23.951303, 187.232031
22.303484, 187.822691
20.649267, 188.413350
18.989127, 189.004010
17.323538, 189.594670
15.652980, 190.185329
13.977932, 190.775989
12.298874, 191.366649
10.616287, 191.957309
8.930655, 192.547968
7.242461, 193.138628
5.552189, 193.729288
3.860324, 194.319948
2.167352, 194.910607
0.473758, 195.501267
1.219972, 16.091927
2.913351, 16.682586
4.605895, 17.273246
6.297118, 17.863906
7.986534, 18.454566
9.673659, 19.045225
11.358009, 19.635885
13.039101, 20.226545
14.716452, 20.817204
16.389581, 21.407864
18.058008, 21.998524
19.721255, 22.589184
21.378845, 23.179843
23.030301, 23.770503
24.675150, 24.361163
26.312921, 24.951823
27.943143, 25.542482
29.565349, 26.133142
31.179074, 26.723802
32.783854, 27.314461
34.379229, 27.905121
35.964741, 28.495781
37.539936, 29.086441
39.104362, 29.677100
40.657569, 30.267760
42.199113, 30.858420
43.728551, 31.449080
45.245445, 32.039739
46.749358, 32.630399
48.239860, 33.221059
49.716524, 33.811718
51.178925, 34.402378
52.626643, 34.993038
54.059265, 35.583698
55.476378, 36.174357
56.877577, 36.765017
58.262458, 37.355677
59.630626, 37.946336
60.981686, 38.536996
62.315253, 39.127656
63.630943, 39.718316
64.928379, 40.308975
66.207188, 40.899635
67.467004, 41.490295
68.707466, 42.080955
69.928217, 42.671614
71.128907, 43.262274
72.309192, 43.852934
73.468733, 44.443593
74.607198, 45.034253
75.724260, 45.624913
76.819598, 46.215573
77.892898, 46.806232
78.943853, 47.396892
79.972161, 47.987552
80.977527, 48.578211
81.959662, 49.168871
82.918285, 49.759531
83.853121, 50.350191
84.763901, 50.940850
85.650365, 51.531510
86.512258, 52.122170
87.349332, 52.712830
88.161348, 53.303489
88.948072, 53.894149
89.709279, 54.484809
90.444751, 55.075468
91.154277, 55.666128
91.837652, 56.256788
92.494682, 56.847448
93.125177, 57.438107
93.728956, 58.028767
94.305847, 58.619427
94.855684, 59.210087
95.378309, 59.800746
95.873573, 60.391406
96.341332, 60.982066
96.781454, 61.572725
97.193811, 62.163385
97.578285, 62.754045
97.934767, 63.344705
98.263154, 63.935364
98.563351, 64.526024
98.835273, 65.116684
99.078841, 65.707343
99.293986, 66.298003
99.480646, 66.888663
99.638767, 67.479323
99.768305, 68.069982
99.869221, 68.660642
99.941487, 69.251302
99.985082, 69.841962
99.999994, 70.432621
99.986219, 71.023281
99.943759, 71.613941
99.872629, 72.204600
99.772847, 72.795260
99.644443, 73.385920
99.487453, 73.976580
99.301922, 74.567239
99.087905, 75.157899
98.845461, 75.748559
98.574661, 76.339219
98.275582, 76.929878
97.948310, 77.520538
97.592939, 78.111198
97.209572, 78.701857
96.798317, 79.292517
96.359293, 79.883177
95.892625, 80.473837
95.398449, 81.064496
94.876905, 81.655156
94.328143, 82.245816
93.752320, 82.836475
93.149603, 83.427135
92.520163, 84.017795
91.864181, 84.608455
91.181845, 85.199114
90.473352, 85.789774
89.738904, 86.380434
88.978712, 86.971094
88.192994, 87.561753
87.381975, 88.152413
86.545889, 88.743073
85.684975, 89.333732
84.799480, 89.924392
83.889658, 90.515052
82.955770, 91.105712
81.998084, 91.696371
81.016875, 92.287031
80.012424, 92.877691
78.985019, 93.468350
77.934956, 94.059010
76.862534, 94.649670
75.768063, 95.240330
74.651856, 95.830989
73.514233, 96.421649
72.355520, 97.012309
71.176050, 97.602969
69.976162, 98.193628
68.756199, 98.784288
67.516512, 99.374948
66.257455, 99.965607
64.979391, 100.556267
63.682686, 101.146927
62.367712, 101.737587
61.034847, 102.328246
59.684471, 102.918906
58.316974, 103.509566
56.932747, 104.100226
55.532187, 104.690885
54.115697, 105.281545
52.683682, 105.872205
51.236553, 106.462864
49.774726, 107.053524
48.298619, 107.644184
46.808657, 108.234844
45.305267, 108.825503
43.788880, 109.416163
42.259930, 110.006823
40.718857, 110.597482
39.166103, 111.188142
37.602113, 111.778802
36.027337, 112.369462
34.442224, 112.960121
32.847231, 113.550781
31.242815, 114.141441
29.629436, 114.732101
28.007557, 115.322760
26.377644, 115.913420
24.740163, 116.504080
23.095585, 117.094739
21.444381, 117.685399
19.787026, 118.276059
18.123994, 118.866719
16.455763, 119.457378
14.782811, 120.048038
13.105618, 120.638698
11.424665, 121.229358
9.740435, 121.820017
8.053411, 122.410677
6.364076, 123.001337
4.672916, 123.591996
2.980415, 124.182656
1.287059, 124.773316
0.406666, 305.363976
2.100275, 305.954635
3.793281, 306.545295
5.485198, 307.135955
7.175542, 307.726614
8.863828, 308.317274
10.549571, 308.907934
12.232287, 309.498594
13.911495, 310.089253
15.586711, 310.679913
17.257456, 311.270573
18.923250, 311.861233
20.583616, 312.451892
22.238077, 313.042552
23.886158, 313.633212
25.527386, 314.223871
27.161292, 314.814531
28.787405, 315.405191
30.405261, 315.995851
32.014393, 316.586510
33.614342, 317.177170
35.204647, 317.767830
36.784853, 318.358489
38.354506, 318.949149
39.913157, 319.539809
41.460357, 320.130469
42.995663, 320.721128
44.518635, 321.311788
46.028835, 321.902448
47.525831, 322.493108
49.009193, 323.083767
50.478495, 323.674427
51.933316, 324.265087
53.373239, 324.855746
54.797850, 325.446406
56.206741, 326.037066
57.599508, 326.627726
58.975750, 327.218385
60.335075, 327.809045
61.677090, 328.399705
63.001412, 328.990365
64.307660, 329.581024
65.595459, 330.171684
66.864441, 330.762344
68.114242, 331.353003
69.344501, 331.943663
70.554868, 332.534323
71.744994, 333.124983
72.914538, 333.715642
74.063165, 334.306302
75.190545, 334.896962
76.296354, 335.487621
77.380276, 336.078281
78.441999, 336.668941
79.481219, 337.259601
80.497638, 337.850260
81.490964, 338.440920
82.460912, 339.031580
83.407204, 339.622240
84.329569, 340.212899
85.227741, 340.803559
86.101464, 341.394219
86.950486, 341.984878
87.774565, 342.575538
88.573462, 343.166198
89.346951, 343.756858
90.094807, 344.347517
90.816818, 344.938177
91.512776, 345.528837
92.182480, 346.119496
92.825740, 346.710156
93.442370, 347.300816
94.032194, 347.891476
94.595042, 348.482135
95.130754, 349.072795
95.639174, 349.663455
96.120158, 350.254115
96.573567, 350.844774
96.999272, 351.435434
97.397150, 352.026094
97.767087, 352.616753
98.108977, 353.207413
98.422722, 353.798073
98.708232, 354.388733
98.965424, 354.979392
99.194226, 355.570052
99.394572, 356.160712
99.566403, 356.751372
99.709672, 357.342031
99.824336, 357.932691
99.910362, 358.523351
99.967727, 359.114010
99.996414, 359.704670
99.996414, 0.295330
99.967727, 0.885990
99.910362, 1.476649
99.824336, 2.067309
99.709672, 2.657969
99.566403, 3.248628
99.394572, 3.839288
99.194226, 4.429948
98.965424, 5.020608
98.708232, 5.611267
98.422722, 6.201927
98.108977, 6.792587
97.767087, 7.383247
97.397150, 7.973906
96.999272, 8.564566
96.573567, 9.155226
96.120158, 9.745885
95.639174, 10.336545
95.130754, 10.927205
94.595042, 11.517865
94.032194, 12.108524
93.442370, 12.699184
92.825740, 13.289844
92.182480, 13.880504
91.512776, 14.471163
90.816818, 15.061823
90.094807, 15.652483
89.346951, 16.243142
88.573462, 16.833802
87.774565, 17.424462
86.950486, 18.015122
86.101464, 18.605781
85.227741, 19.196441
84.329569, 19.787101
83.407204, 20.377760
82.460912, 20.968420
81.490964, 21.559080
80.497638, 22.149740
79.481219, 22.740399
78.441999, 23.331059
77.380276, 23.921719
76.296354, 24.512379
75.190545, 25.103038
74.063165, 25.693698
72.914538, 26.284358
71.744994, 26.875017
70.554868, 27.465677
69.344501, 28.056337
68.114242, 28.646997
66.864441, 29.237656
65.595459, 29.828316
64.307660, 30.418976
63.001412, 31.009635
61.677090, 31.600295
60.335075, 32.190955
58.975750, 32.781615
57.599508, 33.372274
56.206741, 33.962934
54.797850, 34.553594
53.373239, 35.144254
51.933316, 35.734913
50.478495, 36.325573
49.009193, 36.916233
47.525831, 37.506892
46.028835, 38.097552
44.518635, 38.688212
42.995663, 39.278872
41.460357, 39.869531
39.913157, 40.460191
38.354506, 41.050851
36.784853, 41.641511
35.204647, 42.232170
33.614342, 42.822830
32.014393, 43.413490
30.405261, 44.004149
28.787405, 44.594809
27.161292, 45.185469
25.527386, 45.776129
23.886158, 46.366788
22.238077, 46.957448
20.583616, 47.548108
18.923250, 48.138767
17.257456, 48.729427
15.586711, 49.320087
13.911495, 49.910747
12.232287, 50.501406
10.549571, 51.092066
8.863828, 51.682726
7.175542, 52.273386
5.485198, 52.864045
3.793281, 53.454705
2.100275, 54.045365
0.406666, 54.636024
1.287059, 235.226684
2.980415, 235.817344
4.672916, 236.408004
6.364076, 236.998663
8.053411, 237.589323
9.740435, 238.179983
11.424665, 238.770642
13.105618, 239.361302
14.782811, 239.951962
16.455763, 240.542622
18.123994, 241.133281
19.787026, 241.723941
21.444381, 242.314601
23.095585, 242.905261
24.740163, 243.495920
26.377644, 244.086580
28.007557, 244.677240
29.629436, 245.267899
31.242815, 245.858559
32.847231, 246.449219
34.442224, 247.039879
36.027337, 247.630538
37.602113, 248.221198
39.166103, 248.811858
40.718857, 249.402518
42.259930, 249.993177
43.788880, 250.583837
45.305267, 251.174497
46.808657, 251.765156
48.298619, 252.355816
49.774726, 252.946476
51.236553, 253.537136
52.683682, 254.127795
54.115697, 254.718455
55.532187, 255.309115
56.932747, 255.899774
58.316974, 256.490434
59.684471, 257.081094
61.034847, 257.671754
62.367712, 258.262413
63.682686, 258.853073
64.979391, 259.443733
66.257455, 260.034393
67.516512, 260.625052
68.756199, 261.215712
69.976162, 261.806372
71.176050, 262.397031
72.355520, 262.987691
73.514233, 263.578351
74.651856, 264.169011
75.768063, 264.759670
76.862534, 265.350330
77.934956, 265.940990
78.985019, 266.531650
80.012424, 267.122309
81.016875, 267.712969
81.998084, 268.303629
82.955770, 268.894288
83.889658, 269.484948
84.799480, 270.075608
85.684975, 270.666268
86.545889, 271.256927
87.381975, 271.847587
88.192994, 272.438247
88.978712, 273.028906
89.738904, 273.619566
90.473352, 274.210226
91.181845, 274.800886
91.864181, 275.391545
92.520163, 275.982205
93.149603, 276.572865
93.752320, 277.163525
94.328143, 277.754184
94.876905, 278.344844
95.398449, 278.935504
95.892625, 279.526163
96.359293, 280.116823
96.798317, 280.707483
97.209572, 281.298143
97.592939, 281.888802
97.948310, 282.479462
98.275582, 283.070122
98.574661, 283.660781
98.845461, 284.251441
99.087905, 284.842101
99.301922, 285.432761
99.487453, 286.023420
99.644443, 286.614080
99.772847, 287.204740
99.872629, 287.795400
99.943759, 288.386059
99.986219, 288.976719
99.999994, 289.567379
99.985082, 290.158038
99.941487, 290.748698
99.869221, 291.339358
99.768305, 291.930018
99.638767, 292.520677
99.480646, 293.111337
99.293986, 293.701997
99.078841, 294.292657
98.835273, 294.883316
98.563351, 295.473976
98.263154, 296.064636
97.934767, 296.655295
97.578285, 297.245955
97.193811, 297.836615
96.781454, 298.427275
96.341332, 299.017934
95.873573, 299.608594
95.378309, 300.199254
94.855684, 300.789913
94.305847, 301.380573
93.728956, 301.971233
93.125177, 302.561893
92.494682, 303.152552
91.837652, 303.743212
91.154277, 304.333872
90.444751, 304.924532
89.709279, 305.515191
88.948072, 306.105851
88.161348, 306.696511
87.349332, 307.287170
86.512258, 307.877830
85.650365, 308.468490
84.763901, 309.059150
83.853121, 309.649809
82.918285, 310.240469
81.959662, 310.831129
80.977527, 311.421789
79.972161, 312.012448
78.943853, 312.603108
77.892898, 313.193768
76.819598, 313.784427
75.724260, 314.375087
74.607198, 314.965747
73.468733, 315.556407
72.309192, 316.147066
71.128907, 316.737726
69.928217, 317.328386
68.707466, 317.919045
67.467004, 318.509705
66.207188, 319.100365
64.928379, 319.691025
63.630943, 320.281684
62.315253, 320.872344
60.981686, 321.463004
59.630626, 322.053664
58.262458, 322.644323
56.877577, 323.234983
55.476378, 323.825643
54.059265, 324.416302
52.626643, 325.006962
51.178925, 325.597622
49.716524, 326.188282
48.239860, 326.778941
46.749358, 327.369601
45.245445, 327.960261
43.728551, 328.550920
42.199113, 329.141580
40.657569, 329.732240
39.104362, 330.322900
37.539936, 330.913559
35.964741, 331.504219
34.379229, 332.094879
32.783854, 332.685539
31.179074, 333.276198
29.565349, 333.866858
27.943143, 334.457518
26.312921, 335.048177
24.675150, 335.638837
23.030301, 336.229497
21.378845, 336.820157
19.721255, 337.410816
18.058008, 338.001476
16.389581, 338.592136
14.716452, 339.182796
13.039101, 339.773455
11.358009, 340.364115
9.673659, 340.954775
7.986534, 341.545434
6.297118, 342.136094
4.605895, 342.726754
2.913351, 343.317414
1.219972, 343.908073
0.473758, 164.498733
2.167352, 165.089393
3.860324, 165.680052
5.552189, 166.270712
7.242461, 166.861372
8.930655, 167.452032
10.616287, 168.042691
12.298874, 168.633351
13.977932, 169.224011
15.652980, 169.814671
17.323538, 170.405330
18.989127, 170.995990
20.649267, 171.586650
22.303484, 172.177309
23.951303, 172.767969
25.592251, 173.358629
27.225856, 173.949289
28.851652, 174.539948
30.469170, 175.130608
32.077948, 175.721268
33.677523, 176.311927
35.267437, 176.902587
36.847233, 177.493247
38.416459, 178.083907
39.974664, 178.674566
41.521402, 179.265226
43.056228, 179.855886
44.578702, 180.446546
46.088387, 181.037205
47.584851, 181.627865
49.067664, 182.218525
50.536401, 182.809184
51.990640, 183.399844
53.429964, 183.990504
54.853960, 184.581164
56.262220, 185.171823
57.654340, 185.762483
59.029920, 186.353143
60.388566, 186.943803
61.729888, 187.534462
63.053500, 188.125122
64.359025, 188.715782
65.646086, 189.306441
66.914315, 189.897101
68.163348, 190.487761
69.392827, 191.078421
70.602398, 191.669080
71.791715, 192.259740
72.960437, 192.850400
74.108229, 193.441059
75.234760, 194.031719
76.339708, 194.622379
77.422757, 195.213039
78.483594, 195.803698
79.521917, 196.394358
80.537426, 196.985018
81.529832, 197.575678
82.498848, 198.166337
83.444198, 198.756997
84.365609, 199.347657
85.262818, 199.938316
86.135567, 200.528976
86.983606, 201.119636
87.806691, 201.710296
88.604586, 202.300955
89.377063, 202.891615
90.123900, 203.482275
90.844883, 204.072935
91.539804, 204.663594
92.208465, 205.254254
92.850673, 205.844914
93.466245, 206.435573
94.055004, 207.026233
94.616780, 207.616893
95.151413, 208.207553
95.658749, 208.798212
96.138644, 209.388872
96.590958, 209.979532
97.015563, 210.570191
97.412336, 211.160851
97.781164, 211.751511
98.121941, 212.342171
98.434569, 212.932830
98.718959, 213.523490
98.975028, 214.114150
99.202704, 214.704810
99.401921, 215.295469
99.572622, 215.886129
99.714758, 216.476789
99.828288, 217.067448
99.913180, 217.658108
99.969409, 218.248768
99.996960, 218.839428
99.995823, 219.430087
99.966001, 220.020747
99.907500, 220.611407
99.820338, 221.202066
99.704540, 221.792726
99.560140, 222.383386
99.387178, 222.974046
99.185704, 223.564705
98.955776, 224.155365
98.697460, 224.746025
98.410830, 225.336685
98.095969, 225.927344
97.752966, 226.518004
97.381920, 227.108664
96.982938, 227.699323
96.556133, 228.289983
96.101629, 228.880643
95.619556, 229.471303
95.110051, 230.061962
94.573262, 230.652622
94.009342, 231.243282
93.418453, 231.833942
92.800765, 232.424601
92.156454, 233.015261
91.485706, 233.605921
90.788712, 234.196580
90.065674, 234.787240
89.316798, 235.377900
88.542299, 235.968560
87.742399, 236.559219
86.917328, 237.149879
86.067323, 237.740539
85.192627, 238.331198
84.293491, 238.921858
83.370174, 239.512518
82.422939, 240.103178
81.452060, 240.693837
80.457813, 241.284497
79.440486, 241.875157
78.400368, 242.465817
77.337760, 243.056476
76.252965, 243.647136
75.146295, 244.237796
74.018068, 244.828455
72.868606, 245.419115
71.698240, 246.009775
70.507306, 246.600435
69.296145, 247.191094
68.065104, 247.781754
66.814537, 248.372414
65.544803, 248.963074
64.256265, 249.553733
62.949294, 250.144393
61.624264, 250.735053
60.281556, 251.325712
58.921554, 251.916372
57.544650, 252.507032
56.151237, 253.097692
54.741715, 253.688351
53.316490, 254.279011
51.875969, 254.869671
50.420566, 255.460330
48.950699, 256.050990
47.466789, 256.641650
45.969262, 257.232310
44.458547, 257.822969
42.935079, 258.413629
41.399293, 259.004289
39.851631, 259.594949
38.292536, 260.185608
36.722456, 260.776268
35.141842, 261.366928
33.551146, 261.957587
31.950825, 262.548247
30.341338, 263.138907
28.723146, 263.729567
27.096715, 264.320226
25.462511, 264.910886
23.821002, 265.501546
22.172659, 266.092205
20.517955, 266.682865
18.857366, 267.273525
17.191366, 267.864185
15.520435, 268.454844
13.845051, 269.045504
12.165696, 269.636164
10.482850, 270.226824
8.796998, 270.817483
7.108621, 271.408143
5.418205, 271.998803
3.726235, 272.589462
2.033196, 273.180122
0.339574, 273.770782
1.354146, 94.361442
3.047477, 94.952101
4.739934, 95.542761
6.431031, 96.133421
8.120284, 96.724081
9.807207, 97.314740
11.491316, 97.905400
13.172129, 98.496060
14.849163, 99.086719
16.521937, 99.677379
18.189971, 100.268039
19.852787, 100.858699
21.509908, 101.449358
23.160859, 102.040018
24.805164, 102.630678
26.442354, 103.221337
28.071958, 103.811997
29.693509, 104.402657
31.306542, 104.993317
32.910594, 105.583976
34.505204, 106.174636
36.089916, 106.765296
37.664274, 107.355956
39.227827, 107.946615
40.780127, 108.537275
42.320728, 109.127935
43.849188, 109.718594
45.365069, 110.309254
46.867935, 110.899914
48.357357, 111.490574
49.832906, 112.081233
51.294159, 112.671893
52.740697, 113.262553
54.172104, 113.853212
55.587972, 114.443872
56.987892, 115.034532
58.371464, 115.625192
59.738290, 116.215851
61.087979, 116.806511
62.420144, 117.397171
63.734401, 117.987831
65.030375, 118.578490
66.307693, 119.169150
67.565988, 119.759810
68.804901, 120.350469
70.024076, 120.941129
71.223162, 121.531789
72.401815, 122.122449
73.559699, 122.713108
74.696480, 123.303768
75.811832, 123.894428
76.905436, 124.485088
77.976978, 125.075747
79.026149, 125.666407
80.052650, 126.257067
81.056186, 126.847726
82.036469, 127.438386
82.993217, 128.029046
83.926157, 128.619706
84.835020, 129.210365
85.719547, 129.801025
86.579482, 130.391685
87.414579, 130.982344
88.224600, 131.573004
89.009311, 132.163664
89.768487, 132.754324
90.501911, 133.344983
91.209372, 133.935643
91.890668, 134.526303
92.545602, 135.116963
93.173987, 135.707622
93.775642, 136.298282
94.350396, 136.888942
94.898083, 137.479601
95.418546, 138.070261
95.911635, 138.660921
96.377210, 139.251581
96.815136, 139.842240
97.225289, 140.432900
97.607550, 141.023560
97.961809, 141.614220
98.287966, 142.204879
98.585926, 142.795539
98.855604, 143.386199
99.096923, 143.976858
99.309814, 144.567518
99.494215, 145.158178
99.650073, 145.748838
99.777344, 146.339497
99.875991, 146.930157
99.945987, 147.520817
99.987310, 148.111476
99.999949, 148.702136
99.983901, 149.292796
99.939170, 149.883456
99.865768, 150.474115
99.763718, 151.064775
99.633047, 151.655435
99.473795, 152.246095
99.286005, 152.836754
99.069733, 153.427414
98.825040, 154.018074
98.551997, 154.608733
98.250681, 155.199393
97.921180, 155.790053
97.563588, 156.380713
97.178006, 156.971372
96.764547, 157.562032
96.323328, 158.152692
95.854477, 158.743351
95.358127, 159.334011
94.834421, 159.924671
94.283509, 160.515331
93.705550, 161.105990
93.100709, 161.696650
92.469159, 162.287310
91.811082, 162.877970
91.126667, 163.468629
90.416110, 164.059289
89.679615, 164.649949
88.917392, 165.240608
88.129662, 165.831268
87.316649, 166.421928
86.478587, 167.012588
85.615716, 167.603247
84.728285, 168.193907
83.816547, 168.784567
82.880763, 169.375227
81.921204, 169.965886
80.938143, 170.556546
79.931863, 171.147206
78.902652, 171.737865
77.850806, 172.328525
76.776627, 172.919185
75.680422, 173.509845
74.562506, 174.100504
73.423200, 174.691164
72.262831, 175.281824
71.081731, 175.872483
69.880240, 176.463143
68.658702, 177.053803
67.417467, 177.644463
66.156891, 178.235122
64.877337, 178.825782
63.579171, 179.416442
62.262766, 180.007102
60.928499, 180.597761
59.576753, 181.188421
58.207916, 181.779081
56.822381, 182.369740
55.420544, 182.960400
54.002809, 183.551060
52.569581, 184.141720
51.121273, 184.732379
49.658299, 185.323039
48.181079, 185.913699
46.690038, 186.504359
45.185602, 187.095018
43.668203, 187.685678
42.138278, 188.276338
40.596263, 188.866997
##END=
