##TITLE= Parameter file, TopSpin 4.3.0
##JCAMPDX= 5.0
##DATATYPE= Parameter Values
##ORIGIN= Bruker BioSpin GmbH
##OWNER= nmrsu
$$ 2024-02-10 17:48:54.307 +0000  nmrsu@4CE1161FJM
$$ C:/Bruker/TopSpin4.3.0/exp/stan/nmr/lists/wave/user/multisupp_aux_d8
$$ process C:\Bruker\TopSpin4.3.0\prog\mod\xwinshape.exe
##MINX= 1.91956400
##MAXX= 99.99738400
##MINY= 0.40738400
##MAXY= 359.59261600
##$SHAPE_ADDPHASE= 0
##$SHAPE_AMP= 99.99738368
##$SHAPE_BWFAC= 0
##$SHAPE_BWFAC50= 0
##$SHAPE_CALCBW= yes
##$SHAPE_CALCINTEG= yes
##$SHAPE_EXMODE= <Excitation>
##$SHAPE_EXPAND= <>
##$SHAPE_EXPANDCF= (0..143)
0 0 0 0 0 0 0 0 0 0 0 0 0 0 0 0 0 0 0 0 0 0 0 0 0 0 0 0 0 0 0 0 0 0 0 0
0 0 0 0 0 0 0 0 0 0 0 0 0 0 0 0 0 0 0 0 0 0 0 0 0 0 0 0 0 0 0 0 0 0 0 0
0 0 0 0 0 0 0 0 0 0 0 0 0 0 0 0 0 0 0 0 0 0 0 0 0 0 0 0 0 0 0 0 0 0 0 0
0 0 0 0 0 0 0 0 0 0 0 0 0 0 0 0 0 0 0 0 0 0 0 0 0 0 0 0 0 0 0 0 0 0 0 0
##$SHAPE_EXPFAC= 0
##$SHAPE_FRACEND= 0
##$SHAPE_FRACORG= 0
##$SHAPE_FRACSTART= 0
##$SHAPE_INTEGFAC= 0
##$SHAPE_KEEPRES= yes
##$SHAPE_LENGTH= 25000.000373
##$SHAPE_MAN= <M>
##$SHAPE_MODE= 4
##$SHAPE_MODFREQ= 0
##$SHAPE_MODPHASE= 0
##$SHAPE_MODSCALE= 0
##$SHAPE_MODSW= 0
##$SHAPE_MODSWDIR= -1
##$SHAPE_NPOINTS= 1250
##$SHAPE_OFFS= <1 4>
##$SHAPE_OFFSCOEFF= (0..95)
2.905609 0 100 -57.634918 0 100 -211.58229 0 100 -283.91592 0 100 0 0 0
0 0 0 0 0 0 0 0 0 0 0 0 0 0 0 0 0 0 0 0 0 0 0 0 0 0 0 0 0 0 0 0 0 0 0 0
0 0 0 0 0 0 0 0 0 0 0 0 0 0 0 0 0 0 0 0 0 0 0 0 0 0 0 0 0 0 0 0 0 0 0 0
0 0 0 0 0 0 0 0 0
##$SHAPE_PARAMETER= <>
##$SHAPE_REPHFAC= 0
##$SHAPE_RES= 0
##$SHAPE_SCALEFAC= 1.00002616
##$SHAPE_SCALETYPE= 0
##$SHAPE_SPOAL= 0
##$SHAPE_SPOFFS= 0
##$SHAPE_SPOPH= 0
##$SHAPE_TOTROT= 90
##$SHAPE_TYPE= <Excitation>
##$SHAPE_USER_DEF= <>
##$SHAPE_VERSION= 2.1
##$SHL_ADDPHASE= (0..15)
0 0 0 0 0 0 0 0 0 0 0 0 0 0 0 0
##$SHL_ALIGNOFFSET= (0..15)
0 0 0 0 0 0 0 0 0 0 0 0 0 0 0 0
##$SHL_AMP= (0..15)
100 0 0 0 0 0 0 0 0 0 0 0 0 0 0 0
##$SHL_AMPFAC= (0..15)
0 0 0 0 0 0 0 0 0 0 0 0 0 0 0 0
##$SHL_BETA= (0..15)
0 0 0 0 0 0 0 0 0 0 0 0 0 0 0 0
##$SHL_BWFAC= (0..15)
1.116 0 0 0 0 0 0 0 0 0 0 0 0 0 0 0
##$SHL_CALCBW= (0..15)
yes yes yes yes yes yes yes yes yes yes yes yes yes yes yes yes
##$SHL_CALCINTEG= (0..15)
yes yes yes yes yes yes yes yes yes yes yes yes yes yes yes yes
##$SHL_CENTERAMP= (0..15)
0 0 0 0 0 0 0 0 0 0 0 0 0 0 0 0
##$SHL_CYCNUM= (0..15)
0 0 0 0 0 0 0 0 0 0 0 0 0 0 0 0
##$SHL_DIPOLCPL= (0..15)
0 0 0 0 0 0 0 0 0 0 0 0 0 0 0 0
##$SHL_ENDAMP= (0..15)
0 0 0 0 0 0 0 0 0 0 0 0 0 0 0 0
##$SHL_EXMODE= (0..15)
<Excitation> <> <> <> <> <> <> <> <> <> <> <> <> <> <> <>
##$SHL_EXPAND= (0..15)
<> <> <> <> <> <> <> <> <> <> <> <> <> <> <> <>
##$SHL_EXPANDCF0= (0..143)
0 0 0 0 0 0 0 0 0 0 0 0 0 0 0 0 0 0 0 0 0 0 0 0 0 0 0 0 0 0 0 0 0 0 0 0
0 0 0 0 0 0 0 0 0 0 0 0 0 0 0 0 0 0 0 0 0 0 0 0 0 0 0 0 0 0 0 0 0 0 0 0
0 0 0 0 0 0 0 0 0 0 0 0 0 0 0 0 0 0 0 0 0 0 0 0 0 0 0 0 0 0 0 0 0 0 0 0
0 0 0 0 0 0 0 0 0 0 0 0 0 0 0 0 0 0 0 0 0 0 0 0 0 0 0 0 0 0 0 0 0 0 0 0
##$SHL_EXPANDCF1= (0..143)
0 0 0 0 0 0 0 0 0 0 0 0 0 0 0 0 0 0 0 0 0 0 0 0 0 0 0 0 0 0 0 0 0 0 0 0
0 0 0 0 0 0 0 0 0 0 0 0 0 0 0 0 0 0 0 0 0 0 0 0 0 0 0 0 0 0 0 0 0 0 0 0
0 0 0 0 0 0 0 0 0 0 0 0 0 0 0 0 0 0 0 0 0 0 0 0 0 0 0 0 0 0 0 0 0 0 0 0
0 0 0 0 0 0 0 0 0 0 0 0 0 0 0 0 0 0 0 0 0 0 0 0 0 0 0 0 0 0 0 0 0 0 0 0
##$SHL_EXPANDCF10= (0..143)
0 0 0 0 0 0 0 0 0 0 0 0 0 0 0 0 0 0 0 0 0 0 0 0 0 0 0 0 0 0 0 0 0 0 0 0
0 0 0 0 0 0 0 0 0 0 0 0 0 0 0 0 0 0 0 0 0 0 0 0 0 0 0 0 0 0 0 0 0 0 0 0
0 0 0 0 0 0 0 0 0 0 0 0 0 0 0 0 0 0 0 0 0 0 0 0 0 0 0 0 0 0 0 0 0 0 0 0
0 0 0 0 0 0 0 0 0 0 0 0 0 0 0 0 0 0 0 0 0 0 0 0 0 0 0 0 0 0 0 0 0 0 0 0
##$SHL_EXPANDCF11= (0..143)
0 0 0 0 0 0 0 0 0 0 0 0 0 0 0 0 0 0 0 0 0 0 0 0 0 0 0 0 0 0 0 0 0 0 0 0
0 0 0 0 0 0 0 0 0 0 0 0 0 0 0 0 0 0 0 0 0 0 0 0 0 0 0 0 0 0 0 0 0 0 0 0
0 0 0 0 0 0 0 0 0 0 0 0 0 0 0 0 0 0 0 0 0 0 0 0 0 0 0 0 0 0 0 0 0 0 0 0
0 0 0 0 0 0 0 0 0 0 0 0 0 0 0 0 0 0 0 0 0 0 0 0 0 0 0 0 0 0 0 0 0 0 0 0
##$SHL_EXPANDCF12= (0..143)
0 0 0 0 0 0 0 0 0 0 0 0 0 0 0 0 0 0 0 0 0 0 0 0 0 0 0 0 0 0 0 0 0 0 0 0
0 0 0 0 0 0 0 0 0 0 0 0 0 0 0 0 0 0 0 0 0 0 0 0 0 0 0 0 0 0 0 0 0 0 0 0
0 0 0 0 0 0 0 0 0 0 0 0 0 0 0 0 0 0 0 0 0 0 0 0 0 0 0 0 0 0 0 0 0 0 0 0
0 0 0 0 0 0 0 0 0 0 0 0 0 0 0 0 0 0 0 0 0 0 0 0 0 0 0 0 0 0 0 0 0 0 0 0
##$SHL_EXPANDCF13= (0..143)
0 0 0 0 0 0 0 0 0 0 0 0 0 0 0 0 0 0 0 0 0 0 0 0 0 0 0 0 0 0 0 0 0 0 0 0
0 0 0 0 0 0 0 0 0 0 0 0 0 0 0 0 0 0 0 0 0 0 0 0 0 0 0 0 0 0 0 0 0 0 0 0
0 0 0 0 0 0 0 0 0 0 0 0 0 0 0 0 0 0 0 0 0 0 0 0 0 0 0 0 0 0 0 0 0 0 0 0
0 0 0 0 0 0 0 0 0 0 0 0 0 0 0 0 0 0 0 0 0 0 0 0 0 0 0 0 0 0 0 0 0 0 0 0
##$SHL_EXPANDCF14= (0..143)
0 0 0 0 0 0 0 0 0 0 0 0 0 0 0 0 0 0 0 0 0 0 0 0 0 0 0 0 0 0 0 0 0 0 0 0
0 0 0 0 0 0 0 0 0 0 0 0 0 0 0 0 0 0 0 0 0 0 0 0 0 0 0 0 0 0 0 0 0 0 0 0
0 0 0 0 0 0 0 0 0 0 0 0 0 0 0 0 0 0 0 0 0 0 0 0 0 0 0 0 0 0 0 0 0 0 0 0
0 0 0 0 0 0 0 0 0 0 0 0 0 0 0 0 0 0 0 0 0 0 0 0 0 0 0 0 0 0 0 0 0 0 0 0
##$SHL_EXPANDCF15= (0..143)
0 0 0 0 0 0 0 0 0 0 0 0 0 0 0 0 0 0 0 0 0 0 0 0 0 0 0 0 0 0 0 0 0 0 0 0
0 0 0 0 0 0 0 0 0 0 0 0 0 0 0 0 0 0 0 0 0 0 0 0 0 0 0 0 0 0 0 0 0 0 0 0
0 0 0 0 0 0 0 0 0 0 0 0 0 0 0 0 0 0 0 0 0 0 0 0 0 0 0 0 0 0 0 0 0 0 0 0
0 0 0 0 0 0 0 0 0 0 0 0 0 0 0 0 0 0 0 0 0 0 0 0 0 0 0 0 0 0 0 0 0 0 0 0
##$SHL_EXPANDCF2= (0..143)
0 0 0 0 0 0 0 0 0 0 0 0 0 0 0 0 0 0 0 0 0 0 0 0 0 0 0 0 0 0 0 0 0 0 0 0
0 0 0 0 0 0 0 0 0 0 0 0 0 0 0 0 0 0 0 0 0 0 0 0 0 0 0 0 0 0 0 0 0 0 0 0
0 0 0 0 0 0 0 0 0 0 0 0 0 0 0 0 0 0 0 0 0 0 0 0 0 0 0 0 0 0 0 0 0 0 0 0
0 0 0 0 0 0 0 0 0 0 0 0 0 0 0 0 0 0 0 0 0 0 0 0 0 0 0 0 0 0 0 0 0 0 0 0
##$SHL_EXPANDCF3= (0..143)
0 0 0 0 0 0 0 0 0 0 0 0 0 0 0 0 0 0 0 0 0 0 0 0 0 0 0 0 0 0 0 0 0 0 0 0
0 0 0 0 0 0 0 0 0 0 0 0 0 0 0 0 0 0 0 0 0 0 0 0 0 0 0 0 0 0 0 0 0 0 0 0
0 0 0 0 0 0 0 0 0 0 0 0 0 0 0 0 0 0 0 0 0 0 0 0 0 0 0 0 0 0 0 0 0 0 0 0
0 0 0 0 0 0 0 0 0 0 0 0 0 0 0 0 0 0 0 0 0 0 0 0 0 0 0 0 0 0 0 0 0 0 0 0
##$SHL_EXPANDCF4= (0..143)
0 0 0 0 0 0 0 0 0 0 0 0 0 0 0 0 0 0 0 0 0 0 0 0 0 0 0 0 0 0 0 0 0 0 0 0
0 0 0 0 0 0 0 0 0 0 0 0 0 0 0 0 0 0 0 0 0 0 0 0 0 0 0 0 0 0 0 0 0 0 0 0
0 0 0 0 0 0 0 0 0 0 0 0 0 0 0 0 0 0 0 0 0 0 0 0 0 0 0 0 0 0 0 0 0 0 0 0
0 0 0 0 0 0 0 0 0 0 0 0 0 0 0 0 0 0 0 0 0 0 0 0 0 0 0 0 0 0 0 0 0 0 0 0
##$SHL_EXPANDCF5= (0..143)
0 0 0 0 0 0 0 0 0 0 0 0 0 0 0 0 0 0 0 0 0 0 0 0 0 0 0 0 0 0 0 0 0 0 0 0
0 0 0 0 0 0 0 0 0 0 0 0 0 0 0 0 0 0 0 0 0 0 0 0 0 0 0 0 0 0 0 0 0 0 0 0
0 0 0 0 0 0 0 0 0 0 0 0 0 0 0 0 0 0 0 0 0 0 0 0 0 0 0 0 0 0 0 0 0 0 0 0
0 0 0 0 0 0 0 0 0 0 0 0 0 0 0 0 0 0 0 0 0 0 0 0 0 0 0 0 0 0 0 0 0 0 0 0
##$SHL_EXPANDCF6= (0..143)
0 0 0 0 0 0 0 0 0 0 0 0 0 0 0 0 0 0 0 0 0 0 0 0 0 0 0 0 0 0 0 0 0 0 0 0
0 0 0 0 0 0 0 0 0 0 0 0 0 0 0 0 0 0 0 0 0 0 0 0 0 0 0 0 0 0 0 0 0 0 0 0
0 0 0 0 0 0 0 0 0 0 0 0 0 0 0 0 0 0 0 0 0 0 0 0 0 0 0 0 0 0 0 0 0 0 0 0
0 0 0 0 0 0 0 0 0 0 0 0 0 0 0 0 0 0 0 0 0 0 0 0 0 0 0 0 0 0 0 0 0 0 0 0
##$SHL_EXPANDCF7= (0..143)
0 0 0 0 0 0 0 0 0 0 0 0 0 0 0 0 0 0 0 0 0 0 0 0 0 0 0 0 0 0 0 0 0 0 0 0
0 0 0 0 0 0 0 0 0 0 0 0 0 0 0 0 0 0 0 0 0 0 0 0 0 0 0 0 0 0 0 0 0 0 0 0
0 0 0 0 0 0 0 0 0 0 0 0 0 0 0 0 0 0 0 0 0 0 0 0 0 0 0 0 0 0 0 0 0 0 0 0
0 0 0 0 0 0 0 0 0 0 0 0 0 0 0 0 0 0 0 0 0 0 0 0 0 0 0 0 0 0 0 0 0 0 0 0
##$SHL_EXPANDCF8= (0..143)
0 0 0 0 0 0 0 0 0 0 0 0 0 0 0 0 0 0 0 0 0 0 0 0 0 0 0 0 0 0 0 0 0 0 0 0
0 0 0 0 0 0 0 0 0 0 0 0 0 0 0 0 0 0 0 0 0 0 0 0 0 0 0 0 0 0 0 0 0 0 0 0
0 0 0 0 0 0 0 0 0 0 0 0 0 0 0 0 0 0 0 0 0 0 0 0 0 0 0 0 0 0 0 0 0 0 0 0
0 0 0 0 0 0 0 0 0 0 0 0 0 0 0 0 0 0 0 0 0 0 0 0 0 0 0 0 0 0 0 0 0 0 0 0
##$SHL_EXPANDCF9= (0..143)
0 0 0 0 0 0 0 0 0 0 0 0 0 0 0 0 0 0 0 0 0 0 0 0 0 0 0 0 0 0 0 0 0 0 0 0
0 0 0 0 0 0 0 0 0 0 0 0 0 0 0 0 0 0 0 0 0 0 0 0 0 0 0 0 0 0 0 0 0 0 0 0
0 0 0 0 0 0 0 0 0 0 0 0 0 0 0 0 0 0 0 0 0 0 0 0 0 0 0 0 0 0 0 0 0 0 0 0
0 0 0 0 0 0 0 0 0 0 0 0 0 0 0 0 0 0 0 0 0 0 0 0 0 0 0 0 0 0 0 0 0 0 0 0
##$SHL_EXPFAC= (0..15)
0 0 0 0 0 0 0 0 0 0 0 0 0 0 0 0
##$SHL_FRACEND= (0..15)
0 0 0 0 0 0 0 0 0 0 0 0 0 0 0 0
##$SHL_FRACORG= (0..15)
0 0 0 0 0 0 0 0 0 0 0 0 0 0 0 0
##$SHL_FRACSTART= (0..15)
0 0 0 0 0 0 0 0 0 0 0 0 0 0 0 0
##$SHL_FULLHALF= (0..15)
0 0 0 0 0 0 0 0 0 0 0 0 0 0 0 0
##$SHL_FUNCAMP= (0..15)
100 0 0 0 0 0 0 0 0 0 0 0 0 0 0 0
##$SHL_FUNCTION= (0..15)
<Rectangle> <> <> <> <> <> <> <> <> <> <> <> <> <> <> <>
##$SHL_GCO= (0..15)
<> <> <> <> <> <> <> <> <> <> <> <> <> <> <> <>
##$SHL_GCOCOEFFS0= (0..59)
0 0 0 0 0 0 0 0 0 0 0 0 0 0 0 0 0 0 0 0 0 0 0 0 0 0 0 0 0 0 0 0 0 0 0 0
0 0 0 0 0 0 0 0 0 0 0 0 0 0 0 0 0 0 0 0 0 0 0 0
##$SHL_GCOCOEFFS1= (0..59)
0 0 0 0 0 0 0 0 0 0 0 0 0 0 0 0 0 0 0 0 0 0 0 0 0 0 0 0 0 0 0 0 0 0 0 0
0 0 0 0 0 0 0 0 0 0 0 0 0 0 0 0 0 0 0 0 0 0 0 0
##$SHL_GCOCOEFFS10= (0..59)
0 0 0 0 0 0 0 0 0 0 0 0 0 0 0 0 0 0 0 0 0 0 0 0 0 0 0 0 0 0 0 0 0 0 0 0
0 0 0 0 0 0 0 0 0 0 0 0 0 0 0 0 0 0 0 0 0 0 0 0
##$SHL_GCOCOEFFS11= (0..59)
0 0 0 0 0 0 0 0 0 0 0 0 0 0 0 0 0 0 0 0 0 0 0 0 0 0 0 0 0 0 0 0 0 0 0 0
0 0 0 0 0 0 0 0 0 0 0 0 0 0 0 0 0 0 0 0 0 0 0 0
##$SHL_GCOCOEFFS12= (0..59)
0 0 0 0 0 0 0 0 0 0 0 0 0 0 0 0 0 0 0 0 0 0 0 0 0 0 0 0 0 0 0 0 0 0 0 0
0 0 0 0 0 0 0 0 0 0 0 0 0 0 0 0 0 0 0 0 0 0 0 0
##$SHL_GCOCOEFFS13= (0..59)
0 0 0 0 0 0 0 0 0 0 0 0 0 0 0 0 0 0 0 0 0 0 0 0 0 0 0 0 0 0 0 0 0 0 0 0
0 0 0 0 0 0 0 0 0 0 0 0 0 0 0 0 0 0 0 0 0 0 0 0
##$SHL_GCOCOEFFS14= (0..59)
0 0 0 0 0 0 0 0 0 0 0 0 0 0 0 0 0 0 0 0 0 0 0 0 0 0 0 0 0 0 0 0 0 0 0 0
0 0 0 0 0 0 0 0 0 0 0 0 0 0 0 0 0 0 0 0 0 0 0 0
##$SHL_GCOCOEFFS15= (0..59)
0 0 0 0 0 0 0 0 0 0 0 0 0 0 0 0 0 0 0 0 0 0 0 0 0 0 0 0 0 0 0 0 0 0 0 0
0 0 0 0 0 0 0 0 0 0 0 0 0 0 0 0 0 0 0 0 0 0 0 0
##$SHL_GCOCOEFFS2= (0..59)
0 0 0 0 0 0 0 0 0 0 0 0 0 0 0 0 0 0 0 0 0 0 0 0 0 0 0 0 0 0 0 0 0 0 0 0
0 0 0 0 0 0 0 0 0 0 0 0 0 0 0 0 0 0 0 0 0 0 0 0
##$SHL_GCOCOEFFS3= (0..59)
0 0 0 0 0 0 0 0 0 0 0 0 0 0 0 0 0 0 0 0 0 0 0 0 0 0 0 0 0 0 0 0 0 0 0 0
0 0 0 0 0 0 0 0 0 0 0 0 0 0 0 0 0 0 0 0 0 0 0 0
##$SHL_GCOCOEFFS4= (0..59)
0 0 0 0 0 0 0 0 0 0 0 0 0 0 0 0 0 0 0 0 0 0 0 0 0 0 0 0 0 0 0 0 0 0 0 0
0 0 0 0 0 0 0 0 0 0 0 0 0 0 0 0 0 0 0 0 0 0 0 0
##$SHL_GCOCOEFFS5= (0..59)
0 0 0 0 0 0 0 0 0 0 0 0 0 0 0 0 0 0 0 0 0 0 0 0 0 0 0 0 0 0 0 0 0 0 0 0
0 0 0 0 0 0 0 0 0 0 0 0 0 0 0 0 0 0 0 0 0 0 0 0
##$SHL_GCOCOEFFS6= (0..59)
0 0 0 0 0 0 0 0 0 0 0 0 0 0 0 0 0 0 0 0 0 0 0 0 0 0 0 0 0 0 0 0 0 0 0 0
0 0 0 0 0 0 0 0 0 0 0 0 0 0 0 0 0 0 0 0 0 0 0 0
##$SHL_GCOCOEFFS7= (0..59)
0 0 0 0 0 0 0 0 0 0 0 0 0 0 0 0 0 0 0 0 0 0 0 0 0 0 0 0 0 0 0 0 0 0 0 0
0 0 0 0 0 0 0 0 0 0 0 0 0 0 0 0 0 0 0 0 0 0 0 0
##$SHL_GCOCOEFFS8= (0..59)
0 0 0 0 0 0 0 0 0 0 0 0 0 0 0 0 0 0 0 0 0 0 0 0 0 0 0 0 0 0 0 0 0 0 0 0
0 0 0 0 0 0 0 0 0 0 0 0 0 0 0 0 0 0 0 0 0 0 0 0
##$SHL_GCOCOEFFS9= (0..59)
0 0 0 0 0 0 0 0 0 0 0 0 0 0 0 0 0 0 0 0 0 0 0 0 0 0 0 0 0 0 0 0 0 0 0 0
0 0 0 0 0 0 0 0 0 0 0 0 0 0 0 0 0 0 0 0 0 0 0 0
##$SHL_INTEGFAC= (0..15)
1 0 0 0 0 0 0 0 0 0 0 0 0 0 0 0
##$SHL_LB= (0..15)
0 0 0 0 0 0 0 0 0 0 0 0 0 0 0 0
##$SHL_LEFTLIMIT= (0..15)
0 0 0 0 0 0 0 0 0 0 0 0 0 0 0 0
##$SHL_LENGTH= (0..15)
25000.000373 0 0 0 0 0 0 0 0 0 0 0 0 0 0 0
##$SHL_MAN= (0..15)
<> <> <> <> <> <> <> <> <> <> <> <> <> <> <> <>
##$SHL_MEANAMP= (0..15)
0 0 0 0 0 0 0 0 0 0 0 0 0 0 0 0
##$SHL_MODAMP= (0..15)
0 0 0 0 0 0 0 0 0 0 0 0 0 0 0 0
##$SHL_MODE= (0..15)
0 0 0 0 0 0 0 0 0 0 0 0 0 0 0 0
##$SHL_MODFREQ= (0..15)
0 0 0 0 0 0 0 0 0 0 0 0 0 0 0 0
##$SHL_MODPHASE= (0..15)
0 0 0 0 0 0 0 0 0 0 0 0 0 0 0 0
##$SHL_MODSCALE= (0..15)
0 0 0 0 0 0 0 0 0 0 0 0 0 0 0 0
##$SHL_MODSW= (0..15)
0 0 0 0 0 0 0 0 0 0 0 0 0 0 0 0
##$SHL_MODSWDIR= (0..15)
-1 -1 -1 -1 -1 -1 -1 -1 -1 -1 -1 -1 -1 -1 -1 -1
##$SHL_MU= (0..15)
0 0 0 0 0 0 0 0 0 0 0 0 0 0 0 0
##$SHL_NPOINTS= (0..15)
1250 0 0 0 0 0 0 0 0 0 0 0 0 0 0 0
##$SHL_OFFS= (0..15)
<> <> <> <> <> <> <> <> <> <> <> <> <> <> <> <>
##$SHL_OFFSCOEFF0= (0..95)
0 0 0 0 0 0 0 0 0 0 0 0 0 0 0 0 0 0 0 0 0 0 0 0 0 0 0 0 0 0 0 0 0 0 0 0
0 0 0 0 0 0 0 0 0 0 0 0 0 0 0 0 0 0 0 0 0 0 0 0 0 0 0 0 0 0 0 0 0 0 0 0
0 0 0 0 0 0 0 0 0 0 0 0 0 0 0 0 0 0 0 0 0 0 0 0
##$SHL_OFFSCOEFF1= (0..95)
0 0 0 0 0 0 0 0 0 0 0 0 0 0 0 0 0 0 0 0 0 0 0 0 0 0 0 0 0 0 0 0 0 0 0 0
0 0 0 0 0 0 0 0 0 0 0 0 0 0 0 0 0 0 0 0 0 0 0 0 0 0 0 0 0 0 0 0 0 0 0 0
0 0 0 0 0 0 0 0 0 0 0 0 0 0 0 0 0 0 0 0 0 0 0 0
##$SHL_OFFSCOEFF10= (0..95)
0 0 0 0 0 0 0 0 0 0 0 0 0 0 0 0 0 0 0 0 0 0 0 0 0 0 0 0 0 0 0 0 0 0 0 0
0 0 0 0 0 0 0 0 0 0 0 0 0 0 0 0 0 0 0 0 0 0 0 0 0 0 0 0 0 0 0 0 0 0 0 0
0 0 0 0 0 0 0 0 0 0 0 0 0 0 0 0 0 0 0 0 0 0 0 0
##$SHL_OFFSCOEFF11= (0..95)
0 0 0 0 0 0 0 0 0 0 0 0 0 0 0 0 0 0 0 0 0 0 0 0 0 0 0 0 0 0 0 0 0 0 0 0
0 0 0 0 0 0 0 0 0 0 0 0 0 0 0 0 0 0 0 0 0 0 0 0 0 0 0 0 0 0 0 0 0 0 0 0
0 0 0 0 0 0 0 0 0 0 0 0 0 0 0 0 0 0 0 0 0 0 0 0
##$SHL_OFFSCOEFF12= (0..95)
0 0 0 0 0 0 0 0 0 0 0 0 0 0 0 0 0 0 0 0 0 0 0 0 0 0 0 0 0 0 0 0 0 0 0 0
0 0 0 0 0 0 0 0 0 0 0 0 0 0 0 0 0 0 0 0 0 0 0 0 0 0 0 0 0 0 0 0 0 0 0 0
0 0 0 0 0 0 0 0 0 0 0 0 0 0 0 0 0 0 0 0 0 0 0 0
##$SHL_OFFSCOEFF13= (0..95)
0 0 0 0 0 0 0 0 0 0 0 0 0 0 0 0 0 0 0 0 0 0 0 0 0 0 0 0 0 0 0 0 0 0 0 0
0 0 0 0 0 0 0 0 0 0 0 0 0 0 0 0 0 0 0 0 0 0 0 0 0 0 0 0 0 0 0 0 0 0 0 0
0 0 0 0 0 0 0 0 0 0 0 0 0 0 0 0 0 0 0 0 0 0 0 0
##$SHL_OFFSCOEFF14= (0..95)
0 0 0 0 0 0 0 0 0 0 0 0 0 0 0 0 0 0 0 0 0 0 0 0 0 0 0 0 0 0 0 0 0 0 0 0
0 0 0 0 0 0 0 0 0 0 0 0 0 0 0 0 0 0 0 0 0 0 0 0 0 0 0 0 0 0 0 0 0 0 0 0
0 0 0 0 0 0 0 0 0 0 0 0 0 0 0 0 0 0 0 0 0 0 0 0
##$SHL_OFFSCOEFF15= (0..95)
0 0 0 0 0 0 0 0 0 0 0 0 0 0 0 0 0 0 0 0 0 0 0 0 0 0 0 0 0 0 0 0 0 0 0 0
0 0 0 0 0 0 0 0 0 0 0 0 0 0 0 0 0 0 0 0 0 0 0 0 0 0 0 0 0 0 0 0 0 0 0 0
0 0 0 0 0 0 0 0 0 0 0 0 0 0 0 0 0 0 0 0 0 0 0 0
##$SHL_OFFSCOEFF2= (0..95)
0 0 0 0 0 0 0 0 0 0 0 0 0 0 0 0 0 0 0 0 0 0 0 0 0 0 0 0 0 0 0 0 0 0 0 0
0 0 0 0 0 0 0 0 0 0 0 0 0 0 0 0 0 0 0 0 0 0 0 0 0 0 0 0 0 0 0 0 0 0 0 0
0 0 0 0 0 0 0 0 0 0 0 0 0 0 0 0 0 0 0 0 0 0 0 0
##$SHL_OFFSCOEFF3= (0..95)
0 0 0 0 0 0 0 0 0 0 0 0 0 0 0 0 0 0 0 0 0 0 0 0 0 0 0 0 0 0 0 0 0 0 0 0
0 0 0 0 0 0 0 0 0 0 0 0 0 0 0 0 0 0 0 0 0 0 0 0 0 0 0 0 0 0 0 0 0 0 0 0
0 0 0 0 0 0 0 0 0 0 0 0 0 0 0 0 0 0 0 0 0 0 0 0
##$SHL_OFFSCOEFF4= (0..95)
0 0 0 0 0 0 0 0 0 0 0 0 0 0 0 0 0 0 0 0 0 0 0 0 0 0 0 0 0 0 0 0 0 0 0 0
0 0 0 0 0 0 0 0 0 0 0 0 0 0 0 0 0 0 0 0 0 0 0 0 0 0 0 0 0 0 0 0 0 0 0 0
0 0 0 0 0 0 0 0 0 0 0 0 0 0 0 0 0 0 0 0 0 0 0 0
##$SHL_OFFSCOEFF5= (0..95)
0 0 0 0 0 0 0 0 0 0 0 0 0 0 0 0 0 0 0 0 0 0 0 0 0 0 0 0 0 0 0 0 0 0 0 0
0 0 0 0 0 0 0 0 0 0 0 0 0 0 0 0 0 0 0 0 0 0 0 0 0 0 0 0 0 0 0 0 0 0 0 0
0 0 0 0 0 0 0 0 0 0 0 0 0 0 0 0 0 0 0 0 0 0 0 0
##$SHL_OFFSCOEFF6= (0..95)
0 0 0 0 0 0 0 0 0 0 0 0 0 0 0 0 0 0 0 0 0 0 0 0 0 0 0 0 0 0 0 0 0 0 0 0
0 0 0 0 0 0 0 0 0 0 0 0 0 0 0 0 0 0 0 0 0 0 0 0 0 0 0 0 0 0 0 0 0 0 0 0
0 0 0 0 0 0 0 0 0 0 0 0 0 0 0 0 0 0 0 0 0 0 0 0
##$SHL_OFFSCOEFF7= (0..95)
0 0 0 0 0 0 0 0 0 0 0 0 0 0 0 0 0 0 0 0 0 0 0 0 0 0 0 0 0 0 0 0 0 0 0 0
0 0 0 0 0 0 0 0 0 0 0 0 0 0 0 0 0 0 0 0 0 0 0 0 0 0 0 0 0 0 0 0 0 0 0 0
0 0 0 0 0 0 0 0 0 0 0 0 0 0 0 0 0 0 0 0 0 0 0 0
##$SHL_OFFSCOEFF8= (0..95)
0 0 0 0 0 0 0 0 0 0 0 0 0 0 0 0 0 0 0 0 0 0 0 0 0 0 0 0 0 0 0 0 0 0 0 0
0 0 0 0 0 0 0 0 0 0 0 0 0 0 0 0 0 0 0 0 0 0 0 0 0 0 0 0 0 0 0 0 0 0 0 0
0 0 0 0 0 0 0 0 0 0 0 0 0 0 0 0 0 0 0 0 0 0 0 0
##$SHL_OFFSCOEFF9= (0..95)
0 0 0 0 0 0 0 0 0 0 0 0 0 0 0 0 0 0 0 0 0 0 0 0 0 0 0 0 0 0 0 0 0 0 0 0
0 0 0 0 0 0 0 0 0 0 0 0 0 0 0 0 0 0 0 0 0 0 0 0 0 0 0 0 0 0 0 0 0 0 0 0
0 0 0 0 0 0 0 0 0 0 0 0 0 0 0 0 0 0 0 0 0 0 0 0
##$SHL_PHASE= (0..15)
0 0 0 0 0 0 0 0 0 0 0 0 0 0 0 0
##$SHL_PHASEFAC= (0..15)
0 0 0 0 0 0 0 0 0 0 0 0 0 0 0 0
##$SHL_POWERINDEX= (0..15)
0 0 0 0 0 0 0 0 0 0 0 0 0 0 0 0
##$SHL_QUADCOEFF= (0..15)
0 0 0 0 0 0 0 0 0 0 0 0 0 0 0 0
##$SHL_RIGHTLIMIT= (0..15)
0 0 0 0 0 0 0 0 0 0 0 0 0 0 0 0
##$SHL_SCALEFACTOR= (0..15)
1 1 1 1 1 1 1 1 1 1 1 1 1 1 1 1
##$SHL_SF= (0..15)
<> <> <> <> <> <> <> <> <> <> <> <> <> <> <> <>
##$SHL_SFCOEFFS0= (0..200)
0 0 0 0 0 0 0 0 0 0 0 0 0 0 0 0 0 0 0 0 0 0 0 0 0 0 0 0 0 0 0 0 0 0 0 0
0 0 0 0 0 0 0 0 0 0 0 0 0 0 0 0 0 0 0 0 0 0 0 0 0 0 0 0 0 0 0 0 0 0 0 0
0 0 0 0 0 0 0 0 0 0 0 0 0 0 0 0 0 0 0 0 0 0 0 0 0 0 0 0 0 0 0 0 0 0 0 0
0 0 0 0 0 0 0 0 0 0 0 0 0 0 0 0 0 0 0 0 0 0 0 0 0 0 0 0 0 0 0 0 0 0 0 0
0 0 0 0 0 0 0 0 0 0 0 0 0 0 0 0 0 0 0 0 0 0 0 0 0 0 0 0 0 0 0 0 0 0 0 0
0 0 0 0 0 0 0 0 0 0 0 0 0 0 0 0 0 0 0 0 0
##$SHL_SFCOEFFS1= (0..200)
0 0 0 0 0 0 0 0 0 0 0 0 0 0 0 0 0 0 0 0 0 0 0 0 0 0 0 0 0 0 0 0 0 0 0 0
0 0 0 0 0 0 0 0 0 0 0 0 0 0 0 0 0 0 0 0 0 0 0 0 0 0 0 0 0 0 0 0 0 0 0 0
0 0 0 0 0 0 0 0 0 0 0 0 0 0 0 0 0 0 0 0 0 0 0 0 0 0 0 0 0 0 0 0 0 0 0 0
0 0 0 0 0 0 0 0 0 0 0 0 0 0 0 0 0 0 0 0 0 0 0 0 0 0 0 0 0 0 0 0 0 0 0 0
0 0 0 0 0 0 0 0 0 0 0 0 0 0 0 0 0 0 0 0 0 0 0 0 0 0 0 0 0 0 0 0 0 0 0 0
0 0 0 0 0 0 0 0 0 0 0 0 0 0 0 0 0 0 0 0 0
##$SHL_SFCOEFFS10= (0..200)
0 0 0 0 0 0 0 0 0 0 0 0 0 0 0 0 0 0 0 0 0 0 0 0 0 0 0 0 0 0 0 0 0 0 0 0
0 0 0 0 0 0 0 0 0 0 0 0 0 0 0 0 0 0 0 0 0 0 0 0 0 0 0 0 0 0 0 0 0 0 0 0
0 0 0 0 0 0 0 0 0 0 0 0 0 0 0 0 0 0 0 0 0 0 0 0 0 0 0 0 0 0 0 0 0 0 0 0
0 0 0 0 0 0 0 0 0 0 0 0 0 0 0 0 0 0 0 0 0 0 0 0 0 0 0 0 0 0 0 0 0 0 0 0
0 0 0 0 0 0 0 0 0 0 0 0 0 0 0 0 0 0 0 0 0 0 0 0 0 0 0 0 0 0 0 0 0 0 0 0
0 0 0 0 0 0 0 0 0 0 0 0 0 0 0 0 0 0 0 0 0
##$SHL_SFCOEFFS11= (0..200)
0 0 0 0 0 0 0 0 0 0 0 0 0 0 0 0 0 0 0 0 0 0 0 0 0 0 0 0 0 0 0 0 0 0 0 0
0 0 0 0 0 0 0 0 0 0 0 0 0 0 0 0 0 0 0 0 0 0 0 0 0 0 0 0 0 0 0 0 0 0 0 0
0 0 0 0 0 0 0 0 0 0 0 0 0 0 0 0 0 0 0 0 0 0 0 0 0 0 0 0 0 0 0 0 0 0 0 0
0 0 0 0 0 0 0 0 0 0 0 0 0 0 0 0 0 0 0 0 0 0 0 0 0 0 0 0 0 0 0 0 0 0 0 0
0 0 0 0 0 0 0 0 0 0 0 0 0 0 0 0 0 0 0 0 0 0 0 0 0 0 0 0 0 0 0 0 0 0 0 0
0 0 0 0 0 0 0 0 0 0 0 0 0 0 0 0 0 0 0 0 0
##$SHL_SFCOEFFS12= (0..200)
0 0 0 0 0 0 0 0 0 0 0 0 0 0 0 0 0 0 0 0 0 0 0 0 0 0 0 0 0 0 0 0 0 0 0 0
0 0 0 0 0 0 0 0 0 0 0 0 0 0 0 0 0 0 0 0 0 0 0 0 0 0 0 0 0 0 0 0 0 0 0 0
0 0 0 0 0 0 0 0 0 0 0 0 0 0 0 0 0 0 0 0 0 0 0 0 0 0 0 0 0 0 0 0 0 0 0 0
0 0 0 0 0 0 0 0 0 0 0 0 0 0 0 0 0 0 0 0 0 0 0 0 0 0 0 0 0 0 0 0 0 0 0 0
0 0 0 0 0 0 0 0 0 0 0 0 0 0 0 0 0 0 0 0 0 0 0 0 0 0 0 0 0 0 0 0 0 0 0 0
0 0 0 0 0 0 0 0 0 0 0 0 0 0 0 0 0 0 0 0 0
##$SHL_SFCOEFFS13= (0..200)
0 0 0 0 0 0 0 0 0 0 0 0 0 0 0 0 0 0 0 0 0 0 0 0 0 0 0 0 0 0 0 0 0 0 0 0
0 0 0 0 0 0 0 0 0 0 0 0 0 0 0 0 0 0 0 0 0 0 0 0 0 0 0 0 0 0 0 0 0 0 0 0
0 0 0 0 0 0 0 0 0 0 0 0 0 0 0 0 0 0 0 0 0 0 0 0 0 0 0 0 0 0 0 0 0 0 0 0
0 0 0 0 0 0 0 0 0 0 0 0 0 0 0 0 0 0 0 0 0 0 0 0 0 0 0 0 0 0 0 0 0 0 0 0
0 0 0 0 0 0 0 0 0 0 0 0 0 0 0 0 0 0 0 0 0 0 0 0 0 0 0 0 0 0 0 0 0 0 0 0
0 0 0 0 0 0 0 0 0 0 0 0 0 0 0 0 0 0 0 0 0
##$SHL_SFCOEFFS14= (0..200)
0 0 0 0 0 0 0 0 0 0 0 0 0 0 0 0 0 0 0 0 0 0 0 0 0 0 0 0 0 0 0 0 0 0 0 0
0 0 0 0 0 0 0 0 0 0 0 0 0 0 0 0 0 0 0 0 0 0 0 0 0 0 0 0 0 0 0 0 0 0 0 0
0 0 0 0 0 0 0 0 0 0 0 0 0 0 0 0 0 0 0 0 0 0 0 0 0 0 0 0 0 0 0 0 0 0 0 0
0 0 0 0 0 0 0 0 0 0 0 0 0 0 0 0 0 0 0 0 0 0 0 0 0 0 0 0 0 0 0 0 0 0 0 0
0 0 0 0 0 0 0 0 0 0 0 0 0 0 0 0 0 0 0 0 0 0 0 0 0 0 0 0 0 0 0 0 0 0 0 0
0 0 0 0 0 0 0 0 0 0 0 0 0 0 0 0 0 0 0 0 0
##$SHL_SFCOEFFS15= (0..200)
0 0 0 0 0 0 0 0 0 0 0 0 0 0 0 0 0 0 0 0 0 0 0 0 0 0 0 0 0 0 0 0 0 0 0 0
0 0 0 0 0 0 0 0 0 0 0 0 0 0 0 0 0 0 0 0 0 0 0 0 0 0 0 0 0 0 0 0 0 0 0 0
0 0 0 0 0 0 0 0 0 0 0 0 0 0 0 0 0 0 0 0 0 0 0 0 0 0 0 0 0 0 0 0 0 0 0 0
0 0 0 0 0 0 0 0 0 0 0 0 0 0 0 0 0 0 0 0 0 0 0 0 0 0 0 0 0 0 0 0 0 0 0 0
0 0 0 0 0 0 0 0 0 0 0 0 0 0 0 0 0 0 0 0 0 0 0 0 0 0 0 0 0 0 0 0 0 0 0 0
0 0 0 0 0 0 0 0 0 0 0 0 0 0 0 0 0 0 0 0 0
##$SHL_SFCOEFFS2= (0..200)
0 0 0 0 0 0 0 0 0 0 0 0 0 0 0 0 0 0 0 0 0 0 0 0 0 0 0 0 0 0 0 0 0 0 0 0
0 0 0 0 0 0 0 0 0 0 0 0 0 0 0 0 0 0 0 0 0 0 0 0 0 0 0 0 0 0 0 0 0 0 0 0
0 0 0 0 0 0 0 0 0 0 0 0 0 0 0 0 0 0 0 0 0 0 0 0 0 0 0 0 0 0 0 0 0 0 0 0
0 0 0 0 0 0 0 0 0 0 0 0 0 0 0 0 0 0 0 0 0 0 0 0 0 0 0 0 0 0 0 0 0 0 0 0
0 0 0 0 0 0 0 0 0 0 0 0 0 0 0 0 0 0 0 0 0 0 0 0 0 0 0 0 0 0 0 0 0 0 0 0
0 0 0 0 0 0 0 0 0 0 0 0 0 0 0 0 0 0 0 0 0
##$SHL_SFCOEFFS3= (0..200)
0 0 0 0 0 0 0 0 0 0 0 0 0 0 0 0 0 0 0 0 0 0 0 0 0 0 0 0 0 0 0 0 0 0 0 0
0 0 0 0 0 0 0 0 0 0 0 0 0 0 0 0 0 0 0 0 0 0 0 0 0 0 0 0 0 0 0 0 0 0 0 0
0 0 0 0 0 0 0 0 0 0 0 0 0 0 0 0 0 0 0 0 0 0 0 0 0 0 0 0 0 0 0 0 0 0 0 0
0 0 0 0 0 0 0 0 0 0 0 0 0 0 0 0 0 0 0 0 0 0 0 0 0 0 0 0 0 0 0 0 0 0 0 0
0 0 0 0 0 0 0 0 0 0 0 0 0 0 0 0 0 0 0 0 0 0 0 0 0 0 0 0 0 0 0 0 0 0 0 0
0 0 0 0 0 0 0 0 0 0 0 0 0 0 0 0 0 0 0 0 0
##$SHL_SFCOEFFS4= (0..200)
0 0 0 0 0 0 0 0 0 0 0 0 0 0 0 0 0 0 0 0 0 0 0 0 0 0 0 0 0 0 0 0 0 0 0 0
0 0 0 0 0 0 0 0 0 0 0 0 0 0 0 0 0 0 0 0 0 0 0 0 0 0 0 0 0 0 0 0 0 0 0 0
0 0 0 0 0 0 0 0 0 0 0 0 0 0 0 0 0 0 0 0 0 0 0 0 0 0 0 0 0 0 0 0 0 0 0 0
0 0 0 0 0 0 0 0 0 0 0 0 0 0 0 0 0 0 0 0 0 0 0 0 0 0 0 0 0 0 0 0 0 0 0 0
0 0 0 0 0 0 0 0 0 0 0 0 0 0 0 0 0 0 0 0 0 0 0 0 0 0 0 0 0 0 0 0 0 0 0 0
0 0 0 0 0 0 0 0 0 0 0 0 0 0 0 0 0 0 0 0 0
##$SHL_SFCOEFFS5= (0..200)
0 0 0 0 0 0 0 0 0 0 0 0 0 0 0 0 0 0 0 0 0 0 0 0 0 0 0 0 0 0 0 0 0 0 0 0
0 0 0 0 0 0 0 0 0 0 0 0 0 0 0 0 0 0 0 0 0 0 0 0 0 0 0 0 0 0 0 0 0 0 0 0
0 0 0 0 0 0 0 0 0 0 0 0 0 0 0 0 0 0 0 0 0 0 0 0 0 0 0 0 0 0 0 0 0 0 0 0
0 0 0 0 0 0 0 0 0 0 0 0 0 0 0 0 0 0 0 0 0 0 0 0 0 0 0 0 0 0 0 0 0 0 0 0
0 0 0 0 0 0 0 0 0 0 0 0 0 0 0 0 0 0 0 0 0 0 0 0 0 0 0 0 0 0 0 0 0 0 0 0
0 0 0 0 0 0 0 0 0 0 0 0 0 0 0 0 0 0 0 0 0
##$SHL_SFCOEFFS6= (0..200)
0 0 0 0 0 0 0 0 0 0 0 0 0 0 0 0 0 0 0 0 0 0 0 0 0 0 0 0 0 0 0 0 0 0 0 0
0 0 0 0 0 0 0 0 0 0 0 0 0 0 0 0 0 0 0 0 0 0 0 0 0 0 0 0 0 0 0 0 0 0 0 0
0 0 0 0 0 0 0 0 0 0 0 0 0 0 0 0 0 0 0 0 0 0 0 0 0 0 0 0 0 0 0 0 0 0 0 0
0 0 0 0 0 0 0 0 0 0 0 0 0 0 0 0 0 0 0 0 0 0 0 0 0 0 0 0 0 0 0 0 0 0 0 0
0 0 0 0 0 0 0 0 0 0 0 0 0 0 0 0 0 0 0 0 0 0 0 0 0 0 0 0 0 0 0 0 0 0 0 0
0 0 0 0 0 0 0 0 0 0 0 0 0 0 0 0 0 0 0 0 0
##$SHL_SFCOEFFS7= (0..200)
0 0 0 0 0 0 0 0 0 0 0 0 0 0 0 0 0 0 0 0 0 0 0 0 0 0 0 0 0 0 0 0 0 0 0 0
0 0 0 0 0 0 0 0 0 0 0 0 0 0 0 0 0 0 0 0 0 0 0 0 0 0 0 0 0 0 0 0 0 0 0 0
0 0 0 0 0 0 0 0 0 0 0 0 0 0 0 0 0 0 0 0 0 0 0 0 0 0 0 0 0 0 0 0 0 0 0 0
0 0 0 0 0 0 0 0 0 0 0 0 0 0 0 0 0 0 0 0 0 0 0 0 0 0 0 0 0 0 0 0 0 0 0 0
0 0 0 0 0 0 0 0 0 0 0 0 0 0 0 0 0 0 0 0 0 0 0 0 0 0 0 0 0 0 0 0 0 0 0 0
0 0 0 0 0 0 0 0 0 0 0 0 0 0 0 0 0 0 0 0 0
##$SHL_SFCOEFFS8= (0..200)
0 0 0 0 0 0 0 0 0 0 0 0 0 0 0 0 0 0 0 0 0 0 0 0 0 0 0 0 0 0 0 0 0 0 0 0
0 0 0 0 0 0 0 0 0 0 0 0 0 0 0 0 0 0 0 0 0 0 0 0 0 0 0 0 0 0 0 0 0 0 0 0
0 0 0 0 0 0 0 0 0 0 0 0 0 0 0 0 0 0 0 0 0 0 0 0 0 0 0 0 0 0 0 0 0 0 0 0
0 0 0 0 0 0 0 0 0 0 0 0 0 0 0 0 0 0 0 0 0 0 0 0 0 0 0 0 0 0 0 0 0 0 0 0
0 0 0 0 0 0 0 0 0 0 0 0 0 0 0 0 0 0 0 0 0 0 0 0 0 0 0 0 0 0 0 0 0 0 0 0
0 0 0 0 0 0 0 0 0 0 0 0 0 0 0 0 0 0 0 0 0
##$SHL_SFCOEFFS9= (0..200)
0 0 0 0 0 0 0 0 0 0 0 0 0 0 0 0 0 0 0 0 0 0 0 0 0 0 0 0 0 0 0 0 0 0 0 0
0 0 0 0 0 0 0 0 0 0 0 0 0 0 0 0 0 0 0 0 0 0 0 0 0 0 0 0 0 0 0 0 0 0 0 0
0 0 0 0 0 0 0 0 0 0 0 0 0 0 0 0 0 0 0 0 0 0 0 0 0 0 0 0 0 0 0 0 0 0 0 0
0 0 0 0 0 0 0 0 0 0 0 0 0 0 0 0 0 0 0 0 0 0 0 0 0 0 0 0 0 0 0 0 0 0 0 0
0 0 0 0 0 0 0 0 0 0 0 0 0 0 0 0 0 0 0 0 0 0 0 0 0 0 0 0 0 0 0 0 0 0 0 0
0 0 0 0 0 0 0 0 0 0 0 0 0 0 0 0 0 0 0 0 0
##$SHL_SMOOTHED= (0..15)
0 0 0 0 0 0 0 0 0 0 0 0 0 0 0 0
##$SHL_SMOOTHING= (0..15)
0 0 0 0 0 0 0 0 0 0 0 0 0 0 0 0
##$SHL_SPOAL= (0..15)
0 0 0 0 0 0 0 0 0 0 0 0 0 0 0 0
##$SHL_SPOFFS= (0..15)
0 0 0 0 0 0 0 0 0 0 0 0 0 0 0 0
##$SHL_SPOPH= (0..15)
0 0 0 0 0 0 0 0 0 0 0 0 0 0 0 0
##$SHL_STARTAMP= (0..15)
0 0 0 0 0 0 0 0 0 0 0 0 0 0 0 0
##$SHL_SW= (0..15)
0 0 0 0 0 0 0 0 0 0 0 0 0 0 0 0
##$SHL_SWDIR= (0..15)
-1 -1 -1 -1 -1 -1 -1 -1 -1 -1 -1 -1 -1 -1 -1 -1
##$SHL_TANKAPPA= (0..15)
0 0 0 0 0 0 0 0 0 0 0 0 0 0 0 0
##$SHL_TOTROT= (0..15)
90 0 0 0 0 0 0 0 0 0 0 0 0 0 0 0
##$SHL_TRUNCLEV= (0..15)
0 0 0 0 0 0 0 0 0 0 0 0 0 0 0 0
##$SHL_TYPE= (0..15)
<Excitation> <> <> <> <> <> <> <> <> <> <> <> <> <> <> <>
##$SHL_WINDOWSIZE= (0..15)
0 0 0 0 0 0 0 0 0 0 0 0 0 0 0 0
##$SHL_ZETA= (0..15)
0 0 0 0 0 0 0 0 0 0 0 0 0 0 0 0
##NPOINTS= 1250
##XYPOINTS= (XY..XY)
60.261578, 109.305168
59.332988, 110.574612
58.397480, 111.853442
57.455408, 113.142124
56.507131, 114.441154
55.553014, 115.751064
54.593427, 117.072421
53.628750, 118.405834
52.659369, 119.751955
51.685677, 121.111481
50.708075, 122.485164
49.726974, 123.873809
48.742794, 125.278284
47.755966, 126.699522
46.766931, 128.138531
45.776142, 129.596396
44.784066, 131.074291
43.791184, 132.573484
42.797994, 134.095349
41.805008, 135.641372
40.812762, 137.213167
39.821808, 138.812486
38.832726, 140.441232
37.846118, 142.101474
36.862618, 143.795465
35.882890, 145.525660
34.907635, 147.294732
33.937595, 149.105598
32.973555, 150.961442
32.016351, 152.865733
31.066877, 154.822260
30.126088, 156.835155
29.195012, 158.908917
28.274757, 161.048446
27.366520, 163.259065
26.471597, 165.546543
25.591398, 167.917109
24.727457, 170.377461
23.881447, 172.934757
23.055192, 175.596587
22.250684, 178.370913
21.470094, 181.265980
20.715787, 184.290163
19.990327, 187.451767
19.296481, 190.758733
18.637220, 194.218263
18.015696, 197.836344
17.435220, 201.617165
16.899210, 205.562449
16.411126, 209.670727
15.974377, 213.936606
15.592205, 218.350133
15.267554, 222.896348
15.002923, 227.555147
14.800218, 232.301570
14.660626, 237.106545
14.584514, 241.938102
14.571376, 246.762920
14.619836, 251.548057
14.727704, 256.262622
14.892077, 260.879198
15.109482, 265.374861
15.376029, 269.731724
15.687569, 273.937031
16.039840, 277.982870
16.428590, 281.865635
16.849676, 285.585329
17.299136, 289.144832
17.773240, 292.549193
18.268513, 295.804993
18.781753, 298.919814
19.310028, 301.901798
19.850665, 304.759317
20.401242, 307.500719
20.959567, 310.134148
21.523660, 312.667423
22.091733, 315.107959
22.662174, 317.462728
23.233529, 319.738232
23.804483, 321.940512
24.373849, 324.075150
24.940551, 326.147294
25.503615, 328.161680
26.062155, 330.122656
26.615369, 332.034214
27.162523, 333.900015
27.702949, 335.723416
28.236036, 337.507495
28.761228, 339.255076
29.278011, 340.968752
29.785918, 342.650903
30.284517, 344.303717
30.773413, 345.929207
31.252241, 347.529227
31.720667, 349.105487
32.178382, 350.659563
32.625103, 352.192911
33.060567, 353.706881
33.484536, 355.202720
33.896787, 356.681585
34.297118, 358.144550
34.685342, 359.592616
35.061290, 1.026711
35.424805, 2.447702
35.775747, 3.856398
36.113986, 5.253554
36.439407, 6.639878
36.751907, 8.016034
37.051392, 9.382641
37.337781, 10.740286
37.611002, 12.089519
37.870994, 13.430856
38.117704, 14.764789
38.351090, 16.091778
38.571119, 17.412263
38.777764, 18.726658
38.971008, 20.035357
39.150843, 21.338735
39.317268, 22.637150
39.470288, 23.930941
39.609918, 25.220437
39.736179, 26.505947
39.849099, 27.787773
39.948714, 29.066201
40.035064, 30.341509
40.108200, 31.613965
40.168175, 32.883827
40.215051, 34.151346
40.248896, 35.416764
40.269783, 36.680319
40.277792, 37.942242
40.273010, 39.202756
40.255527, 40.462084
40.225442, 41.720442
40.182856, 42.978041
40.127879, 44.235093
40.060624, 45.491805
39.981212, 46.748381
39.889767, 48.005026
39.786419, 49.261942
39.671303, 50.519330
39.544560, 51.777393
39.406336, 53.036332
39.256780, 54.296351
39.096048, 55.557652
38.924301, 56.820440
38.741704, 58.084924
38.548426, 59.351313
38.344643, 60.619820
38.130532, 61.890659
37.906280, 63.164051
37.672073, 64.440220
37.428104, 65.719394
37.174572, 67.001807
36.911678, 68.287698
36.639628, 69.577313
36.358634, 70.870903
36.068909, 72.168730
35.770673, 73.471060
35.464151, 74.778169
35.149569, 76.090341
34.827160, 77.407872
34.497161, 78.731067
34.159811, 80.060241
33.815355, 81.395721
33.464044, 82.737849
33.106129, 84.086978
32.741868, 85.443474
32.371524, 86.807722
31.995361, 88.180118
31.613651, 89.561078
31.226669, 90.951034
30.834693, 92.350439
30.438006, 93.759763
30.036898, 95.179497
29.631661, 96.610156
29.222592, 98.052277
28.809994, 99.506420
28.394173, 100.973171
27.975442, 102.453144
27.554117, 103.946978
27.130522, 105.455344
26.704984, 106.978939
26.277837, 108.518497
25.849419, 110.074778
25.420076, 111.648581
24.990159, 113.240735
24.560026, 114.852106
24.130039, 116.483597
23.700571, 118.136146
23.271999, 119.810726
22.844708, 121.508348
22.419089, 123.230059
21.995543, 124.976939
21.574477, 126.750101
21.156306, 128.550690
20.741455, 130.379878
20.330354, 132.238859
19.923444, 134.128848
19.521172, 136.051069
19.123995, 138.006753
18.732377, 139.997125
18.346788, 142.023391
17.967707, 144.086732
17.595617, 146.188282
17.231010, 148.329113
16.874378, 150.510216
16.526219, 152.732477
16.187029, 154.996654
15.857305, 157.303351
15.537541, 159.652983
15.228221, 162.045754
14.929824, 164.481617
14.642812, 166.960245
14.367631, 169.481001
14.104703, 172.042902
13.854427, 174.644595
13.617164, 177.284331
13.393243, 179.959946
13.182945, 182.668854
12.986506, 185.408039
12.804107, 188.174067
12.635869, 190.963099
12.481853, 193.770926
12.342049, 196.593004
12.216383, 199.424509
12.104708, 202.260398
12.006804, 205.095474
11.922383, 207.924461
11.851088, 210.742082
11.792498, 213.543133
11.746130, 216.322555
11.711446, 219.075504
11.687857, 221.797409
11.674735, 224.484020
11.671413, 227.131450
11.677197, 229.736201
11.691373, 232.295179
11.713210, 234.805701
11.741975, 237.265490
11.776928, 239.672665
11.817340, 242.025715
11.862487, 244.323481
11.911662, 246.565123
11.964177, 248.750089
12.019364, 250.878082
12.076582, 252.949025
12.135214, 254.963032
12.194673, 256.920374
12.254401, 258.821449
12.313871, 260.666755
12.372587, 262.456865
12.430084, 264.192403
12.485929, 265.874024
12.539720, 267.502395
12.591087, 269.078182
12.639692, 270.602031
12.685224, 272.074558
12.727407, 273.496341
12.765993, 274.867907
12.800763, 276.189728
12.831528, 277.462211
12.858130, 278.685696
12.880437, 279.860452
12.898348, 280.986671
12.911791, 282.064466
12.920721, 283.093873
12.925124, 284.074844
12.925014, 285.007251
12.920434, 285.890885
12.911459, 286.725457
12.898192, 287.510601
12.880767, 288.245872
12.859352, 288.930756
12.834143, 289.564672
12.805373, 290.146973
12.773306, 290.676963
12.738241, 291.153897
12.700513, 291.576993
12.660492, 291.945449
12.618587, 292.258451
12.575243, 292.515195
12.530944, 292.714901
12.486212, 292.856840
12.441609, 292.940356
12.397736, 292.964894
12.355231, 292.930030
12.314771, 292.835505
12.277070, 292.681262
12.242875, 292.467479
12.212967, 292.194611
12.188153, 291.863427
12.169267, 291.475049
12.157161, 291.030984
12.152704, 290.533156
12.156770, 289.983932
12.170235, 289.386137
12.193965, 288.743059
12.228813, 288.058451
12.275606, 287.336504
12.335137, 286.581826
12.408155, 285.799392
12.495360, 284.994487
12.597391, 284.172639
12.714821, 283.339542
12.848152, 282.500966
12.997809, 281.662672
13.164138, 280.830324
13.347403, 280.009403
13.547787, 279.205128
13.765394, 278.422388
14.000252, 277.665689
14.252314, 276.939102
14.521466, 276.246240
14.807532, 275.590240
15.110277, 274.973755
15.429420, 274.398964
15.764631, 273.867589
16.115546, 273.380916
16.481766, 272.939829
16.862869, 272.544843
17.258410, 272.196142
17.667928, 271.893613
18.090948, 271.636889
18.526991, 271.425380
18.975568, 271.258314
19.436191, 271.134762
19.908368, 271.053674
20.391612, 271.013900
20.885437, 271.014219
21.389363, 271.053354
21.902913, 271.129996
22.425619, 271.242815
22.957017, 271.390474
23.496651, 271.571642
24.044072, 271.785002
24.598838, 272.029258
25.160513, 272.303142
25.728672, 272.605415
26.302891, 272.934876
26.882758, 273.290363
27.467866, 273.670750
28.057812, 274.074955
28.652202, 274.501937
29.250646, 274.950696
29.852762, 275.420273
30.458171, 275.909752
31.066499, 276.418254
31.677378, 276.944940
32.290444, 277.489011
32.905339, 278.049703
33.521707, 278.626286
34.139196, 279.218067
34.757461, 279.824384
35.376156, 280.444606
35.994942, 281.078134
36.613482, 281.724395
37.231443, 282.382845
37.848494, 283.052967
38.464308, 283.734265
39.078560, 284.426271
39.690930, 285.128536
40.301097, 285.840636
40.908747, 286.562162
41.513566, 287.292730
42.115243, 288.031970
42.713470, 288.779532
43.307942, 289.535079
43.898355, 290.298294
44.484409, 291.068872
45.065806, 291.846522
45.642251, 292.630967
46.213450, 293.421944
46.779114, 294.219198
47.338954, 295.022489
47.892686, 295.831587
48.440026, 296.646272
48.980695, 297.466332
49.514415, 298.291567
50.040912, 299.121784
50.559913, 299.956799
51.071149, 300.796435
51.574354, 301.640523
52.069264, 302.488901
52.555619, 303.341415
53.033160, 304.197916
53.501633, 305.058261
53.960786, 305.922313
54.410371, 306.789942
54.850141, 307.661020
55.279854, 308.535427
55.699271, 309.413046
56.108156, 310.293767
56.506277, 311.177480
56.893404, 312.064084
57.269311, 312.953477
57.633778, 313.845565
57.986584, 314.740254
58.327515, 315.637457
58.656359, 316.537086
58.972910, 317.439060
59.276962, 318.343298
59.568317, 319.249724
59.846778, 320.158262
60.112154, 321.068841
60.364256, 321.981391
60.602900, 322.895844
60.827907, 323.812136
61.039100, 324.730203
61.236309, 325.649983
61.419367, 326.571418
61.588110, 327.494449
61.742381, 328.419021
61.882025, 329.345079
62.006893, 330.272569
62.116840, 331.201441
62.211727, 332.131644
62.291416, 333.063129
62.355778, 333.995847
62.404686, 334.929753
62.438019, 335.864800
62.455660, 336.800944
62.457497, 337.738140
62.443423, 338.676346
62.413336, 339.615518
62.367140, 340.555616
62.304742, 341.496599
62.226056, 342.438425
62.130998, 343.381055
62.019494, 344.324450
61.891470, 345.268569
61.746860, 346.213374
61.585604, 347.158827
61.407644, 348.104888
61.212930, 349.051520
61.001417, 349.998683
60.773064, 350.946340
60.527835, 351.894451
60.265702, 352.842978
59.986640, 353.791882
59.690630, 354.741122
59.377658, 355.690659
59.047716, 356.640452
58.700800, 357.590460
58.336915, 358.540639
57.956067, 359.490948
57.558269, 0.441342
57.143542, 1.391775
56.711908, 2.342201
56.263398, 3.292572
55.798046, 4.242836
55.315893, 5.192943
54.816985, 6.142838
54.301374, 7.092466
53.769116, 8.041766
53.220273, 8.990678
52.654913, 9.939136
52.073108, 10.887072
51.474939, 11.834414
50.860487, 12.781086
50.229843, 13.727005
49.583101, 14.672086
48.920360, 15.616235
48.241727, 16.559355
47.547311, 17.501340
46.837228, 18.442074
46.111600, 19.381436
45.370554, 20.319293
44.614220, 21.255500
43.842736, 22.189900
43.056244, 23.122324
42.254891, 24.052585
41.438831, 24.980477
40.608222, 25.905777
39.763226, 26.828237
38.904012, 27.747582
38.030755, 28.663508
37.143633, 29.575678
36.242830, 30.483712
35.328537, 31.387186
34.400949, 32.285624
33.460268, 33.178485
32.506698, 34.065159
31.540455, 34.944946
30.561755, 35.817049
29.570823, 36.680547
28.567893, 37.534377
27.553202, 38.377300
26.526996, 39.207867
25.489531, 40.024368
24.441072, 40.824775
23.381892, 41.606658
22.312279, 42.367090
21.232536, 43.102500
20.142982, 43.808498
19.043957, 44.479619
17.935831, 45.108973
16.819010, 45.687756
15.693945, 46.204532
14.561155, 46.644176
13.421255, 46.986270
12.274991, 47.202581
11.123321, 47.252970
9.967531, 47.078462
8.809448, 46.588928
7.651859, 45.639923
6.499359, 43.986049
5.360260, 41.179345
4.251411, 36.328146
3.211988, 27.489046
2.346433, 10.370978
1.919564, 339.862648
2.212387, 307.036313
3.028795, 287.285365
4.068999, 277.131268
5.203501, 271.639405
6.384508, 268.490644
7.592077, 266.637330
8.816618, 265.563660
10.052935, 264.991972
11.297916, 264.761153
12.549533, 264.771834
13.806369, 264.959609
15.067363, 265.280987
16.331678, 265.705583
17.598623, 266.211544
18.867603, 266.782766
20.138090, 267.407119
21.409602, 268.075303
22.681693, 268.780064
23.953939, 269.515665
25.225938, 270.277510
26.497300, 271.061873
27.767646, 271.865701
29.036607, 272.686470
30.303820, 273.522077
31.568928, 274.370750
32.831578, 275.230993
34.091421, 276.101528
35.348113, 276.981260
36.601310, 277.869244
37.850673, 278.764662
39.095863, 279.666798
40.336546, 280.575030
41.572388, 281.488806
42.803057, 282.407642
44.028224, 283.331108
45.247561, 284.258821
46.460741, 285.190441
47.667441, 286.125661
48.867338, 287.064207
50.060112, 288.005832
51.245444, 288.950312
52.423017, 289.897446
53.592517, 290.847050
54.753632, 291.798956
55.906051, 292.753013
57.049466, 293.709082
58.183572, 294.667033
59.308064, 295.626752
60.422642, 296.588129
61.527008, 297.551066
62.620865, 298.515470
63.703919, 299.481258
64.775882, 300.448351
65.836464, 301.416677
66.885381, 302.386166
67.922352, 303.356757
68.947097, 304.328392
69.959340, 305.301014
70.958810, 306.274574
71.945236, 307.249023
72.918354, 308.224316
73.877901, 309.200412
74.823617, 310.177271
75.755249, 311.154855
76.672543, 312.133130
77.575253, 313.112063
78.463134, 314.091622
79.335946, 315.071778
80.193453, 316.052503
81.035423, 317.033771
81.861628, 318.015557
82.671843, 318.997837
83.465849, 319.980588
84.243431, 320.963789
85.004378, 321.947420
85.748483, 322.931460
86.475544, 323.915892
87.185364, 324.900697
87.877749, 325.885859
88.552512, 326.871361
89.209468, 327.857187
89.848439, 328.843323
90.469252, 329.829755
91.071736, 330.816467
91.655728, 331.803448
92.221069, 332.790684
92.767605, 333.778163
93.295186, 334.765873
93.803669, 335.753803
94.292916, 336.741940
94.762791, 337.730275
95.213169, 338.718797
95.643924, 339.707495
96.054941, 340.696361
96.446105, 341.685383
96.817312, 342.674553
97.168459, 343.663861
97.499450, 344.653299
97.810195, 345.642858
98.100608, 346.632529
98.370611, 347.622304
98.620130, 348.612174
98.849096, 349.602131
99.057447, 350.592168
99.245125, 351.582276
99.412080, 352.572448
99.558266, 353.562676
99.683642, 354.552952
99.788175, 355.543269
99.871836, 356.533619
99.934601, 357.523995
99.976454, 358.514390
99.997384, 359.504795
99.997384, 0.495205
99.976454, 1.485610
99.934601, 2.476005
99.871836, 3.466381
99.788175, 4.456731
99.683642, 5.447048
99.558266, 6.437324
99.412080, 7.427552
99.245125, 8.417724
99.057447, 9.407832
98.849096, 10.397869
98.620130, 11.387826
98.370611, 12.377696
98.100608, 13.367471
97.810195, 14.357142
97.499450, 15.346701
97.168459, 16.336139
96.817312, 17.325447
96.446105, 18.314617
96.054941, 19.303639
95.643924, 20.292505
95.213169, 21.281203
94.762791, 22.269725
94.292916, 23.258060
93.803669, 24.246197
93.295186, 25.234127
92.767605, 26.221837
92.221069, 27.209316
91.655728, 28.196552
91.071736, 29.183533
90.469252, 30.170245
89.848439, 31.156677
89.209468, 32.142813
88.552512, 33.128639
87.877749, 34.114141
87.185364, 35.099303
86.475544, 36.084108
85.748483, 37.068540
85.004378, 38.052580
84.243431, 39.036211
83.465849, 40.019412
82.671843, 41.002163
81.861628, 41.984443
81.035423, 42.966229
80.193453, 43.947497
79.335946, 44.928222
78.463134, 45.908378
77.575253, 46.887937
76.672543, 47.866870
75.755249, 48.845145
74.823617, 49.822729
73.877901, 50.799588
72.918354, 51.775684
71.945236, 52.750977
70.958810, 53.725426
69.959340, 54.698986
68.947097, 55.671608
67.922352, 56.643243
66.885381, 57.613834
65.836464, 58.583323
64.775882, 59.551649
63.703919, 60.518742
62.620865, 61.484530
61.527008, 62.448934
60.422642, 63.411871
59.308064, 64.373248
58.183572, 65.332967
57.049466, 66.290918
55.906051, 67.246987
54.753632, 68.201044
53.592517, 69.152950
52.423017, 70.102554
51.245444, 71.049688
50.060112, 71.994168
48.867338, 72.935793
47.667441, 73.874339
46.460741, 74.809559
45.247561, 75.741179
44.028224, 76.668892
42.803057, 77.592358
41.572388, 78.511194
40.336546, 79.424970
39.095863, 80.333202
37.850673, 81.235338
36.601310, 82.130756
35.348113, 83.018740
34.091421, 83.898472
32.831578, 84.769007
31.568928, 85.629250
30.303820, 86.477923
29.036607, 87.313530
27.767646, 88.134299
26.497300, 88.938127
25.225938, 89.722490
23.953939, 90.484335
22.681693, 91.219936
21.409602, 91.924697
20.138090, 92.592881
18.867603, 93.217234
17.598623, 93.788456
16.331678, 94.294417
15.067363, 94.719013
13.806369, 95.040391
12.549533, 95.228166
11.297916, 95.238847
10.052935, 95.008028
8.816618, 94.436340
7.592077, 93.362670
6.384508, 91.509356
5.203501, 88.360595
4.068999, 82.868732
3.028795, 72.714635
2.212387, 52.963687
1.919564, 20.137352
2.346433, 349.629022
3.211988, 332.510954
4.251411, 323.671854
5.360260, 318.820655
6.499359, 316.013951
7.651859, 314.360077
8.809448, 313.411072
9.967531, 312.921538
11.123321, 312.747030
12.274991, 312.797419
13.421255, 313.013730
14.561155, 313.355824
15.693945, 313.795468
16.819010, 314.312244
17.935831, 314.891027
19.043957, 315.520381
20.142982, 316.191502
21.232536, 316.897500
22.312279, 317.632910
23.381892, 318.393342
24.441072, 319.175225
25.489531, 319.975632
26.526996, 320.792133
27.553202, 321.622700
28.567893, 322.465623
29.570823, 323.319453
30.561755, 324.182951
31.540455, 325.055054
32.506698, 325.934841
33.460268, 326.821515
34.400949, 327.714376
35.328537, 328.612814
36.242830, 329.516288
37.143633, 330.424322
38.030755, 331.336492
38.904012, 332.252418
39.763226, 333.171763
40.608222, 334.094223
41.438831, 335.019523
42.254891, 335.947415
43.056244, 336.877676
43.842736, 337.810100
44.614220, 338.744500
45.370554, 339.680707
46.111600, 340.618564
46.837228, 341.557926
47.547311, 342.498660
48.241727, 343.440645
48.920360, 344.383765
49.583101, 345.327914
50.229843, 346.272995
50.860487, 347.218914
51.474939, 348.165586
52.073108, 349.112928
52.654913, 350.060864
53.220273, 351.009322
53.769116, 351.958234
54.301374, 352.907534
54.816985, 353.857162
55.315893, 354.807057
55.798046, 355.757164
56.263398, 356.707428
56.711908, 357.657799
57.143542, 358.608225
57.558269, 359.558658
57.956067, 0.509052
58.336915, 1.459361
58.700800, 2.409540
59.047716, 3.359548
59.377658, 4.309341
59.690630, 5.258878
59.986640, 6.208118
60.265702, 7.157022
60.527835, 8.105549
60.773064, 9.053660
61.001417, 10.001317
61.212930, 10.948480
61.407644, 11.895112
61.585604, 12.841173
61.746860, 13.786626
61.891470, 14.731431
62.019494, 15.675550
62.130998, 16.618945
62.226056, 17.561575
62.304742, 18.503401
62.367140, 19.444384
62.413336, 20.384482
62.443423, 21.323654
62.457497, 22.261860
62.455660, 23.199056
62.438019, 24.135200
62.404686, 25.070247
62.355778, 26.004153
62.291416, 26.936871
62.211727, 27.868356
62.116840, 28.798559
62.006893, 29.727431
61.882025, 30.654921
61.742381, 31.580979
61.588110, 32.505551
61.419367, 33.428582
61.236309, 34.350017
61.039100, 35.269797
60.827907, 36.187864
60.602900, 37.104156
60.364256, 38.018609
60.112154, 38.931159
59.846778, 39.841738
59.568317, 40.750276
59.276962, 41.656702
58.972910, 42.560940
58.656359, 43.462914
58.327515, 44.362543
57.986584, 45.259746
57.633778, 46.154435
57.269311, 47.046523
56.893404, 47.935916
56.506277, 48.822520
56.108156, 49.706233
55.699271, 50.586954
55.279854, 51.464573
54.850141, 52.338980
54.410371, 53.210058
53.960786, 54.077687
53.501633, 54.941739
53.033160, 55.802084
52.555619, 56.658585
52.069264, 57.511099
51.574354, 58.359477
51.071149, 59.203565
50.559913, 60.043201
50.040912, 60.878216
49.514415, 61.708433
48.980695, 62.533668
48.440026, 63.353728
47.892686, 64.168413
47.338954, 64.977511
46.779114, 65.780802
46.213450, 66.578056
45.642251, 67.369033
45.065806, 68.153478
44.484409, 68.931128
43.898355, 69.701706
43.307942, 70.464921
42.713470, 71.220468
42.115243, 71.968030
41.513566, 72.707270
40.908747, 73.437838
40.301097, 74.159364
39.690930, 74.871464
39.078560, 75.573729
38.464308, 76.265735
37.848494, 76.947033
37.231443, 77.617155
36.613482, 78.275605
35.994942, 78.921866
35.376156, 79.555394
34.757461, 80.175616
34.139196, 80.781933
33.521707, 81.373714
32.905339, 81.950297
32.290444, 82.510989
31.677378, 83.055060
31.066499, 83.581746
30.458171, 84.090248
29.852762, 84.579727
29.250646, 85.049304
28.652202, 85.498063
28.057812, 85.925045
27.467866, 86.329250
26.882758, 86.709637
26.302891, 87.065124
25.728672, 87.394585
25.160513, 87.696858
24.598838, 87.970742
24.044072, 88.214998
23.496651, 88.428358
22.957017, 88.609526
22.425619, 88.757185
21.902913, 88.870004
21.389363, 88.946646
20.885437, 88.985781
20.391612, 88.986100
19.908368, 88.946326
19.436191, 88.865238
18.975568, 88.741686
18.526991, 88.574620
18.090948, 88.363111
17.667928, 88.106387
17.258410, 87.803858
16.862869, 87.455157
16.481766, 87.060171
16.115546, 86.619084
15.764631, 86.132411
15.429420, 85.601036
15.110277, 85.026245
14.807532, 84.409760
14.521466, 83.753760
14.252314, 83.060898
14.000252, 82.334311
13.765394, 81.577612
13.547787, 80.794872
13.347403, 79.990597
13.164138, 79.169676
12.997809, 78.337328
12.848152, 77.499034
12.714821, 76.660458
12.597391, 75.827361
12.495360, 75.005513
12.408155, 74.200608
12.335137, 73.418174
12.275606, 72.663496
12.228813, 71.941549
12.193965, 71.256941
12.170235, 70.613863
12.156770, 70.016068
12.152704, 69.466844
12.157161, 68.969016
12.169267, 68.524951
12.188153, 68.136573
12.212967, 67.805389
12.242875, 67.532521
12.277070, 67.318738
12.314771, 67.164495
12.355231, 67.069970
12.397736, 67.035106
12.441609, 67.059644
12.486212, 67.143160
12.530944, 67.285099
12.575243, 67.484805
12.618587, 67.741549
12.660492, 68.054551
12.700513, 68.423007
12.738241, 68.846103
12.773306, 69.323037
12.805373, 69.853027
12.834143, 70.435328
12.859352, 71.069244
12.880767, 71.754128
12.898192, 72.489399
12.911459, 73.274543
12.920434, 74.109115
12.925014, 74.992749
12.925124, 75.925156
12.920721, 76.906127
12.911791, 77.935534
12.898348, 79.013329
12.880437, 80.139548
12.858130, 81.314304
12.831528, 82.537789
12.800763, 83.810272
12.765993, 85.132093
12.727407, 86.503659
12.685224, 87.925442
12.639692, 89.397969
12.591087, 90.921818
12.539720, 92.497605
12.485929, 94.125976
12.430084, 95.807597
12.372587, 97.543135
12.313871, 99.333245
12.254401, 101.178551
12.194673, 103.079626
12.135214, 105.036968
12.076582, 107.050975
12.019364, 109.121918
11.964177, 111.249911
11.911662, 113.434877
11.862487, 115.676519
11.817340, 117.974285
11.776928, 120.327335
11.741975, 122.734510
11.713210, 125.194299
11.691373, 127.704821
11.677197, 130.263799
11.671413, 132.868550
11.674735, 135.515980
11.687857, 138.202591
11.711446, 140.924496
11.746130, 143.677445
11.792498, 146.456867
11.851088, 149.257918
11.922383, 152.075539
12.006804, 154.904526
12.104708, 157.739602
12.216383, 160.575491
12.342049, 163.406996
12.481853, 166.229074
12.635869, 169.036901
12.804107, 171.825933
12.986506, 174.591961
13.182945, 177.331146
13.393243, 180.040054
13.617164, 182.715669
13.854427, 185.355405
14.104703, 187.957098
14.367631, 190.518999
14.642812, 193.039755
14.929824, 195.518383
15.228221, 197.954246
15.537541, 200.347017
15.857305, 202.696649
16.187029, 205.003346
16.526219, 207.267523
16.874378, 209.489784
17.231010, 211.670887
17.595617, 213.811718
17.967707, 215.913268
18.346788, 217.976609
18.732377, 220.002875
19.123995, 221.993247
19.521172, 223.948931
19.923444, 225.871152
20.330354, 227.761141
20.741455, 229.620122
21.156306, 231.449310
21.574477, 233.249899
21.995543, 235.023061
22.419089, 236.769941
22.844708, 238.491652
23.271999, 240.189274
23.700571, 241.863854
24.130039, 243.516403
24.560026, 245.147894
24.990159, 246.759265
25.420076, 248.351419
25.849419, 249.925222
26.277837, 251.481503
26.704984, 253.021061
27.130522, 254.544656
27.554117, 256.053022
27.975442, 257.546856
28.394173, 259.026829
28.809994, 260.493580
29.222592, 261.947723
29.631661, 263.389844
30.036898, 264.820503
30.438006, 266.240237
30.834693, 267.649561
31.226669, 269.048966
31.613651, 270.438922
31.995361, 271.819882
32.371524, 273.192278
32.741868, 274.556526
33.106129, 275.913022
33.464044, 277.262151
33.815355, 278.604279
34.159811, 279.939759
34.497161, 281.268933
34.827160, 282.592128
35.149569, 283.909659
35.464151, 285.221831
35.770673, 286.528940
36.068909, 287.831270
36.358634, 289.129097
36.639628, 290.422687
36.911678, 291.712302
37.174572, 292.998193
37.428104, 294.280606
37.672073, 295.559780
37.906280, 296.835949
38.130532, 298.109341
38.344643, 299.380180
38.548426, 300.648687
38.741704, 301.915076
38.924301, 303.179560
39.096048, 304.442348
39.256780, 305.703649
39.406336, 306.963668
39.544560, 308.222607
39.671303, 309.480670
39.786419, 310.738058
39.889767, 311.994974
39.981212, 313.251619
40.060624, 314.508195
40.127879, 315.764907
40.182856, 317.021959
40.225442, 318.279558
40.255527, 319.537916
40.273010, 320.797244
40.277792, 322.057758
40.269783, 323.319681
40.248896, 324.583236
40.215051, 325.848654
40.168175, 327.116173
40.108200, 328.386035
40.035064, 329.658491
39.948714, 330.933799
39.849099, 332.212227
39.736179, 333.494053
39.609918, 334.779563
39.470288, 336.069059
39.317268, 337.362850
39.150843, 338.661265
38.971008, 339.964643
38.777764, 341.273342
38.571119, 342.587737
38.351090, 343.908222
38.117704, 345.235211
37.870994, 346.569144
37.611002, 347.910481
37.337781, 349.259714
37.051392, 350.617359
36.751907, 351.983966
36.439407, 353.360122
36.113986, 354.746446
35.775747, 356.143602
35.424805, 357.552298
35.061290, 358.973289
34.685342, 0.407384
34.297118, 1.855450
33.896787, 3.318415
33.484536, 4.797280
33.060567, 6.293119
32.625103, 7.807089
32.178382, 9.340437
31.720667, 10.894513
31.252241, 12.470773
30.773413, 14.070793
30.284517, 15.696283
29.785918, 17.349097
29.278011, 19.031248
28.761228, 20.744924
28.236036, 22.492505
27.702949, 24.276584
27.162523, 26.099985
26.615369, 27.965786
26.062155, 29.877344
25.503615, 31.838320
24.940551, 33.852706
24.373849, 35.924850
23.804483, 38.059488
23.233529, 40.261768
22.662174, 42.537272
22.091733, 44.892041
21.523660, 47.332577
20.959567, 49.865852
20.401242, 52.499281
19.850665, 55.240683
19.310028, 58.098202
18.781753, 61.080186
18.268513, 64.195007
17.773240, 67.450807
17.299136, 70.855168
16.849676, 74.414671
16.428590, 78.134365
16.039840, 82.017130
15.687569, 86.062969
15.376029, 90.268276
15.109482, 94.625139
14.892077, 99.120802
14.727704, 103.737378
14.619836, 108.451943
14.571376, 113.237080
14.584514, 118.061898
14.660626, 122.893455
14.800218, 127.698430
15.002923, 132.444853
15.267554, 137.103652
15.592205, 141.649867
15.974377, 146.063394
16.411126, 150.329273
16.899210, 154.437551
17.435220, 158.382835
18.015696, 162.163656
18.637220, 165.781737
19.296481, 169.241267
19.990327, 172.548233
20.715787, 175.709837
21.470094, 178.734020
22.250684, 181.629087
23.055192, 184.403413
23.881447, 187.065243
24.727457, 189.622539
25.591398, 192.082891
26.471597, 194.453457
27.366520, 196.740935
28.274757, 198.951554
29.195012, 201.091083
30.126088, 203.164845
31.066877, 205.177740
32.016351, 207.134267
32.973555, 209.038558
33.937595, 210.894402
34.907635, 212.705268
35.882890, 214.474340
36.862618, 216.204535
37.846118, 217.898526
38.832726, 219.558768
39.821808, 221.187514
40.812762, 222.786833
41.805008, 224.358628
42.797994, 225.904651
43.791184, 227.426516
44.784066, 228.925709
45.776142, 230.403604
46.766931, 231.861469
47.755966, 233.300478
48.742794, 234.721716
49.726974, 236.126191
50.708075, 237.514836
51.685677, 238.888519
52.659369, 240.248045
53.628750, 241.594166
54.593427, 242.927579
55.553014, 244.248936
56.507131, 245.558846
57.455408, 246.857876
58.397480, 248.146558
59.332988, 249.425388
60.261578, 250.694832
##END=
